520.430	0.000
520.800	0.000
521.169	57.000
521.539	57.000
521.909	48.000
522.278	71.000
522.648	58.000
523.017	60.000
523.387	68.000
523.756	62.000
524.125	58.000
524.494	73.000
524.864	55.000
525.233	62.000
525.602	62.000
525.971	60.000
526.340	60.000
526.709	63.000
527.078	58.000
527.447	69.000
527.816	119.222
528.185	335.333
528.553	552.333
528.922	758.778
529.291	947.000
529.659	1125.778
530.028	1265.778
530.396	1390.889
530.765	1496.222
531.133	1529.222
531.502	1394.444
531.870	1247.889
532.238	1106.444
532.606	982.556
532.975	866.111
533.343	792.333
533.711	745.889
534.079	745.778
534.447	792.889
534.815	894.667
535.183	1058.000
535.551	1269.556
535.919	1501.222
536.286	1764.222
536.654	2066.444
537.022	2370.444
537.389	2647.111
537.757	2922.222
538.125	3154.889
538.492	3287.111
538.859	3354.444
539.227	3362.000
539.594	3283.778
539.961	3098.000
540.329	2847.222
540.696	2558.444
541.063	2206.222
541.430	1837.667
541.797	1514.667
542.164	1215.444
542.531	972.333
542.898	809.444
543.265	742.333
543.632	732.333
543.999	785.000
544.366	917.000
544.732	1079.667
545.099	1276.889
545.466	1494.333
545.832	1739.889
546.199	1968.222
546.565	2172.667
546.932	2387.222
547.298	2536.667
547.664	2641.333
548.031	2719.667
548.397	2696.889
548.763	2649.667
549.129	2511.222
549.495	2316.556
549.861	2085.556
550.227	1828.778
550.593	1589.667
550.959	1353.889
551.325	1141.889
551.691	1042.111
552.057	970.000
552.422	974.444
552.788	1058.667
553.154	1188.111
553.519	1341.667
553.885	1538.667
554.250	1693.000
554.616	1829.667
554.981	1915.222
555.347	1939.333
555.712	1902.222
556.077	1827.889
556.443	1742.556
556.808	1653.889
557.173	1545.333
557.538	1491.778
557.903	1409.333
558.268	1330.333
558.633	1285.000
558.998	1256.111
559.363	1227.000
559.727	1182.444
560.092	1120.667
560.457	1057.333
560.822	986.889
561.186	964.667
561.551	979.889
561.915	1037.444
562.280	1142.444
562.644	1286.000
563.009	1519.000
563.373	1746.444
563.737	2015.556
564.102	2277.333
564.466	2423.556
564.830	2527.000
565.194	2581.667
565.558	2565.778
565.922	2486.889
566.286	2304.222
566.650	2105.000
567.014	1841.000
567.378	1555.000
567.741	1348.000
568.105	1149.222
568.469	966.667
568.833	827.111
569.196	735.556
569.560	696.333
569.923	707.556
570.287	779.000
570.650	899.889
571.013	1057.889
571.377	1262.222
571.740	1527.111
572.103	1779.333
572.466	2051.556
572.830	2329.111
573.193	2550.556
573.556	2777.556
573.919	2932.889
574.282	3000.000
574.645	3024.556
575.007	2928.889
575.370	2827.333
575.733	2677.889
576.096	2449.889
576.458	2260.111
576.821	2036.333
577.184	1845.333
577.546	1744.111
577.909	1648.556
578.271	1593.111
578.633	1568.222
578.996	1562.667
579.358	1583.556
579.720	1627.333
580.083	1640.222
580.445	1655.889
580.807	1688.889
581.169	1699.000
581.531	1734.889
581.893	1751.222
582.255	1751.889
582.617	1795.333
582.979	1822.111
583.340	1870.778
583.702	1945.000
584.064	1982.000
584.425	2006.889
584.787	2035.444
585.149	1999.889
585.510	1954.333
585.872	1866.444
586.233	1731.111
586.594	1611.889
586.956	1432.333
587.317	1251.000
587.678	1091.444
588.039	914.778
588.401	814.000
588.762	742.000
589.123	709.111
589.484	741.333
589.845	784.000
590.206	880.000
590.566	1015.778
590.927	1146.556
591.288	1304.333
591.649	1422.667
592.009	1503.667
592.370	1578.000
592.731	1584.556
593.091	1577.111
593.452	1553.556
593.812	1461.889
594.172	1367.111
594.533	1219.556
594.893	1090.889
595.253	996.667
595.614	877.111
595.974	804.667
596.334	731.444
596.694	656.333
597.054	641.000
597.414	637.333
597.774	668.889
598.134	725.222
598.494	775.444
598.853	852.889
599.213	913.889
599.573	966.111
599.932	1034.889
600.292	1052.889
600.652	1089.556
601.011	1080.111
601.371	1082.444
601.730	1077.000
602.089	1041.667
602.449	1023.667
602.808	1015.556
603.167	993.667
603.526	1014.111
603.886	995.778
604.245	1024.778
604.604	1009.444
604.963	1000.111
605.322	1007.333
605.681	991.333
606.040	971.222
606.398	945.000
606.757	898.111
607.116	868.889
607.475	831.111
607.833	850.000
608.192	872.444
608.550	911.333
608.909	984.889
609.267	1058.111
609.626	1165.222
609.984	1221.000
610.342	1305.000
610.701	1375.333
611.059	1397.222
611.417	1410.111
611.775	1368.222
612.133	1315.667
612.491	1223.333
612.849	1120.000
613.207	1068.000
613.565	1022.333
613.923	982.667
614.281	944.444
614.638	944.444
614.996	984.111
615.354	1046.667
615.711	1137.889
616.069	1186.222
616.427	1264.222
616.784	1315.444
617.141	1406.333
617.499	1492.222
617.856	1572.556
618.213	1676.889
618.571	1736.889
618.928	1898.667
619.285	2026.556
619.642	2147.222
619.999	2189.333
620.356	2188.889
620.713	2185.333
621.070	2129.778
621.427	2053.889
621.784	1947.778
622.141	1757.444
622.497	1591.556
622.854	1413.444
623.211	1303.111
623.567	1192.222
623.924	1097.000
624.280	1029.000
624.637	983.889
624.993	968.000
625.349	958.222
625.706	970.000
626.062	996.000
626.418	1028.556
626.774	1066.667
627.131	1115.778
627.487	1151.889
627.843	1203.667
628.199	1246.000
628.555	1324.111
628.911	1386.667
629.266	1460.111
629.622	1500.889
629.978	1547.222
630.334	1585.222
630.689	1595.667
631.045	1556.111
631.401	1480.889
631.756	1351.000
632.112	1226.222
632.467	1057.889
632.822	914.333
633.178	769.444
633.533	622.333
633.888	515.222
634.243	426.111
634.599	403.778
634.954	395.111
635.309	413.556
635.664	459.667
636.019	504.333
636.374	554.222
636.729	574.444
637.083	586.111
637.438	580.111
637.793	566.222
638.148	549.778
638.502	546.778
638.857	549.444
639.211	555.889
639.566	565.111
639.920	602.333
640.275	666.667
640.629	729.222
640.983	801.333
641.338	828.667
641.692	860.111
642.046	869.333
642.400	896.111
642.754	927.444
643.108	959.667
643.462	978.333
643.816	985.889
644.170	990.444
644.524	1011.222
644.878	1013.556
645.232	997.333
645.585	982.333
645.939	947.222
646.293	925.222
646.646	865.556
647.000	817.444
647.353	754.222
647.707	710.556
648.060	658.111
648.413	628.444
648.767	598.667
649.120	590.556
649.473	575.111
649.826	600.444
650.179	662.889
650.533	748.333
650.885	884.000
651.239	1017.889
651.591	1162.333
651.944	1264.778
652.297	1360.889
652.650	1432.667
653.003	1520.889
653.355	1552.222
653.708	1558.778
654.061	1477.444
654.413	1390.333
654.766	1255.111
655.118	1137.667
655.471	999.667
655.823	880.000
656.175	736.778
656.528	640.222
656.880	541.222
657.232	478.556
657.584	430.556
657.936	437.333
658.288	459.222
658.640	514.667
658.992	561.778
659.344	624.222
659.696	666.444
660.048	763.556
660.400	870.333
660.751	1012.111
661.103	1092.889
661.455	1185.444
661.806	1235.000
662.158	1325.000
662.509	1373.889
662.861	1433.444
663.212	1418.222
663.563	1411.000
663.915	1362.778
664.266	1368.889
664.617	1323.111
664.968	1302.333
665.319	1205.778
665.670	1116.333
666.021	1000.778
666.372	914.778
666.723	799.556
667.074	693.889
667.425	565.333
667.776	481.556
668.127	390.889
668.477	350.222
668.828	328.667
669.179	330.444
669.529	337.556
669.880	376.111
670.230	424.889
670.581	525.222
670.931	619.667
671.281	721.444
671.632	797.667
671.982	846.667
672.332	885.778
672.682	920.333
673.032	959.667
673.382	971.444
673.732	951.778
674.082	903.778
674.432	841.667
674.782	782.778
675.132	747.000
675.482	701.778
675.831	663.222
676.181	609.556
676.531	607.444
676.880	584.556
677.230	603.889
677.579	615.667
677.929	659.222
678.278	703.222
678.628	769.444
678.977	842.333
679.326	896.444
679.675	928.222
680.024	934.000
680.374	933.667
680.723	932.667
681.072	936.222
681.421	922.333
681.770	904.778
682.119	861.778
682.467	841.889
682.816	810.000
683.165	807.667
683.514	795.000
683.862	797.556
684.211	793.000
684.559	775.222
684.908	746.556
685.256	708.111
685.605	650.000
685.953	585.778
686.302	529.111
686.650	471.000
686.998	426.333
687.346	371.444
687.694	363.444
688.043	359.222
688.391	371.222
688.739	390.000
689.087	393.556
689.435	387.111
689.782	384.889
690.130	381.889
690.478	384.111
690.826	386.778
691.173	376.444
691.521	372.111
691.869	366.444
692.216	385.444
692.564	423.333
692.911	439.889
693.259	447.111
693.606	443.667
693.953	441.222
694.300	457.222
694.648	497.556
694.995	534.333
695.342	579.222
695.689	645.333
696.036	748.333
696.383	954.778
696.730	1142.000
697.077	1360.000
697.424	1536.333
697.771	1653.333
698.117	1784.222
698.464	1840.556
698.811	1890.556
699.157	1853.556
699.504	1710.667
699.850	1561.111
700.197	1337.556
700.543	1144.000
700.890	982.333
701.236	809.444
701.582	692.444
701.929	558.556
702.275	498.778
702.621	475.889
702.967	488.778
703.313	524.667
703.659	583.222
704.005	614.889
704.351	647.111
704.697	673.667
705.043	695.889
705.388	715.778
705.734	704.667
706.080	688.333
706.426	680.333
706.771	686.667
707.117	718.333
707.462	790.556
707.808	887.889
708.153	953.333
708.498	1027.889
708.844	1050.333
709.189	1062.556
709.534	1051.111
709.879	1000.111
710.225	964.444
710.570	873.667
710.915	776.889
711.260	686.778
711.605	581.444
711.950	527.333
712.294	492.667
712.639	494.667
712.984	508.667
713.329	525.889
713.673	542.667
714.018	560.444
714.363	598.222
714.707	651.444
715.052	726.778
715.396	773.000
715.740	826.444
716.085	888.333
716.429	934.444
716.773	1031.556
717.117	1067.111
717.462	1128.333
717.806	1144.333
718.150	1122.111
718.494	1116.778
718.838	1059.667
719.182	993.889
719.526	916.889
719.869	791.000
720.213	718.778
720.557	616.333
720.901	563.000
721.244	520.556
721.588	474.444
721.932	459.778
722.275	433.000
722.618	439.000
722.962	453.889
723.305	504.889
723.649	566.444
723.992	607.111
724.335	672.667
724.678	725.889
725.021	747.889
725.365	777.667
725.708	763.778
726.051	751.889
726.393	699.778
726.736	644.333
727.079	618.778
727.422	561.000
727.765	529.556
728.108	513.222
728.450	488.222
728.793	488.778
729.135	474.111
729.478	459.778
729.820	436.111
730.163	384.222
730.505	342.444
730.848	291.222
731.190	256.111
731.532	232.667
731.874	213.222
732.217	222.444
732.559	240.111
732.901	280.778
733.243	346.778
733.585	399.556
733.927	451.556
734.269	491.889
734.610	516.667
734.952	536.000
735.294	530.111
735.636	510.556
735.977	470.444
736.319	411.333
736.660	375.000
737.002	343.000
737.343	317.333
737.685	311.333
738.026	301.778
738.368	302.444
738.709	307.556
739.050	315.778
739.391	333.889
739.732	347.778
740.073	366.222
740.415	398.111
740.756	417.556
741.096	428.667
741.437	441.889
741.778	450.778
742.119	465.333
742.460	470.778
742.801	495.000
743.141	529.222
743.482	533.444
743.823	559.111
744.163	584.000
744.504	578.111
744.844	574.000
745.184	554.444
745.525	528.667
745.865	484.556
746.205	422.444
746.545	375.222
746.886	316.667
747.226	268.667
747.566	255.000
747.906	249.889
748.246	250.000
748.586	259.667
748.926	265.778
749.266	275.778
749.605	290.222
749.945	299.333
750.285	303.111
750.624	304.889
750.964	302.444
751.304	307.444
751.643	314.667
751.983	314.556
752.322	313.222
752.661	311.778
753.001	303.222
753.340	310.333
753.679	322.111
754.018	330.667
754.358	342.000
754.697	337.000
755.036	333.000
755.375	328.444
755.714	312.889
756.053	306.667
756.392	299.000
756.730	280.222
757.069	268.889
757.408	253.333
757.747	244.222
758.085	249.333
758.424	258.889
758.762	270.000
759.101	295.333
759.439	318.889
759.778	336.778
760.116	356.778
760.454	376.889
760.793	386.667
761.131	392.444
761.469	398.111
761.807	409.000
762.145	432.333
762.483	459.778
762.821	490.889
763.159	538.778
763.497	567.444
763.835	578.000
764.173	575.889
764.510	564.111
764.848	555.444
765.186	532.889
765.523	496.667
765.861	456.667
766.198	398.556
766.536	354.889
766.873	343.444
767.211	353.333
767.548	364.889
767.885	373.889
768.223	381.444
768.560	384.778
768.897	384.222
769.234	382.556
769.571	379.222
769.908	371.222
770.245	351.444
770.582	333.333
770.919	315.111
771.256	287.667
771.593	269.111
771.929	268.667
772.266	281.778
772.603	300.222
772.939	327.333
773.276	365.444
773.612	393.889
773.949	411.000
774.285	424.000
774.622	440.222
774.958	450.889
775.294	459.333
775.630	469.556
775.966	465.889
776.303	455.667
776.639	456.556
776.975	457.444
777.311	466.444
777.647	471.333
777.983	466.556
778.318	447.889
778.654	425.556
778.990	406.778
779.326	387.556
779.661	374.778
779.997	364.222
780.333	342.667
780.668	326.222
781.004	323.111
781.339	335.444
781.674	381.667
782.010	432.333
782.345	476.556
782.680	527.000
783.016	583.333
783.351	619.444
783.686	648.333
784.021	679.556
784.356	685.889
784.691	667.222
785.026	657.889
785.361	635.667
785.695	597.333
786.030	573.667
786.365	564.333
786.700	558.333
787.034	557.889
787.369	565.111
787.703	553.667
788.038	530.111
788.372	519.556
788.707	510.333
789.041	484.889
789.376	474.333
789.710	474.111
790.044	465.889
790.378	479.444
790.712	548.333
791.046	631.778
791.380	687.889
791.714	760.333
792.048	847.444
792.382	919.000
792.716	1014.444
793.050	1148.556
793.384	1257.333
793.718	1298.667
794.051	1319.333
794.385	1339.444
794.718	1319.222
795.052	1279.778
795.385	1252.222
795.719	1184.222
796.052	1068.222
796.386	950.111
796.719	838.889
797.052	727.889
797.385	642.556
797.719	586.222
798.052	537.222
798.385	488.333
798.718	444.222
799.051	416.333
799.384	416.000
799.716	441.889
800.049	477.889
800.382	526.111
800.715	587.000
801.048	652.222
801.380	726.111
801.713	821.333
802.045	941.889
802.378	1066.778
802.710	1163.556
803.043	1225.667
803.375	1263.889
803.707	1274.222
804.040	1266.111
804.372	1247.889
804.704	1213.889
805.036	1136.222
805.368	1017.778
805.700	912.333
806.032	849.222
806.364	844.444
806.696	881.111
807.028	910.889
807.360	932.889
807.692	955.889
808.023	971.778
808.355	988.111
808.687	1007.000
809.018	1013.111
809.350	959.222
809.681	876.444
810.013	820.222
810.344	784.556
810.676	754.444
811.007	767.556
811.338	829.556
811.669	895.333
812.001	961.111
812.332	1045.333
812.663	1121.556
812.994	1164.889
813.325	1179.000
813.656	1170.778
813.987	1124.667
814.317	1031.444
814.648	940.333
814.979	867.000
815.310	800.667
815.640	747.000
815.971	745.667
816.301	787.556
816.632	850.444
816.962	949.778
817.293	1128.667
817.623	1325.556
817.954	1469.333
818.284	1556.000
818.614	1626.222
818.944	1652.222
819.274	1644.778
819.605	1649.667
819.935	1684.333
820.265	1665.000
820.595	1592.556
820.924	1552.000
821.254	1591.111
821.584	1640.000
821.914	1673.778
822.244	1701.111
822.573	1693.556
822.903	1594.333
823.233	1445.778
823.562	1311.222
823.892	1190.667
824.221	1046.000
824.550	894.111
824.880	789.111
825.209	726.556
825.538	689.222
825.868	691.333
826.197	781.556
826.526	969.222
826.855	1146.000
827.184	1261.444
827.513	1392.444
827.842	1561.222
828.171	1703.222
828.500	1792.778
828.828	1890.778
829.157	2008.778
829.486	2045.000
829.815	2012.889
830.143	1998.889
830.472	2018.222
830.800	2000.333
831.129	1929.222
831.457	1861.000
831.786	1788.111
832.114	1640.778
832.442	1465.778
832.770	1346.667
833.099	1273.444
833.427	1148.556
833.755	993.222
834.083	876.556
834.411	799.111
834.739	725.778
835.067	658.444
835.395	629.778
835.723	649.444
836.050	733.222
836.378	857.222
836.706	992.778
837.033	1210.222
837.361	1581.667
837.689	1974.556
838.016	2287.000
838.344	2520.000
838.671	2757.778
838.998	2924.111
839.326	2980.778
839.653	2967.444
839.980	2903.778
840.307	2705.444
840.634	2426.444
840.961	2159.556
841.289	1940.667
841.615	1721.556
841.942	1530.333
842.269	1409.000
842.596	1346.556
842.923	1299.556
843.250	1245.111
843.576	1193.667
843.903	1171.111
844.230	1161.778
844.556	1150.111
844.883	1131.222
845.209	1106.444
845.536	1108.444
845.862	1156.889
846.188	1285.000
846.515	1446.000
846.841	1589.222
847.167	1764.000
847.493	2005.667
847.819	2238.889
848.146	2392.778
848.472	2459.111
848.798	2451.000
849.123	2379.111
849.449	2288.889
849.775	2190.667
850.101	2041.222
850.427	1797.111
850.752	1547.667
851.078	1381.778
851.404	1279.000
851.729	1196.778
852.055	1124.222
852.380	1093.444
852.706	1085.556
853.031	1076.889
853.356	1067.222
853.682	1069.444
854.007	1096.444
854.332	1113.222
854.657	1110.778
854.982	1148.111
855.307	1250.556
855.632	1390.333
855.957	1482.444
856.282	1542.889
856.607	1587.667
856.932	1615.222
857.256	1628.000
857.581	1594.222
857.906	1479.333
858.230	1310.556
858.555	1163.778
858.880	1084.778
859.204	1003.778
859.529	919.000
859.853	863.222
860.177	862.667
860.502	884.778
860.826	887.222
861.150	875.889
861.474	871.556
861.798	896.556
862.122	935.889
862.446	951.000
862.770	964.444
863.094	1043.333
863.418	1222.889
863.742	1433.778
864.066	1598.222
864.389	1815.111
864.713	2138.111
865.037	2475.222
865.360	2833.222
865.684	3147.111
866.008	3173.889
866.331	3101.222
866.654	3002.333
866.978	2910.556
867.301	2703.222
867.624	2356.889
867.948	2036.444
868.271	1763.111
868.594	1513.000
868.917	1430.778
869.240	1332.444
869.563	1246.111
869.886	1213.444
870.209	1220.222
870.532	1220.111
870.855	1177.222
871.177	1099.444
871.500	1067.889
871.823	1103.222
872.145	1160.889
872.468	1206.667
872.791	1242.000
873.113	1360.889
873.435	1611.111
873.758	1931.889
874.080	2196.333
874.402	2347.222
874.725	2499.667
875.047	2708.667
875.369	2932.333
875.691	3068.333
876.013	3018.889
876.335	2797.111
876.657	2493.667
876.979	2244.000
877.301	2046.778
877.623	1803.111
877.945	1498.222
878.266	1193.444
878.588	967.444
878.910	844.667
879.231	769.556
879.553	718.556
879.875	658.889
880.196	627.444
880.517	650.333
880.839	714.667
881.160	782.556
881.481	821.333
881.803	847.444
882.124	910.778
882.445	1007.667
882.766	1125.889
883.087	1236.889
883.408	1305.778
883.729	1349.889
884.050	1406.333
884.371	1512.556
884.692	1629.333
885.012	1691.333
885.333	1682.222
885.654	1622.889
885.974	1555.222
886.295	1521.222
886.616	1496.000
886.936	1450.000
887.257	1362.111
887.577	1263.333
887.897	1193.000
888.218	1152.444
888.538	1150.111
888.858	1152.889
889.178	1126.667
889.498	1107.889
889.818	1151.667
890.139	1308.889
890.458	1544.222
890.778	1770.333
891.098	1960.444
891.418	2108.667
891.738	2281.889
892.058	2494.556
892.377	2685.222
892.697	2779.667
893.017	2738.667
893.336	2616.333
893.656	2491.222
893.975	2404.000
894.295	2354.889
894.614	2278.222
894.933	2142.889
895.253	1987.889
895.572	1848.889
895.891	1752.111
896.210	1679.667
896.529	1613.778
896.848	1537.000
897.167	1426.222
897.486	1296.222
897.805	1188.556
898.124	1101.000
898.443	1049.556
898.762	1030.444
899.081	1043.778
899.399	1099.778
899.718	1211.111
900.036	1385.444
900.355	1594.333
900.673	1797.667
900.992	1988.000
901.310	2129.333
901.629	2197.778
901.947	2212.000
902.265	2184.000
902.583	2115.333
902.902	1987.889
903.220	1808.444
903.538	1614.000
903.856	1417.000
904.174	1252.000
904.492	1130.333
904.810	1005.889
905.128	889.000
905.445	780.111
905.763	696.556
906.081	657.111
906.398	660.778
906.716	665.444
907.034	677.333
907.351	686.000
907.669	722.778
907.986	775.333
908.304	866.556
908.621	1009.556
908.938	1174.667
909.255	1317.889
909.573	1465.000
909.890	1578.667
910.207	1680.444
910.524	1757.333
910.841	1806.889
911.158	1807.667
911.475	1754.000
911.792	1681.333
912.109	1611.444
912.425	1542.556
912.742	1494.889
913.059	1438.556
913.375	1380.000
913.692	1337.333
914.009	1287.333
914.325	1228.667
914.641	1147.667
914.958	1055.222
915.274	989.889
915.591	946.000
915.907	933.222
916.223	947.000
916.539	953.889
916.855	989.556
917.172	1043.222
917.488	1104.444
917.804	1198.333
918.119	1345.111
918.435	1573.556
918.751	1851.111
919.067	2109.333
919.383	2313.333
919.698	2450.000
920.014	2543.111
920.330	2629.778
920.645	2701.111
920.961	2709.222
921.276	2619.000
921.592	2437.667
921.907	2220.222
922.223	2018.222
922.538	1840.778
922.853	1680.444
923.168	1517.222
923.483	1327.000
923.799	1134.111
924.114	951.222
924.429	812.222
924.744	742.889
925.059	725.000
925.373	756.000
925.688	836.000
926.003	947.778
926.318	1117.000
926.632	1291.000
926.947	1466.778
927.262	1621.222
927.576	1728.444
927.891	1796.778
928.205	1824.778
928.520	1808.111
928.834	1781.000
929.148	1726.889
929.463	1662.111
929.777	1570.778
930.091	1464.000
930.405	1351.667
930.719	1259.444
931.033	1175.778
931.347	1103.667
931.661	1024.333
931.975	926.222
932.289	828.000
932.603	750.111
932.917	693.667
933.230	667.667
933.544	650.667
933.858	641.778
934.171	636.889
934.485	634.222
934.798	651.667
935.112	697.778
935.425	761.444
935.738	829.667
936.052	881.333
936.365	909.667
936.678	933.667
936.991	948.000
937.305	953.778
937.618	954.000
937.931	941.778
938.244	931.222
938.556	934.778
938.869	949.889
939.182	984.556
939.495	1020.556
939.808	1044.889
940.120	1055.556
940.433	1040.889
940.746	1002.222
941.058	942.778
941.371	866.444
941.683	783.333
941.996	704.333
942.308	629.667
942.620	581.444
942.933	573.222
943.245	589.667
943.557	632.333
943.869	687.444
944.181	748.667
944.493	850.111
944.805	1003.111
945.117	1194.333
945.429	1412.000
945.741	1604.333
946.053	1765.667
946.365	1896.778
946.676	1995.111
946.988	2056.667
947.300	2071.667
947.611	2005.889
947.923	1897.333
948.234	1755.667
948.546	1605.111
948.857	1472.222
949.169	1354.444
949.480	1234.000
949.791	1136.444
950.102	1045.333
950.413	967.667
950.725	898.556
951.036	824.556
951.347	756.444
951.658	697.889
951.969	641.444
952.280	607.222
952.590	597.333
952.901	601.111
953.212	628.333
953.523	678.111
953.833	734.444
954.144	793.889
954.454	838.444
954.765	864.111
955.075	891.000
955.386	904.667
955.696	913.556
956.007	923.333
956.317	922.778
956.627	914.778
956.937	911.444
957.247	910.444
957.558	907.222
957.868	900.000
958.178	881.667
958.488	848.444
958.797	804.111
959.107	740.778
959.417	682.111
959.727	637.000
960.037	599.889
960.346	586.444
960.656	599.111
960.966	621.000
961.275	652.222
961.585	698.889
961.894	740.333
962.203	774.667
962.513	811.111
962.822	837.667
963.131	867.000
963.441	895.444
963.750	913.889
964.059	935.000
964.368	957.778
964.677	977.889
964.986	1025.889
965.295	1077.000
965.604	1153.333
965.913	1217.444
966.221	1269.889
966.530	1318.444
966.839	1374.333
967.148	1405.889
967.456	1418.778
967.765	1400.889
968.073	1350.000
968.382	1265.111
968.690	1186.333
968.999	1098.333
969.307	1006.333
969.615	913.778
969.924	829.889
970.232	774.444
970.540	737.667
970.848	715.556
971.156	708.222
971.464	713.889
971.772	735.000
972.080	784.778
972.388	849.444
972.696	913.444
973.003	967.667
973.311	1011.111
973.619	1039.222
973.926	1055.222
974.234	1060.111
974.542	1039.556
974.849	998.778
975.157	942.667
975.464	877.889
975.771	826.111
976.079	793.556
976.386	770.556
976.693	762.000
977.000	764.667
977.307	769.333
977.615	777.778
977.922	787.667
978.229	795.222
978.536	796.667
978.842	798.556
979.149	799.000
979.456	791.778
979.763	787.444
980.070	789.222
980.376	800.111
980.683	821.222
980.989	848.333
981.296	881.889
981.602	913.667
981.909	943.889
982.215	981.111
982.522	1015.556
982.828	1041.889
983.134	1050.333
983.440	1047.000
983.746	1037.000
984.053	1023.556
984.359	1007.000
984.665	981.444
984.971	941.889
985.277	903.444
985.582	865.889
985.888	838.778
986.194	824.889
986.500	811.000
986.805	792.000
987.111	767.222
987.417	747.222
987.722	735.111
988.028	710.444
988.333	687.222
988.639	657.000
988.944	603.333
989.249	559.444
989.555	520.111
989.860	476.778
990.165	447.333
990.470	426.778
990.775	405.778
991.080	396.889
991.385	398.000
991.690	406.111
991.995	416.000
992.300	428.667
992.605	441.444
992.910	449.000
993.214	453.333
993.519	454.333
993.824	454.000
994.128	457.444
994.433	464.444
994.737	473.111
995.042	482.444
995.346	492.667
995.650	508.556
995.955	518.444
996.259	530.556
996.563	548.667
996.867	554.444
997.171	565.444
997.476	583.889
997.780	592.556
998.083	605.000
998.387	631.111
998.691	656.556
998.995	686.333
999.299	724.889
999.603	763.444
999.906	789.667
1000.210	812.556
1000.514	834.000
1000.817	846.000
1001.121	859.444
1001.424	872.444
1001.728	877.778
1002.031	870.333
1002.334	852.444
1002.638	825.889
1002.941	801.000
1003.244	780.444
1003.547	753.667
1003.850	714.556
1004.153	679.111
1004.456	636.667
1004.759	593.889
1005.062	571.111
1005.365	551.111
1005.668	529.000
1005.971	514.111
1006.273	498.444
1006.576	477.000
1006.879	460.333
1007.181	446.222
1007.484	429.444
1007.786	414.000
1008.089	398.667
1008.391	376.000
1008.693	353.000
1008.996	335.667
1009.298	315.000
1009.600	294.000
1009.902	278.444
1010.204	261.111
1010.507	244.667
1010.809	235.889
1011.111	228.889
1011.412	225.778
1011.714	230.111
1012.016	239.667
1012.318	253.333
1012.620	271.889
1012.921	287.000
1013.223	299.778
1013.525	319.667
1013.826	337.111
1014.128	350.333
1014.429	370.222
1014.731	385.222
1015.032	394.444
1015.333	415.222
1015.635	443.778
1015.936	463.556
1016.237	489.556
1016.538	528.222
1016.839	563.333
1017.140	611.778
1017.441	669.000
1017.742	706.333
1018.043	734.556
1018.344	766.889
1018.645	794.222
1018.946	806.778
1019.246	823.000
1019.547	840.333
1019.848	822.222
1020.148	814.778
1020.449	824.889
1020.749	815.111
1021.050	806.444
1021.350	804.556
1021.651	794.333
1021.951	772.778
1022.251	754.222
1022.551	737.000
1022.852	699.889
1023.152	670.556
1023.452	649.333
1023.752	613.000
1024.052	589.556
1024.352	571.667
1024.652	543.444
1024.952	520.222
1025.251	505.778
1025.551	488.000
1025.851	465.111
1026.150	449.222
1026.450	433.444
1026.750	410.111
1027.049	390.333
1027.349	375.778
1027.648	354.889
1027.947	335.333
1028.247	325.111
1028.546	311.000
1028.845	297.222
1029.144	287.889
1029.444	276.111
1029.743	262.000
1030.042	256.667
1030.341	250.333
1030.640	242.444
1030.939	239.222
1031.238	243.444
1031.536	243.000
1031.835	250.889
1032.134	266.111
1032.433	275.556
1032.731	284.778
1033.030	305.111
1033.328	318.444
1033.627	323.889
1033.925	338.556
1034.224	355.444
1034.522	368.889
1034.820	383.000
1035.119	404.000
1035.417	412.222
1035.715	423.333
1036.013	449.444
1036.311	465.889
1036.609	475.556
1036.907	496.000
1037.205	506.000
1037.503	504.111
1037.801	516.222
1038.099	529.000
1038.397	519.444
1038.694	508.889
1038.992	510.000
1039.290	497.333
1039.587	471.444
1039.885	458.889
1040.182	447.111
1040.479	414.667
1040.777	393.444
1041.074	380.778
1041.372	357.444
1041.669	332.000
1041.966	316.778
1042.263	301.000
1042.560	279.333
1042.857	266.889
1043.154	258.667
1043.451	244.667
1043.748	235.778
1044.045	230.556
1044.342	223.778
1044.639	214.667
1044.935	209.444
1045.232	203.333
1045.529	194.111
1045.825	188.778
1046.122	183.444
1046.418	176.667
1046.715	174.556
1047.011	172.444
1047.308	173.556
1047.604	178.000
1047.900	185.444
1048.197	191.889
1048.493	198.333
1048.789	212.556
1049.085	223.667
1049.381	233.889
1049.677	253.222
1049.973	272.889
1050.269	288.111
1050.565	304.000
1050.860	329.000
1051.156	344.889
1051.452	350.222
1051.748	365.333
1052.043	381.222
1052.339	383.111
1052.634	390.667
1052.930	399.444
1053.225	400.222
1053.521	390.556
1053.816	393.000
1054.111	397.667
1054.407	387.556
1054.702	381.333
1054.997	386.333
1055.292	375.111
1055.587	363.222
1055.882	364.333
1056.177	362.444
1056.472	349.222
1056.767	342.667
1057.062	342.333
1057.357	331.000
1057.651	313.778
1057.946	306.778
1058.241	294.778
1058.535	272.222
1058.830	258.667
1059.124	250.111
1059.419	232.444
1059.713	217.556
1060.008	207.222
1060.302	194.444
1060.596	179.333
1060.890	170.889
1061.185	163.778
1061.479	152.333
1061.773	143.556
1062.067	139.556
1062.361	132.556
1062.655	124.000
1062.949	121.222
1063.243	118.333
1063.536	113.778
1063.830	111.000
1064.124	111.111
1064.418	108.444
1064.711	104.889
1065.005	103.222
1065.298	103.333
1065.592	102.000
1065.885	102.333
1066.179	105.000
1066.472	106.444
1066.765	106.778
1067.058	112.111
1067.352	117.444
1067.645	121.333
1067.938	129.222
1068.231	138.333
1068.524	145.778
1068.817	150.778
1069.110	162.667
1069.403	173.778
1069.696	178.556
1069.989	186.778
1070.281	201.556
1070.574	207.000
1070.867	209.000
1071.159	215.111
1071.452	223.444
1071.744	222.222
1072.037	223.667
1072.329	231.000
1072.622	233.444
1072.914	226.667
1073.206	226.556
1073.498	230.556
1073.791	229.889
1074.083	225.889
1074.375	230.556
1074.667	230.000
1074.959	221.556
1075.251	216.778
1075.543	216.444
1075.835	211.333
1076.126	202.111
1076.418	196.111
1076.710	190.556
1077.002	177.556
1077.293	167.444
1077.585	163.667
1077.876	156.333
1078.168	145.111
1078.459	137.778
1078.751	131.222
1079.042	122.778
1079.333	115.000
1079.625	109.444
1079.916	103.000
1080.207	96.111
1080.498	90.333
1080.789	86.889
1081.080	82.889
1081.371	79.667
1081.662	77.000
1081.953	75.667
1082.244	74.444
1082.535	74.000
1082.826	72.222
1083.116	72.000
1083.407	72.000
1083.698	71.667
1083.988	72.556
1084.279	72.667
1084.569	72.333
1084.859	73.111
1085.150	74.556
1085.440	76.222
1085.730	78.222
1086.021	80.444
1086.311	82.111
1086.601	83.111
1086.891	85.778
1087.181	87.000
1087.471	87.444
1087.761	88.444
1088.051	90.333
1088.341	90.778
1088.631	91.556
1088.921	93.778
1089.210	94.556
1089.500	93.667
1089.790	94.556
1090.079	95.444
1090.369	95.889
1090.658	95.667
1090.948	96.889
1091.237	98.222
1091.526	97.111
1091.816	97.667
1092.105	99.778
1092.394	101.000
1092.683	100.667
1092.973	100.111
1093.262	99.444
1093.551	97.333
1093.840	95.222
1094.129	94.889
1094.417	95.444
1094.706	94.889
1094.995	94.111
1095.284	93.778
1095.573	92.889
1095.861	92.111
1096.150	91.889
1096.438	92.556
1096.727	92.000
1097.016	88.444
1097.304	85.556
1097.592	82.667
1097.881	79.778
1098.169	76.889
1098.457	74.889
1098.745	73.556
1099.034	70.444
1099.322	70.556
