520.430	0.000
520.800	0.000
521.169	56.000
521.539	57.000
521.909	56.000
522.278	68.000
522.648	55.000
523.017	69.000
523.387	66.000
523.756	61.000
524.125	60.000
524.494	76.000
524.864	62.000
525.233	67.000
525.602	65.000
525.971	63.000
526.340	60.000
526.709	66.000
527.078	60.000
527.447	73.000
527.816	118.111
528.185	320.778
528.553	506.556
528.922	663.000
529.291	801.444
529.659	926.556
530.028	1027.000
530.396	1117.889
530.765	1197.667
531.133	1215.222
531.502	1080.000
531.870	955.667
532.238	862.222
532.606	791.667
532.975	752.889
533.343	765.889
533.711	820.111
534.079	928.556
534.447	1094.556
534.815	1319.222
535.183	1594.000
535.551	1903.111
535.919	2206.556
536.286	2498.222
536.654	2786.889
537.022	3032.778
537.389	3222.889
537.757	3372.667
538.125	3443.222
538.492	3390.333
538.859	3255.556
539.227	3056.333
539.594	2796.444
539.961	2476.556
540.329	2144.444
540.696	1813.222
541.063	1471.889
541.430	1161.667
541.797	946.111
542.164	788.556
542.531	728.333
542.898	753.556
543.265	850.556
543.632	981.444
543.999	1157.889
544.366	1381.444
544.732	1600.778
545.099	1824.778
545.466	2048.111
545.832	2278.111
546.199	2464.556
546.565	2617.333
546.932	2756.667
547.298	2792.333
547.664	2754.889
548.031	2675.889
548.397	2518.444
548.763	2336.889
549.129	2079.667
549.495	1813.444
549.861	1545.111
550.227	1286.000
550.593	1118.889
550.959	995.111
551.325	941.444
551.691	993.778
552.057	1077.556
552.422	1222.222
552.788	1393.556
553.154	1557.111
553.519	1712.444
553.885	1852.444
554.250	1910.556
554.616	1923.778
554.981	1881.000
555.347	1807.000
555.712	1710.000
556.077	1622.111
556.443	1550.333
556.808	1479.667
557.173	1393.889
557.538	1371.778
557.903	1327.000
558.268	1286.667
558.633	1253.222
558.998	1212.222
559.363	1150.667
559.727	1075.778
560.092	1009.889
560.457	973.000
560.822	984.111
561.186	1055.667
561.551	1170.889
561.915	1347.333
562.280	1555.778
562.644	1792.222
563.009	2091.333
563.373	2310.556
563.737	2523.889
564.102	2658.556
564.466	2678.000
564.830	2647.333
565.194	2534.667
565.558	2351.333
565.922	2122.667
566.286	1824.111
566.650	1583.222
567.014	1311.444
567.378	1073.222
567.741	925.778
568.105	805.000
568.469	734.667
568.833	723.444
569.196	763.667
569.560	858.333
569.923	988.111
570.287	1171.333
570.650	1395.333
571.013	1636.556
571.377	1918.667
571.740	2223.333
572.103	2469.667
572.466	2708.778
572.830	2892.000
573.193	2990.000
573.556	3062.778
573.919	3038.778
574.282	2953.667
574.645	2811.111
575.007	2575.556
575.370	2373.667
575.733	2147.667
576.096	1936.000
576.458	1804.444
576.821	1681.667
577.184	1595.444
577.546	1571.667
577.909	1566.222
578.271	1591.556
578.633	1637.778
578.996	1683.111
579.358	1694.889
579.720	1719.778
580.083	1731.000
580.445	1753.889
580.807	1791.667
581.169	1788.778
581.531	1816.667
581.893	1848.444
582.255	1871.000
582.617	1954.556
582.979	2006.667
583.340	2038.444
583.702	2082.222
584.064	2064.444
584.425	2021.778
584.787	1952.111
585.149	1826.444
585.510	1703.222
585.872	1550.111
586.233	1364.444
586.594	1204.444
586.956	1027.111
587.317	885.556
587.678	798.778
588.039	738.222
588.401	752.000
588.762	788.444
589.123	845.889
589.484	964.889
589.845	1099.778
590.206	1253.222
590.566	1425.333
590.927	1539.444
591.288	1630.333
591.649	1652.333
592.009	1647.667
592.370	1660.111
592.731	1600.667
593.091	1499.889
593.452	1379.778
593.812	1211.889
594.172	1089.111
594.533	968.222
594.893	878.000
595.253	828.111
595.614	736.444
595.974	697.556
596.334	692.889
596.694	692.111
597.054	746.111
597.414	784.889
597.774	836.111
598.134	914.000
598.494	973.889
598.853	1054.000
599.213	1092.667
599.573	1102.111
599.932	1127.111
600.292	1109.667
600.652	1133.778
601.011	1107.889
601.371	1072.778
601.730	1036.778
602.089	983.111
602.449	984.667
602.808	998.111
603.167	985.667
603.526	988.333
603.886	962.000
604.245	989.667
604.604	985.556
604.963	973.444
605.322	975.778
605.681	931.667
606.040	895.556
606.398	874.889
606.757	857.333
607.116	870.778
607.475	880.333
607.833	957.444
608.192	1025.000
608.550	1094.556
608.909	1193.111
609.267	1255.889
609.626	1328.111
609.984	1356.444
610.342	1383.444
610.701	1386.111
611.059	1323.778
611.417	1273.111
611.775	1188.556
612.133	1111.000
612.491	1037.333
612.849	978.556
613.207	946.889
613.565	936.889
613.923	974.222
614.281	1029.444
614.638	1126.444
614.996	1217.667
615.354	1323.000
615.711	1447.444
616.069	1521.556
616.427	1643.000
616.784	1713.889
617.141	1816.000
617.499	1904.333
617.856	1980.333
618.213	2094.778
618.571	2137.444
618.928	2245.222
619.285	2301.000
619.642	2325.667
619.999	2288.556
620.356	2187.556
620.713	2095.889
621.070	1946.222
621.427	1779.667
621.784	1627.667
622.141	1435.333
622.497	1304.222
622.854	1175.889
623.211	1114.556
623.567	1066.111
623.924	1021.889
624.280	1014.667
624.637	1047.111
624.993	1079.556
625.349	1100.222
625.706	1121.333
626.062	1161.778
626.418	1198.556
626.774	1234.667
627.131	1290.444
627.487	1335.556
627.843	1416.444
628.199	1482.000
628.555	1567.444
628.911	1623.111
629.266	1664.222
629.622	1678.222
629.978	1666.222
630.334	1623.222
630.689	1535.444
631.045	1368.556
631.401	1216.111
631.756	1030.444
632.112	885.889
632.467	725.222
632.822	603.000
633.178	509.222
633.533	436.444
633.888	414.778
634.243	427.333
634.599	473.444
634.954	535.222
635.309	574.333
635.664	614.667
636.019	633.000
636.374	637.667
636.729	615.556
637.083	596.889
637.438	576.000
637.793	568.111
638.148	552.444
638.502	561.556
638.857	588.222
639.211	629.000
639.566	689.444
639.920	749.556
640.275	816.778
640.629	843.222
640.983	865.444
641.338	876.111
641.692	918.111
642.046	936.222
642.400	966.000
642.754	975.889
643.108	981.111
643.462	970.778
643.816	970.333
644.170	967.889
644.524	963.556
644.878	939.111
645.232	896.222
645.585	856.556
645.939	797.222
646.293	757.333
646.646	712.000
647.000	676.222
647.353	630.778
647.707	610.111
648.060	591.778
648.413	620.000
648.767	644.444
649.120	711.556
649.473	801.333
649.826	918.000
650.179	1066.889
650.533	1208.667
650.885	1333.111
651.239	1427.222
651.591	1516.889
651.944	1584.000
652.297	1633.556
652.650	1630.778
653.003	1582.000
653.355	1471.556
653.708	1356.667
654.061	1217.333
654.413	1089.444
654.766	936.556
655.118	800.000
655.471	666.222
655.823	575.667
656.175	500.889
656.528	458.667
656.880	435.444
657.232	462.333
657.584	499.111
657.936	564.222
658.288	615.333
658.640	686.333
658.992	757.000
659.344	885.111
659.696	996.222
660.048	1118.000
660.400	1182.444
660.751	1274.556
661.103	1326.556
661.455	1414.444
661.806	1451.333
662.158	1478.778
662.509	1429.000
662.861	1405.889
663.212	1356.333
663.563	1359.889
663.915	1302.556
664.266	1247.333
664.617	1131.000
664.968	1034.556
665.319	920.333
665.670	835.667
666.021	730.444
666.372	637.444
666.723	512.778
667.074	432.333
667.425	367.222
667.776	350.111
668.127	342.222
668.477	356.333
668.828	374.111
669.179	433.444
669.529	510.222
669.880	649.556
670.230	753.333
670.581	840.667
670.931	890.444
671.281	931.333
671.632	960.556
671.982	988.556
672.332	1005.889
672.682	999.889
673.032	944.111
673.382	889.000
673.732	840.000
674.082	793.222
674.432	746.000
674.782	708.111
675.132	687.889
675.482	645.556
675.831	637.667
676.181	603.778
676.531	616.778
676.880	627.889
677.230	680.333
677.579	730.778
677.929	808.222
678.278	869.556
678.628	913.444
678.977	923.000
679.326	935.556
679.675	944.444
680.024	950.889
680.374	951.222
680.723	943.222
681.072	918.222
681.421	867.667
681.770	854.667
682.119	832.222
682.467	845.222
682.816	837.000
683.165	835.889
683.514	814.222
683.862	782.778
684.211	731.000
684.559	684.000
684.908	613.778
685.256	556.000
685.605	490.000
685.953	428.000
686.302	391.111
686.650	356.111
686.998	366.667
687.346	374.111
687.694	389.222
688.043	398.111
688.391	397.444
688.739	390.444
689.087	389.556
689.435	382.778
689.782	384.000
690.130	381.222
690.478	376.333
690.826	384.444
691.173	397.667
691.521	424.111
691.869	452.000
692.216	462.444
692.564	466.556
692.911	475.889
693.259	493.000
693.606	515.222
693.953	550.444
694.300	590.667
694.648	670.111
694.995	775.333
695.342	928.222
695.689	1139.222
696.036	1300.111
696.383	1504.000
696.730	1658.000
697.077	1807.000
697.424	1899.333
697.771	1898.778
698.117	1868.111
698.464	1763.444
698.811	1611.333
699.157	1457.333
699.504	1220.222
699.850	1030.444
700.197	833.222
700.543	700.000
700.890	620.333
701.236	547.778
701.582	509.667
701.929	487.889
702.275	518.556
702.621	579.222
702.967	645.111
703.313	676.222
703.659	703.778
704.005	712.000
704.351	725.444
704.697	738.889
705.043	750.667
705.388	756.667
705.734	750.222
706.080	758.556
706.426	805.333
706.771	896.556
707.117	969.778
707.462	1045.778
707.808	1120.556
708.153	1109.222
708.498	1082.222
708.844	1039.111
709.189	988.444
709.534	926.667
709.879	810.667
710.225	735.333
710.570	632.000
710.915	542.111
711.260	506.889
711.605	501.000
711.950	514.778
712.294	524.889
712.639	537.444
712.984	553.556
713.329	594.444
713.673	644.556
714.018	710.333
714.363	770.889
714.707	815.111
715.052	892.778
715.396	948.778
715.740	1031.222
716.085	1101.000
716.429	1119.889
716.773	1169.111
717.117	1143.556
717.462	1136.778
717.806	1108.111
718.150	1031.667
718.494	975.667
718.838	867.889
719.182	768.889
719.526	687.111
719.869	583.889
720.213	543.444
720.557	484.889
720.901	455.556
721.244	434.333
721.588	421.444
721.932	452.556
722.275	488.333
722.618	579.333
722.962	636.667
723.305	704.444
723.649	776.889
723.992	806.333
724.335	827.667
724.678	822.222
725.021	787.333
725.365	755.889
725.708	673.111
726.051	642.000
726.393	593.333
726.736	539.111
727.079	533.222
727.422	514.667
727.765	520.556
728.108	520.444
728.450	502.111
728.793	483.000
729.135	436.778
729.478	384.000
729.820	336.000
730.163	280.000
730.505	252.889
730.848	222.889
731.190	225.333
731.532	247.778
731.874	281.333
732.217	343.000
732.559	398.667
732.901	449.333
733.243	496.333
733.585	524.778
733.927	547.667
734.269	542.000
734.610	519.444
734.952	483.333
735.294	424.667
735.636	381.444
735.977	349.667
736.319	317.778
736.660	306.111
737.002	298.667
737.343	296.000
737.685	303.000
738.026	311.111
738.368	328.889
738.709	348.111
739.050	364.111
739.391	397.333
739.732	427.333
740.073	440.111
740.415	459.333
740.756	468.556
741.096	484.333
741.437	499.778
741.778	515.556
742.119	555.000
742.460	568.556
742.801	583.778
743.141	614.000
743.482	607.222
743.823	598.333
744.163	576.111
744.504	539.889
744.844	499.111
745.184	436.333
745.525	383.778
745.865	332.667
746.205	278.667
746.545	266.111
746.886	270.667
747.226	273.556
747.566	287.222
747.906	300.111
748.246	304.333
748.586	315.444
748.926	320.889
749.266	323.222
749.605	317.444
749.945	307.667
750.285	310.444
750.624	317.889
750.964	316.444
751.304	322.333
751.643	323.000
751.983	314.333
752.322	317.444
752.661	328.889
753.001	335.556
753.340	351.222
753.679	349.222
754.018	341.222
754.358	335.889
754.697	319.444
755.036	313.111
755.375	307.556
755.714	292.333
756.053	283.333
756.392	266.556
756.730	252.000
757.069	253.444
757.408	259.667
757.747	271.111
758.085	292.556
758.424	319.889
758.762	340.333
759.101	362.778
759.439	388.222
759.778	403.889
760.116	416.444
760.454	428.667
760.793	444.778
761.131	477.222
761.469	515.222
761.807	554.667
762.145	597.778
762.483	616.333
762.821	622.667
763.159	620.444
763.497	604.333
763.835	587.444
764.173	554.444
764.510	504.111
764.848	454.778
765.186	397.333
765.523	354.889
765.861	339.444
766.198	344.222
766.536	353.667
766.873	367.222
767.211	388.222
767.548	395.556
767.885	395.222
768.223	392.667
768.560	390.667
768.897	386.222
769.234	376.778
769.571	364.222
769.908	347.667
770.245	312.778
770.582	290.333
770.919	288.889
771.256	298.778
771.593	308.889
771.929	328.222
772.266	353.444
772.603	373.000
772.939	383.667
773.276	397.000
773.612	408.444
773.949	414.333
774.285	422.556
774.622	439.111
774.958	448.222
775.294	452.556
775.630	461.333
775.966	465.778
776.303	469.778
776.639	476.111
776.975	472.444
777.311	463.667
777.647	447.333
777.983	425.667
778.318	401.556
778.654	385.556
778.990	372.000
779.326	354.889
779.661	342.556
779.997	340.778
780.333	349.000
780.668	390.444
781.004	436.889
781.339	477.778
781.674	540.444
782.010	598.000
782.345	634.889
782.680	659.444
783.016	681.667
783.351	684.222
783.686	671.889
784.021	665.444
784.356	640.111
784.691	596.889
785.026	573.000
785.361	558.444
785.695	554.111
786.030	564.222
786.365	568.667
786.700	548.111
787.034	523.778
787.369	519.222
787.703	505.000
788.038	480.889
788.372	476.222
788.707	476.778
789.041	465.222
789.376	492.889
789.710	571.222
790.044	637.333
790.378	692.556
790.712	776.222
791.046	860.444
791.380	926.889
791.714	1030.667
792.048	1163.889
792.382	1252.444
792.716	1293.111
793.050	1337.444
793.384	1356.333
793.718	1322.333
794.051	1286.111
794.385	1255.667
794.718	1178.889
795.052	1068.778
795.385	963.889
795.719	846.333
796.052	724.222
796.386	639.111
796.719	582.333
797.052	535.444
797.385	489.000
797.719	444.556
798.052	415.333
798.385	416.333
798.718	440.000
799.051	481.889
799.384	541.222
799.716	602.667
800.049	660.667
800.382	731.556
800.715	837.444
801.048	971.556
801.380	1095.889
801.713	1185.556
802.045	1251.000
802.378	1281.667
802.710	1286.889
803.043	1279.444
803.375	1266.222
803.707	1216.333
804.040	1114.556
804.372	990.778
804.704	893.889
805.036	841.444
805.368	849.889
805.700	882.333
806.032	912.667
806.364	942.444
806.696	967.889
807.028	979.444
807.360	993.444
807.692	1009.778
808.023	989.333
808.355	911.889
808.687	834.889
809.018	783.333
809.350	738.889
809.681	724.000
810.013	760.222
810.344	825.000
810.676	894.000
811.007	978.889
811.338	1074.778
811.669	1140.556
812.001	1175.222
812.332	1186.444
812.663	1163.333
812.994	1099.556
813.325	1014.444
813.656	929.111
813.987	847.111
814.317	767.778
814.648	735.889
814.979	758.444
815.310	805.556
815.640	877.667
815.971	1021.556
816.301	1209.222
816.632	1368.667
816.962	1482.111
817.293	1578.111
817.623	1629.778
817.954	1624.000
818.284	1614.778
818.614	1646.444
818.944	1642.889
819.274	1575.778
819.605	1527.778
819.935	1548.111
820.265	1576.889
820.595	1594.111
820.924	1632.333
821.254	1675.111
821.584	1628.111
821.914	1513.556
822.244	1393.111
822.573	1273.000
822.903	1119.444
823.233	971.444
823.562	867.889
823.892	792.222
824.221	720.778
824.550	672.667
824.880	720.222
825.209	882.111
825.538	1062.222
825.868	1202.444
826.197	1347.667
826.526	1533.111
826.855	1687.556
827.184	1775.778
827.513	1891.111
827.842	2030.111
828.171	2082.667
828.500	2052.111
828.828	2032.444
829.157	2044.333
829.486	2010.556
829.815	1938.444
830.143	1890.556
830.472	1842.000
830.800	1708.000
831.129	1538.000
831.457	1424.111
831.786	1348.556
832.114	1230.222
832.442	1086.333
832.770	969.889
833.099	881.333
833.427	778.889
833.755	694.222
834.083	653.889
834.411	660.889
834.739	709.333
835.067	775.889
835.395	880.111
835.723	1095.333
836.050	1446.556
836.378	1805.000
836.706	2082.778
837.033	2353.556
837.361	2664.556
837.689	2902.000
838.016	3014.000
838.344	3048.000
838.671	3019.111
838.998	2864.333
839.326	2632.778
839.653	2408.667
839.980	2166.333
840.307	1866.111
840.634	1601.556
840.961	1442.000
841.289	1364.889
841.615	1311.444
841.942	1241.111
842.269	1184.889
842.596	1150.778
842.923	1132.556
843.250	1120.111
843.576	1098.000
843.903	1077.556
844.230	1072.556
844.556	1118.111
844.883	1226.889
845.209	1335.444
845.536	1471.556
845.862	1708.444
846.188	2012.667
846.515	2256.889
846.841	2412.333
847.167	2500.667
847.493	2530.222
847.819	2497.444
848.146	2451.222
848.472	2370.111
848.798	2187.333
849.123	1921.556
849.449	1694.111
849.775	1536.000
850.101	1415.111
850.427	1291.667
850.752	1200.222
851.078	1147.889
851.404	1112.222
851.729	1078.444
852.055	1052.667
852.380	1059.000
852.706	1072.778
853.031	1071.778
853.356	1065.667
853.682	1108.222
854.007	1213.889
854.332	1309.667
854.657	1383.222
854.982	1485.333
855.307	1588.889
855.632	1668.667
855.957	1690.667
856.282	1644.444
856.607	1519.444
856.932	1379.889
857.256	1282.667
857.581	1187.667
857.906	1054.222
858.230	932.667
858.555	864.444
858.880	849.111
859.204	839.667
859.529	838.889
859.853	843.556
860.177	867.778
860.502	897.111
860.826	903.667
861.150	904.889
861.474	943.889
861.798	1049.333
862.122	1170.333
862.446	1266.889
862.770	1418.667
863.094	1741.333
863.418	2090.111
863.742	2458.000
864.066	2806.556
864.389	2961.000
864.713	3070.333
865.037	3159.000
865.360	3186.333
865.684	3063.111
866.008	2739.222
866.331	2430.000
866.654	2156.667
866.978	1884.556
867.301	1714.778
867.624	1517.889
867.948	1362.444
868.271	1306.889
868.594	1303.556
868.917	1285.667
869.240	1229.333
869.563	1153.333
869.886	1114.333
870.209	1141.000
870.532	1174.111
870.855	1166.000
871.177	1143.778
871.500	1216.889
871.823	1398.333
872.145	1616.000
872.468	1788.556
872.791	1925.889
873.113	2134.667
873.435	2437.556
873.758	2770.222
874.080	3008.444
874.402	3040.556
874.725	2955.556
875.047	2822.889
875.369	2684.444
875.691	2509.333
876.013	2214.222
876.335	1840.556
876.657	1478.444
876.979	1231.000
877.301	1093.333
877.623	970.889
877.945	852.556
878.266	763.556
878.588	717.222
878.910	720.556
879.231	731.667
879.553	733.111
879.875	708.333
880.196	726.889
880.517	812.889
880.839	930.778
881.160	1040.556
881.481	1121.111
881.803	1174.889
882.124	1247.444
882.445	1368.556
882.766	1531.889
883.087	1656.444
883.408	1694.778
883.729	1690.000
884.050	1679.444
884.371	1686.778
884.692	1685.667
885.012	1640.111
885.333	1538.222
885.654	1408.889
885.974	1327.111
886.295	1309.556
886.616	1300.000
886.936	1283.333
887.257	1244.111
887.577	1210.111
887.897	1218.444
888.218	1269.667
888.538	1361.778
888.858	1443.222
889.178	1507.222
889.498	1624.444
889.818	1833.667
890.139	2127.444
890.458	2427.111
890.778	2629.667
891.098	2725.667
891.418	2727.222
891.738	2710.444
892.058	2705.333
892.377	2680.333
892.697	2595.444
893.017	2445.556
893.336	2264.111
893.656	2125.667
893.975	2044.222
894.295	2005.333
894.614	1951.000
894.933	1856.667
895.253	1730.222
895.572	1584.111
895.891	1445.778
896.210	1345.667
896.529	1259.000
896.848	1173.333
897.167	1088.000
897.486	1038.111
897.805	1057.778
898.124	1147.667
898.443	1307.667
898.762	1493.111
899.081	1667.222
899.399	1834.667
899.718	1994.444
900.036	2139.222
900.355	2261.444
900.673	2323.000
900.992	2307.222
901.310	2185.889
901.629	2008.222
901.947	1827.889
902.265	1654.333
902.583	1491.111
902.902	1329.222
903.220	1154.444
903.538	997.778
903.856	863.444
904.174	777.778
904.492	735.778
904.810	697.222
905.128	682.667
905.445	676.667
905.763	677.556
906.081	699.222
906.398	749.222
906.716	807.889
907.034	893.222
907.351	987.000
907.669	1116.111
907.986	1254.333
908.304	1413.778
908.621	1585.333
908.938	1728.889
909.255	1797.667
909.573	1844.778
909.890	1847.222
910.207	1821.889
910.524	1752.778
910.841	1660.667
911.158	1564.000
911.475	1476.111
911.792	1416.000
912.109	1382.000
912.425	1334.889
912.742	1291.000
913.059	1237.000
913.375	1192.778
913.692	1161.222
914.009	1116.444
914.325	1063.333
914.641	1002.222
914.958	955.222
915.274	940.111
915.591	941.111
915.907	978.778
916.223	1066.667
916.539	1197.111
916.855	1367.000
917.172	1542.778
917.488	1719.667
917.804	1926.667
918.119	2172.222
918.435	2439.222
918.751	2665.889
919.067	2792.333
919.383	2806.778
919.698	2738.778
920.014	2625.667
920.330	2500.889
920.645	2346.889
920.961	2145.333
921.276	1915.000
921.592	1672.556
921.907	1457.778
922.223	1286.333
922.538	1142.889
922.853	1027.111
923.168	931.222
923.483	858.111
923.799	840.444
924.114	877.444
924.429	979.000
924.744	1118.667
925.059	1251.889
925.373	1375.111
925.688	1490.222
926.003	1583.444
926.318	1683.222
926.632	1754.667
926.947	1799.444
927.262	1802.889
927.576	1762.778
927.891	1706.333
928.205	1650.333
928.520	1587.556
928.834	1535.556
929.148	1456.000
929.463	1348.778
929.777	1217.889
930.091	1088.444
930.405	978.556
930.719	898.778
931.033	830.222
931.347	773.000
931.661	724.111
931.975	678.111
932.289	647.000
932.603	632.222
932.917	631.000
933.230	655.556
933.544	688.222
933.858	723.444
934.171	762.889
934.485	796.667
934.798	836.111
935.112	874.444
935.425	900.111
935.738	921.778
936.052	941.111
936.365	971.000
936.678	1012.333
936.991	1036.111
937.305	1038.444
937.618	1030.222
937.931	1019.444
938.244	1016.333
938.556	1023.889
938.869	1018.444
939.182	997.667
939.495	962.222
939.808	920.889
940.120	884.333
940.433	845.556
940.746	796.778
941.058	744.333
941.371	679.556
941.683	623.444
941.996	608.778
942.308	640.333
942.620	734.778
942.933	878.444
943.245	1022.444
943.557	1166.333
943.869	1294.667
944.181	1422.556
944.493	1569.889
944.805	1713.222
945.117	1834.000
945.429	1937.556
945.741	2002.667
946.053	2046.111
946.365	2074.000
946.676	2071.111
946.988	2024.333
947.300	1930.556
947.611	1777.667
947.923	1601.778
948.234	1407.778
948.546	1208.889
948.857	1037.667
949.169	900.111
949.480	792.333
949.791	729.778
950.102	690.222
950.413	668.889
950.725	658.444
951.036	641.667
951.347	629.444
951.658	631.556
951.969	634.111
952.280	659.667
952.590	706.889
952.901	765.111
953.212	833.667
953.523	904.889
953.833	960.000
954.144	1013.444
954.454	1043.889
954.765	1051.111
955.075	1044.556
955.386	1014.778
955.696	962.778
956.007	912.000
956.317	858.000
956.627	805.444
956.937	763.889
957.247	733.556
957.558	708.000
957.868	691.111
958.178	676.333
958.488	668.444
958.797	669.333
959.107	667.111
959.417	677.111
959.727	694.778
960.037	702.222
960.346	712.111
960.656	731.778
960.966	745.444
961.275	759.778
961.585	793.889
961.894	826.111
962.203	867.000
962.513	919.222
962.822	971.222
963.131	1029.889
963.441	1084.556
963.750	1126.333
964.059	1167.556
964.368	1194.667
964.677	1213.111
964.986	1245.222
965.295	1269.889
965.604	1309.889
965.913	1334.222
966.221	1337.444
966.530	1327.222
966.839	1313.889
967.148	1278.889
967.456	1232.222
967.765	1164.556
968.073	1078.889
968.382	977.556
968.690	897.889
968.999	827.556
969.307	771.667
969.615	726.667
969.924	691.556
970.232	686.000
970.540	705.222
970.848	742.333
971.156	796.444
971.464	864.667
971.772	934.667
972.080	1009.778
972.388	1077.667
972.696	1128.111
973.003	1156.556
973.311	1160.333
973.619	1138.333
973.926	1094.000
974.234	1032.667
974.542	965.333
974.849	900.444
975.157	849.444
975.464	806.222
975.771	782.556
976.079	773.778
976.386	768.778
976.693	769.556
977.000	778.444
977.307	781.667
977.615	789.222
977.922	799.222
978.229	811.333
978.536	825.000
978.842	851.778
979.149	882.444
979.456	911.111
979.763	943.778
980.070	981.444
980.376	1019.444
980.683	1052.889
980.989	1078.000
981.296	1084.333
981.602	1072.111
981.909	1050.444
982.215	1033.778
982.522	1014.556
982.828	988.444
983.134	951.778
983.440	909.333
983.746	870.444
984.053	848.667
984.359	838.444
984.665	829.333
984.971	816.444
985.277	799.444
985.582	784.444
985.888	775.333
986.194	765.778
986.500	756.111
986.805	731.000
987.111	685.889
987.417	641.778
987.722	599.444
988.028	549.778
988.333	508.444
988.639	470.556
988.944	430.667
989.249	401.556
989.555	389.111
989.860	383.444
990.165	390.333
990.470	405.333
990.775	417.889
991.080	430.000
991.385	443.667
991.690	455.111
991.995	462.444
992.300	465.889
992.605	474.000
992.910	481.222
993.214	487.222
993.519	499.111
993.824	511.667
994.128	525.667
994.433	548.000
994.737	571.333
995.042	589.778
995.346	607.444
995.650	626.889
995.955	637.222
996.259	643.333
996.563	660.667
996.867	672.556
997.171	685.889
997.476	711.222
997.780	731.111
998.083	748.111
998.387	774.778
998.691	797.556
998.995	823.111
999.299	846.444
999.603	867.000
999.906	873.111
1000.210	876.222
1000.514	876.778
1000.817	865.778
1001.121	850.000
1001.424	831.111
1001.728	803.889
1002.031	769.333
1002.334	729.333
1002.638	687.444
1002.941	649.444
1003.244	620.778
1003.547	592.000
1003.850	561.333
1004.153	539.778
1004.456	517.000
1004.759	493.778
1005.062	482.333
1005.365	473.111
1005.668	452.556
1005.971	435.111
1006.273	419.778
1006.576	396.444
1006.879	377.667
1007.181	361.000
1007.484	341.444
1007.786	326.444
1008.089	308.000
1008.391	289.778
1008.693	276.444
1008.996	265.667
1009.298	254.556
1009.600	246.889
1009.902	247.333
1010.204	247.778
1010.507	251.556
1010.809	266.444
1011.111	277.889
1011.412	287.556
1011.714	305.889
1012.016	325.667
1012.318	349.889
1012.620	380.000
1012.921	403.222
1013.223	420.778
1013.525	447.667
1013.826	474.111
1014.128	494.556
1014.429	527.556
1014.731	557.000
1015.032	576.111
1015.333	606.889
1015.635	647.778
1015.936	677.222
1016.237	709.333
1016.538	751.444
1016.839	783.889
1017.140	820.778
1017.441	867.222
1017.742	894.222
1018.043	898.667
1018.344	904.889
1018.645	906.778
1018.946	889.000
1019.246	870.889
1019.547	865.000
1019.848	824.444
1020.148	789.111
1020.449	772.889
1020.749	747.000
1021.050	722.556
1021.350	709.000
1021.651	688.444
1021.951	665.000
1022.251	639.667
1022.551	616.778
1022.852	581.333
1023.152	553.667
1023.452	533.111
1023.752	505.333
1024.052	484.000
1024.352	472.778
1024.652	453.444
1024.952	437.444
1025.251	425.889
1025.551	408.556
1025.851	388.111
1026.150	370.000
1026.450	350.778
1026.750	328.889
1027.049	308.889
1027.349	292.444
1027.648	274.667
1027.947	263.667
1028.247	262.111
1028.546	256.889
1028.845	257.889
1029.144	265.111
1029.444	268.111
1029.743	270.444
1030.042	282.556
1030.341	291.333
1030.640	294.667
1030.939	306.889
1031.238	323.222
1031.536	328.111
1031.835	335.000
1032.134	352.111
1032.433	359.333
1032.731	363.444
1033.030	382.444
1033.328	393.000
1033.627	393.222
1033.925	407.111
1034.224	424.778
1034.522	439.556
1034.820	458.222
1035.119	483.556
1035.417	492.333
1035.715	501.667
1036.013	526.111
1036.311	538.000
1036.609	535.778
1036.907	543.444
1037.205	544.444
1037.503	526.667
1037.801	522.667
1038.099	522.444
1038.397	501.333
1038.694	478.667
1038.992	464.778
1039.290	443.778
1039.587	411.444
1039.885	389.333
1040.182	370.333
1040.479	336.111
1040.777	313.333
1041.074	298.778
1041.372	278.000
1041.669	258.111
1041.966	247.222
1042.263	237.889
1042.560	223.444
1042.857	216.667
1043.154	212.222
1043.451	202.556
1043.748	197.556
1044.045	194.667
1044.342	193.889
1044.639	189.333
1044.935	189.000
1045.232	187.778
1045.529	185.889
1045.825	188.556
1046.122	190.889
1046.418	192.333
1046.715	202.000
1047.011	209.889
1047.308	220.111
1047.604	236.222
1047.900	256.000
1048.197	272.444
1048.493	285.444
1048.789	306.778
1049.085	323.000
1049.381	333.556
1049.677	352.222
1049.973	373.000
1050.269	382.000
1050.565	389.556
1050.860	406.667
1051.156	416.778
1051.452	411.889
1051.748	418.000
1052.043	425.222
1052.339	419.000
1052.634	416.667
1052.930	416.778
1053.225	410.111
1053.521	394.778
1053.816	389.778
1054.111	391.111
1054.407	379.556
1054.702	370.556
1054.997	368.556
1055.292	352.667
1055.587	337.000
1055.882	332.111
1056.177	322.889
1056.472	305.667
1056.767	293.778
1057.062	285.222
1057.357	269.333
1057.651	251.556
1057.946	241.111
1058.241	228.778
1058.535	210.000
1058.830	200.889
1059.124	193.111
1059.419	179.778
1059.713	169.778
1060.008	162.444
1060.302	153.222
1060.596	144.000
1060.890	140.222
1061.185	135.778
1061.479	127.333
1061.773	122.111
1062.067	120.667
1062.361	116.000
1062.655	110.000
1062.949	109.556
1063.243	109.111
1063.536	106.111
1063.830	106.333
1064.124	110.333
1064.418	112.333
1064.711	112.222
1065.005	116.889
1065.298	123.667
1065.592	127.111
1065.885	132.556
1066.179	142.778
1066.472	149.111
1066.765	154.222
1067.058	166.556
1067.352	179.444
1067.645	185.444
1067.938	195.778
1068.231	210.222
1068.524	221.222
1068.817	224.778
1069.110	238.111
1069.403	249.222
1069.696	250.889
1069.989	255.556
1070.281	269.000
1070.574	272.444
1070.867	269.444
1071.159	270.889
1071.452	276.333
1071.744	270.111
1072.037	264.444
1072.329	265.889
1072.622	261.111
1072.914	249.556
1073.206	243.889
1073.498	243.000
1073.791	236.444
1074.083	227.667
1074.375	226.444
1074.667	221.000
1074.959	210.000
1075.251	201.667
1075.543	196.667
1075.835	187.000
1076.126	174.667
1076.418	164.667
1076.710	154.778
1077.002	141.333
1077.293	131.222
1077.585	124.222
1077.876	116.889
1078.168	107.556
1078.459	102.000
1078.751	96.556
1079.042	91.000
1079.333	87.222
1079.625	84.667
1079.916	81.889
1080.207	78.889
1080.498	76.667
1080.789	75.556
1081.080	73.889
1081.371	73.556
1081.662	74.778
1081.953	75.556
1082.244	75.000
1082.535	76.111
1082.826	76.889
1083.116	78.000
1083.407	78.778
1083.698	80.222
1083.988	82.444
1084.279	82.222
1084.569	83.111
1084.859	84.778
1085.150	86.333
1085.440	88.333
1085.730	91.222
1086.021	94.333
1086.311	96.000
1086.601	96.778
1086.891	99.444
1087.181	100.000
1087.471	100.667
1087.761	101.444
1088.051	102.667
1088.341	102.333
1088.631	103.111
1088.921	104.889
1089.210	105.333
1089.500	104.111
1089.790	105.111
1090.079	106.556
1090.369	107.000
1090.658	106.333
1090.948	108.111
1091.237	108.111
1091.526	106.556
1091.816	106.667
1092.105	108.556
1092.394	108.889
1092.683	107.000
1092.973	105.000
1093.262	103.889
1093.551	99.778
1093.840	96.444
1094.129	94.889
1094.417	94.222
1094.706	92.667
1094.995	90.778
1095.284	89.111
1095.573	88.444
1095.861	85.889
1096.150	85.111
1096.438	85.000
1096.727	84.333
1097.016	80.778
1097.304	77.222
1097.592	74.778
1097.881	73.778
1098.169	71.556
1098.457	71.333
1098.745	70.556
1099.034	68.000
1099.322	69.000
