520.430	0.000
520.800	0.000
521.169	55.000
521.539	55.000
521.909	58.000
522.278	71.000
522.648	64.000
523.017	67.000
523.387	72.000
523.756	65.000
524.125	62.000
524.494	70.000
524.864	63.000
525.233	69.000
525.602	58.000
525.971	63.000
526.340	57.000
526.709	62.000
527.078	66.000
527.447	73.000
527.816	98.889
528.185	256.333
528.553	451.444
528.922	669.889
529.291	935.444
529.659	1267.889
530.028	1629.889
530.396	2017.556
530.765	2404.333
531.133	2763.000
531.502	2993.667
531.870	3156.444
532.238	3269.444
532.606	3351.556
532.975	3324.222
533.343	3216.667
533.711	3046.222
534.079	2807.333
534.447	2529.444
534.815	2245.444
535.183	1981.000
535.551	1740.111
535.919	1495.556
536.286	1316.444
536.654	1202.556
537.022	1164.889
537.389	1213.111
537.757	1311.444
538.125	1446.000
538.492	1577.333
538.859	1710.556
539.227	1855.000
539.594	1980.222
539.961	2093.333
540.329	2191.222
540.696	2287.444
541.063	2373.778
541.430	2479.222
541.797	2635.444
542.164	2778.000
542.531	2849.000
542.898	2876.222
543.265	2855.000
543.632	2759.222
543.999	2621.222
544.366	2448.333
544.732	2220.333
545.099	1971.000
545.466	1766.333
545.832	1684.444
546.199	1692.444
546.565	1821.778
546.932	2060.111
547.298	2324.556
547.664	2645.333
548.031	2977.889
548.397	3284.000
548.763	3540.444
549.129	3671.556
549.495	3643.333
549.861	3481.556
550.227	3249.333
550.593	2955.778
550.959	2617.333
551.325	2277.222
551.691	1962.333
552.057	1666.333
552.422	1423.333
552.788	1286.667
553.154	1201.556
553.519	1142.111
553.885	1153.222
554.250	1183.778
554.616	1244.333
554.981	1340.222
555.347	1462.889
555.712	1609.556
556.077	1858.000
556.443	2162.000
556.808	2481.444
557.173	2793.000
557.538	3100.889
557.903	3380.444
558.268	3609.778
558.633	3812.667
558.998	3893.667
559.363	3813.778
559.727	3627.222
560.092	3380.222
560.457	3110.889
560.822	2829.889
561.186	2547.667
561.551	2307.222
561.915	2112.778
562.280	2005.556
562.644	1989.333
563.009	2059.889
563.373	2122.889
563.737	2215.556
564.102	2309.667
564.466	2360.778
564.830	2410.667
565.194	2472.667
565.558	2558.889
565.922	2635.556
566.286	2730.222
566.650	2864.333
567.014	3020.111
567.378	3207.000
567.741	3438.111
568.105	3609.889
568.469	3683.111
568.833	3641.111
569.196	3587.111
569.560	3435.222
569.923	3217.778
570.287	2965.111
570.650	2706.667
571.013	2459.111
571.377	2296.444
571.740	2233.000
572.103	2248.222
572.466	2283.444
572.830	2395.333
573.193	2600.556
573.556	2874.111
573.919	3132.556
574.282	3317.111
574.645	3406.000
575.007	3430.889
575.370	3484.111
575.733	3488.556
576.096	3387.889
576.458	3228.000
576.821	3036.333
577.184	2813.778
577.546	2622.444
577.909	2436.111
578.271	2244.667
578.633	2077.111
578.996	1919.889
579.358	1806.889
579.720	1730.889
580.083	1603.667
580.445	1506.778
580.807	1462.778
581.169	1453.333
581.531	1479.222
581.893	1453.111
582.255	1418.111
582.617	1451.444
582.979	1490.111
583.340	1543.444
583.702	1572.889
584.064	1540.667
584.425	1507.222
584.787	1476.667
585.149	1444.556
585.510	1453.111
585.872	1423.778
586.233	1389.111
586.594	1409.778
586.956	1426.222
587.317	1478.444
587.678	1499.000
588.039	1454.667
588.401	1420.889
588.762	1357.222
589.123	1291.333
589.484	1223.111
589.845	1108.333
590.206	995.333
590.566	884.778
590.927	826.778
591.288	828.778
591.649	859.556
592.009	904.778
592.370	1007.667
592.731	1125.778
593.091	1270.222
593.452	1464.778
593.812	1627.556
594.172	1746.444
594.533	1811.778
594.893	1810.000
595.253	1783.889
595.614	1666.333
595.974	1548.667
596.334	1419.556
596.694	1293.222
597.054	1241.111
597.414	1167.111
597.774	1193.444
598.134	1338.667
598.494	1592.667
598.853	1974.000
599.213	2298.222
599.573	2550.667
599.932	2787.778
600.292	2925.889
600.652	3165.667
601.011	3238.111
601.371	3254.889
601.730	3229.111
602.089	3074.000
602.449	2941.667
602.808	2829.222
603.167	2667.889
603.526	2573.333
603.886	2399.333
604.245	2386.444
604.604	2287.667
604.963	2129.444
605.322	1991.444
605.681	1899.667
606.040	1878.111
606.398	1855.333
606.757	1811.556
607.116	1783.000
607.475	1703.778
607.833	1800.111
608.192	1895.667
608.550	2087.778
608.909	2155.333
609.267	2126.444
609.626	2175.111
609.984	2250.333
610.342	2403.000
610.701	2523.667
611.059	2587.333
611.417	2685.111
611.775	2640.000
612.133	2701.333
612.491	2700.667
612.849	2699.556
613.207	2650.333
613.565	2537.000
613.923	2406.222
614.281	2178.778
614.638	1913.667
614.996	1715.889
615.354	1513.667
615.711	1426.333
616.069	1299.889
616.427	1242.222
616.784	1188.111
617.141	1203.556
617.499	1279.222
617.856	1377.111
618.213	1482.778
618.571	1555.556
618.928	1686.778
619.285	1749.889
619.642	1774.667
619.999	1716.889
620.356	1639.444
620.713	1558.444
621.070	1458.667
621.427	1358.778
621.784	1269.111
622.141	1148.667
622.497	1081.556
622.854	1042.000
623.211	1040.556
623.567	1040.333
623.924	1035.444
624.280	1014.444
624.637	986.444
624.993	976.444
625.349	987.333
625.706	1036.889
626.062	1079.556
626.418	1104.556
626.774	1100.000
627.131	1116.333
627.487	1128.889
627.843	1139.000
628.199	1129.778
628.555	1124.000
628.911	1085.000
629.266	1035.333
629.622	1002.222
629.978	985.000
630.334	941.556
630.689	937.556
631.045	956.889
631.401	986.222
631.756	1015.556
632.112	1038.000
632.467	1069.556
632.822	1146.556
633.178	1257.111
633.533	1389.444
633.888	1481.889
634.243	1533.222
634.599	1598.556
634.954	1667.000
635.309	1720.333
635.664	1766.667
636.019	1741.333
636.374	1686.556
636.729	1594.444
637.083	1541.889
637.438	1489.778
637.793	1431.556
638.148	1329.444
638.502	1226.111
638.857	1087.000
639.211	997.111
639.566	923.778
639.920	912.778
640.275	972.333
640.629	1053.556
640.983	1195.778
641.338	1295.667
641.692	1493.444
642.046	1766.778
642.400	2096.333
642.754	2377.111
643.108	2546.667
643.462	2571.333
643.816	2600.000
644.170	2665.111
644.524	2759.889
644.878	2778.444
645.232	2656.889
645.585	2468.667
645.939	2285.222
646.293	2179.222
646.646	2064.778
647.000	1921.556
647.353	1673.000
647.707	1446.556
648.060	1204.222
648.413	1044.444
648.767	900.333
649.120	788.111
649.473	668.000
649.826	631.000
650.179	619.778
650.533	602.222
650.885	585.111
651.239	628.444
651.591	742.222
651.944	878.889
652.297	1041.111
652.650	1184.000
653.003	1361.778
653.355	1512.889
653.708	1667.667
654.061	1746.111
654.413	1761.333
654.766	1684.333
655.118	1585.778
655.471	1447.444
655.823	1333.111
656.175	1158.889
656.528	1013.111
656.880	866.889
657.232	792.000
657.584	770.111
657.936	872.222
658.288	968.667
658.640	1094.667
658.992	1160.778
659.344	1256.111
659.696	1368.000
660.048	1563.333
660.400	1720.778
660.751	1865.556
661.103	1877.556
661.455	1943.778
661.806	1984.889
662.158	2136.556
662.509	2205.778
662.861	2252.556
663.212	2152.000
663.563	2089.222
663.915	2001.556
664.266	1999.333
664.617	1912.222
664.968	1831.333
665.319	1639.556
665.670	1501.000
666.021	1342.778
666.372	1266.556
666.723	1164.556
667.074	1064.556
667.425	921.889
667.776	859.000
668.127	808.222
668.477	850.222
668.828	895.444
669.179	934.444
669.529	929.000
669.880	916.333
670.230	907.222
670.581	885.000
670.931	820.778
671.281	754.000
671.632	671.000
671.982	648.444
672.332	669.889
672.682	677.000
673.032	687.667
673.382	694.000
673.732	718.111
674.082	741.111
674.432	771.333
674.782	784.556
675.132	797.333
675.482	788.667
675.831	856.667
676.181	918.556
676.531	1017.778
676.880	1112.778
677.230	1267.667
677.579	1372.444
677.929	1503.222
678.278	1567.778
678.628	1658.556
678.977	1729.444
679.326	1819.000
679.675	1903.111
680.024	1904.667
680.374	1819.333
680.723	1715.778
681.072	1592.111
681.421	1464.667
681.770	1302.222
682.119	1118.667
682.467	960.556
682.816	785.111
683.165	702.444
683.514	645.000
683.862	665.889
684.211	724.556
684.559	784.889
684.908	894.111
685.256	949.667
685.605	997.667
685.953	1026.111
686.302	1065.778
686.650	1094.556
686.998	1127.333
687.346	1127.333
687.694	1207.667
688.043	1270.111
688.391	1345.222
688.739	1414.222
689.087	1481.667
689.435	1557.222
689.782	1563.889
690.130	1521.444
690.478	1436.667
690.826	1294.556
691.173	1148.222
691.521	1080.556
691.869	1041.000
692.216	1016.222
692.564	1018.556
692.911	1082.556
693.259	1192.667
693.606	1298.778
693.953	1394.889
694.300	1462.556
694.648	1512.778
694.995	1535.111
695.342	1554.111
695.689	1525.000
696.036	1489.667
696.383	1445.000
696.730	1435.000
697.077	1527.444
697.424	1608.444
697.771	1679.333
698.117	1766.667
698.464	1864.778
698.811	2018.222
699.157	2077.778
699.504	2080.556
699.850	2013.556
700.197	1837.111
700.543	1697.667
700.890	1552.222
701.236	1388.444
701.582	1212.444
701.929	995.667
702.275	887.000
702.621	818.444
702.967	819.889
703.313	851.556
703.659	924.333
704.005	986.778
704.351	1098.111
704.697	1190.222
705.043	1220.556
705.388	1253.222
705.734	1248.333
706.080	1242.556
706.426	1235.222
706.771	1198.556
707.117	1163.444
707.462	1099.222
707.808	1077.222
708.153	1068.333
708.498	1081.556
708.844	1120.000
709.189	1198.222
709.534	1228.333
709.879	1189.222
710.225	1157.222
710.570	1077.222
710.915	1004.556
711.260	945.222
711.605	876.778
711.950	819.333
712.294	728.111
712.639	684.111
712.984	690.222
713.329	738.222
713.673	791.111
714.018	818.556
714.363	856.667
714.707	876.556
715.052	928.222
715.396	949.000
715.740	937.333
716.085	905.000
716.429	825.000
716.773	781.111
717.117	748.667
717.462	753.000
717.806	755.667
718.150	706.778
718.494	677.556
718.838	655.667
719.182	659.778
719.526	683.111
719.869	696.222
720.213	720.778
720.557	690.444
720.901	666.000
721.244	646.667
721.588	636.333
721.932	662.000
722.275	660.889
722.618	672.556
722.962	677.667
723.305	723.333
723.649	798.444
723.992	858.889
724.335	949.778
724.678	1000.667
725.021	1004.667
725.365	1025.333
725.708	992.556
726.051	947.667
726.393	840.000
726.736	731.000
727.079	672.333
727.422	603.000
727.765	644.333
728.108	695.667
728.450	718.667
728.793	783.556
729.135	819.111
729.478	878.556
729.820	926.667
730.163	936.444
730.505	937.111
730.848	833.889
731.190	742.000
731.532	679.000
731.874	621.778
732.217	643.222
732.559	658.444
732.901	681.111
733.243	717.778
733.585	724.556
733.927	759.556
734.269	789.778
734.610	805.222
734.952	819.000
735.294	789.000
735.636	747.000
735.977	714.778
736.319	676.333
736.660	672.889
737.002	657.111
737.343	621.000
737.685	601.667
738.026	585.889
738.368	606.222
738.709	649.556
739.050	659.222
739.391	665.778
739.732	657.000
740.073	645.333
740.415	671.778
740.756	697.111
741.096	705.778
741.437	698.333
741.778	683.556
742.119	726.444
742.460	770.000
742.801	833.111
743.141	915.333
743.482	930.778
743.823	932.667
744.163	925.111
744.504	889.000
744.844	842.333
745.184	752.667
745.525	677.778
745.865	615.778
746.205	535.889
746.545	547.111
746.886	605.222
747.226	652.667
747.566	774.222
747.906	921.111
748.246	1009.000
748.586	1071.667
748.926	1094.444
749.266	1117.667
749.605	1126.889
749.945	1103.556
750.285	1133.222
750.624	1124.444
750.964	1046.222
751.304	1040.444
751.643	1050.000
751.983	1026.556
752.322	991.000
752.661	923.222
753.001	860.222
753.340	811.889
753.679	763.778
754.018	765.000
754.358	794.889
754.697	776.111
755.036	758.111
755.375	747.222
755.714	746.444
756.053	764.889
756.392	758.333
756.730	710.111
757.069	659.556
757.408	582.667
757.747	534.222
758.085	524.000
758.424	534.222
758.762	553.667
759.101	586.333
759.439	605.111
759.778	613.000
760.116	605.889
760.454	572.000
760.793	551.222
761.131	558.333
761.469	571.667
761.807	607.111
762.145	654.556
762.483	670.556
762.821	680.556
763.159	705.111
763.497	741.000
763.835	767.000
764.173	775.889
764.510	766.444
764.848	729.667
765.186	653.444
765.523	590.778
765.861	566.556
766.198	574.000
766.536	606.000
766.873	690.667
767.211	822.667
767.548	900.778
767.885	946.889
768.223	983.889
768.560	1004.556
768.897	1012.000
769.234	1031.222
769.571	1055.222
769.908	1021.778
770.245	951.889
770.582	920.667
770.919	928.111
771.256	975.000
771.593	1040.111
771.929	1107.556
772.266	1189.333
772.603	1260.000
772.939	1336.000
773.276	1411.000
773.612	1444.889
773.949	1425.444
774.285	1384.778
774.622	1366.889
774.958	1324.667
775.294	1196.667
775.630	1048.000
775.966	903.556
776.303	761.222
776.639	682.778
776.975	636.000
777.311	584.556
777.647	526.889
777.983	500.111
778.318	513.222
778.654	542.889
778.990	564.889
779.326	567.222
779.661	588.667
779.997	641.000
780.333	686.000
780.668	799.778
781.004	981.000
781.339	1129.000
781.674	1312.222
782.010	1498.556
782.345	1591.222
782.680	1607.556
783.016	1618.556
783.351	1617.556
783.686	1531.333
784.021	1391.778
784.356	1246.222
784.691	1051.889
785.026	902.444
785.361	857.111
785.695	887.111
786.030	937.556
786.365	981.222
786.700	994.556
787.034	986.333
787.369	1015.000
787.703	1049.000
788.038	1058.889
788.372	1070.444
788.707	1034.556
789.041	946.444
789.376	894.889
789.710	935.667
790.044	999.778
790.378	1065.556
790.712	1138.667
791.046	1165.111
791.380	1142.333
791.714	1136.333
792.048	1143.111
792.382	1113.000
792.716	1029.222
793.050	933.556
793.384	816.222
793.718	697.667
794.051	638.778
794.385	623.778
794.718	612.667
795.052	596.333
795.385	582.889
795.719	582.333
796.052	622.667
796.386	699.556
796.719	767.556
797.052	827.222
797.385	871.667
797.719	895.667
798.052	923.667
798.385	990.444
798.718	1081.222
799.051	1136.444
799.384	1148.556
799.716	1132.444
800.049	1096.444
800.382	1084.778
800.715	1130.333
801.048	1213.667
801.380	1267.111
801.713	1266.111
802.045	1244.556
802.378	1218.222
802.710	1241.667
803.043	1311.667
803.375	1351.444
803.707	1319.889
804.040	1247.222
804.372	1211.778
804.704	1242.778
805.036	1402.222
805.368	1688.111
805.700	1909.556
806.032	2004.000
806.364	2099.222
806.696	2237.111
807.028	2354.556
807.360	2453.111
807.692	2525.444
808.023	2464.667
808.355	2261.444
808.687	2089.333
809.018	2016.222
809.350	1943.556
809.681	1872.889
810.013	1863.111
810.344	1834.667
810.676	1728.111
811.007	1608.667
811.338	1510.222
811.669	1407.556
812.001	1294.667
812.332	1193.889
812.663	1092.667
812.994	968.111
813.325	891.667
813.656	967.889
813.987	1162.667
814.317	1391.222
814.648	1677.444
814.979	2021.444
815.310	2386.667
815.640	2736.000
815.971	3108.222
816.301	3435.111
816.632	3651.333
816.962	3615.000
817.293	3509.556
817.623	3355.667
817.954	3138.111
818.284	2878.667
818.614	2640.556
818.944	2358.556
819.274	2037.000
819.605	1711.667
819.935	1580.556
820.265	1510.333
820.595	1423.778
820.924	1326.000
821.254	1247.444
821.584	1156.778
821.914	1077.556
822.244	1041.222
822.573	1058.111
822.903	1062.000
823.233	1066.889
823.562	1188.667
823.892	1520.778
824.221	1872.333
824.550	2228.556
824.880	2589.778
825.209	2947.667
825.538	3273.889
825.868	3507.556
826.197	3600.556
826.526	3673.444
826.855	3605.222
827.184	3459.889
827.513	3257.111
827.842	3024.222
828.171	2737.333
828.500	2410.000
828.828	2168.889
829.157	2116.000
829.486	1990.333
829.815	1761.111
830.143	1569.667
830.472	1452.889
830.800	1380.000
831.129	1332.111
831.457	1304.556
831.786	1291.667
832.114	1248.444
832.442	1209.444
832.770	1242.667
833.099	1378.556
833.427	1526.667
833.755	1594.222
834.083	1617.778
834.411	1657.333
834.739	1724.000
835.067	1763.111
835.395	1777.333
835.723	1797.667
836.050	1787.778
836.378	1723.889
836.706	1658.667
837.033	1631.000
837.361	1622.222
837.689	1557.667
838.016	1451.778
838.344	1354.889
838.671	1283.667
838.998	1264.222
839.326	1290.444
839.653	1358.333
839.980	1520.444
840.307	1730.778
840.634	1922.111
840.961	2088.222
841.289	2330.111
841.615	2656.000
841.942	2886.222
842.269	3095.333
842.596	3330.889
842.923	3356.889
843.250	3211.333
843.576	3039.778
843.903	2903.333
844.230	2722.222
844.556	2474.778
844.883	2258.556
845.209	2004.667
845.536	1732.889
845.862	1687.333
846.188	1798.889
846.515	1886.222
846.841	1909.333
847.167	1868.222
847.493	1778.667
847.819	1723.111
848.146	1730.333
848.472	1777.222
848.798	1894.667
849.123	2042.444
849.449	2267.222
849.775	2469.556
850.101	2668.556
850.427	3005.556
850.752	3277.333
851.078	3524.000
851.404	3748.889
851.729	3827.778
852.055	3825.778
852.380	3737.556
852.706	3639.778
853.031	3503.778
853.356	3183.444
853.682	2859.778
854.007	2536.667
854.332	2195.222
854.657	1858.333
854.982	1582.222
855.307	1419.556
855.632	1333.889
855.957	1270.778
856.282	1220.889
856.607	1214.444
856.932	1291.667
857.256	1408.667
857.581	1485.111
857.906	1528.222
858.230	1621.111
858.555	1785.444
858.880	1955.889
859.204	2066.667
859.529	2140.444
859.853	2212.444
860.177	2341.889
860.502	2497.778
860.826	2573.444
861.150	2619.444
861.474	2749.333
861.798	2934.444
862.122	3172.556
862.446	3204.667
862.770	3088.000
863.094	2880.667
863.418	2715.889
863.742	2596.333
864.066	2381.556
864.389	2045.444
864.713	1706.556
865.037	1403.444
865.360	1308.444
865.684	1273.333
866.008	1287.667
866.331	1387.333
866.654	1639.889
866.978	1965.333
867.301	2222.778
867.624	2411.444
867.948	2606.889
868.271	2837.111
868.594	3026.667
868.917	3108.000
869.240	3041.333
869.563	2880.667
869.886	2848.111
870.209	2926.778
870.532	3077.000
870.855	3206.000
871.177	3295.000
871.500	3398.667
871.823	3519.889
872.145	3580.667
872.468	3506.000
872.791	3229.556
873.113	2920.667
873.435	2601.444
873.758	2261.000
874.080	1899.889
874.402	1555.444
874.725	1281.889
875.047	1141.111
875.369	1166.222
875.691	1303.778
876.013	1429.333
876.335	1574.333
876.657	1793.556
876.979	2089.222
877.301	2363.667
877.623	2520.889
877.945	2560.556
878.266	2489.667
878.588	2351.889
878.910	2272.889
879.231	2220.889
879.553	2122.000
879.875	1945.222
880.196	1798.444
880.517	1760.667
880.839	1769.222
881.160	1765.889
881.481	1731.000
881.803	1624.000
882.124	1498.778
882.445	1397.667
882.766	1339.778
883.087	1274.889
883.408	1173.333
883.729	1116.111
884.050	1125.667
884.371	1223.333
884.692	1422.889
885.012	1619.778
885.333	1781.889
885.654	1919.889
885.974	2082.667
886.295	2291.889
886.616	2470.667
886.936	2582.778
887.257	2592.444
887.577	2512.778
887.897	2472.556
888.218	2493.222
888.538	2544.778
888.858	2547.000
889.178	2459.556
889.498	2341.111
889.818	2244.333
890.139	2189.667
890.458	2147.444
890.778	2055.444
891.098	1922.889
891.418	1785.889
891.738	1766.778
892.058	1911.778
892.377	2125.000
892.697	2290.667
893.017	2387.333
893.336	2461.778
893.656	2577.222
893.975	2770.222
894.295	3017.667
894.614	3185.889
894.933	3260.222
895.253	3312.000
895.572	3432.222
895.891	3628.333
896.210	3845.556
896.529	3957.889
896.848	3904.667
897.167	3740.111
897.486	3541.889
897.805	3354.667
898.124	3211.444
898.443	3084.667
898.762	2919.889
899.081	2676.222
899.399	2431.778
899.718	2237.333
900.036	2094.778
900.355	2027.667
900.673	1997.556
900.992	1963.556
901.310	1914.667
901.629	1895.222
901.947	1958.000
902.265	2067.444
902.583	2180.889
902.902	2249.889
903.220	2232.000
903.538	2149.000
903.856	2028.111
904.174	1916.556
904.492	1845.778
904.810	1778.556
905.128	1705.556
905.445	1620.000
905.763	1535.667
906.081	1470.889
906.398	1430.556
906.716	1369.556
907.034	1304.333
907.351	1214.111
907.669	1111.667
907.986	1006.889
908.304	913.778
908.621	833.222
908.938	782.556
909.255	735.778
909.573	721.111
909.890	716.000
910.207	737.000
910.524	809.444
910.841	948.333
911.158	1121.889
911.475	1294.222
911.792	1432.889
912.109	1548.444
912.425	1658.556
912.742	1763.889
913.059	1850.333
913.375	1941.556
913.692	2056.222
914.009	2188.778
914.325	2339.444
914.641	2458.000
914.958	2513.889
915.274	2522.000
915.591	2491.556
915.907	2446.111
916.223	2339.556
916.539	2133.667
916.855	1893.000
917.172	1643.667
917.488	1441.222
917.804	1313.889
918.119	1219.333
918.435	1183.556
918.751	1212.667
919.067	1328.778
919.383	1520.000
919.698	1721.556
920.014	1916.222
920.330	2166.556
920.645	2476.111
920.961	2825.000
921.276	3143.333
921.592	3356.000
921.907	3442.889
922.223	3456.778
922.538	3434.556
922.853	3394.778
923.168	3271.444
923.483	3064.000
923.799	2818.778
924.114	2546.667
924.429	2286.889
924.744	2055.667
925.059	1818.556
925.373	1595.778
925.688	1400.889
926.003	1238.333
926.318	1117.333
926.632	1013.778
926.947	949.000
927.262	924.444
927.576	909.333
927.891	924.667
928.205	959.778
928.520	1003.778
928.834	1089.556
929.148	1186.667
929.463	1284.667
929.777	1364.444
930.091	1412.333
930.405	1447.000
930.719	1469.444
931.033	1474.778
931.347	1478.778
931.661	1476.000
931.975	1464.111
932.289	1466.333
932.603	1490.556
932.917	1512.778
933.230	1551.556
933.544	1576.889
933.858	1573.111
934.171	1555.667
934.485	1497.667
934.798	1426.333
935.112	1340.556
935.425	1237.556
935.738	1159.667
936.052	1089.000
936.365	1036.667
936.678	1033.667
936.991	1038.444
937.305	1052.556
937.618	1098.444
937.931	1170.556
938.244	1276.889
938.556	1430.778
938.869	1615.222
939.182	1834.778
939.495	2069.222
939.808	2257.667
940.120	2407.222
940.433	2490.222
940.746	2508.444
941.058	2500.556
941.371	2466.444
941.683	2418.778
941.996	2354.778
942.308	2237.333
942.620	2117.000
942.933	2017.111
943.245	1915.889
943.557	1828.111
943.869	1732.778
944.181	1618.333
944.493	1501.556
944.805	1411.222
945.117	1367.000
945.429	1407.111
945.741	1489.889
946.053	1599.778
946.365	1735.000
946.676	1863.444
946.988	1947.000
947.300	1988.222
947.611	1972.556
947.923	1931.778
948.234	1876.667
948.546	1817.889
948.857	1768.222
949.169	1712.222
949.480	1628.667
949.791	1566.333
950.102	1528.889
950.413	1500.667
950.725	1474.111
951.036	1426.667
951.347	1360.000
951.658	1304.889
951.969	1252.889
952.280	1219.444
952.590	1208.000
952.901	1189.111
953.212	1162.444
953.523	1151.222
953.833	1127.778
954.144	1104.222
954.454	1072.444
954.765	1033.889
955.075	1014.667
955.386	1005.222
955.696	1002.444
956.007	1025.778
956.317	1061.778
956.627	1107.778
956.937	1170.444
957.247	1234.222
957.558	1276.556
957.868	1308.778
958.178	1310.556
958.488	1283.667
958.797	1232.667
959.107	1146.889
959.417	1053.222
959.727	949.556
960.037	833.889
960.346	737.222
960.656	655.778
960.966	592.778
961.275	557.333
961.585	540.889
961.894	534.222
962.203	534.556
962.513	536.333
962.822	539.889
963.131	547.889
963.441	555.778
963.750	569.222
964.059	598.778
964.368	643.778
964.677	692.889
964.986	761.889
965.295	849.111
965.604	970.889
965.913	1095.667
966.221	1234.111
966.530	1373.000
966.839	1518.778
967.148	1640.333
967.456	1722.556
967.765	1758.556
968.073	1744.444
968.382	1668.111
968.690	1583.889
968.999	1472.667
969.307	1339.222
969.615	1203.778
969.924	1083.444
970.232	997.222
970.540	965.333
970.848	965.889
971.156	988.000
971.464	1036.222
971.772	1092.333
972.080	1159.222
972.388	1229.778
972.696	1289.778
973.003	1350.556
973.311	1396.222
973.619	1421.444
973.926	1432.000
974.234	1419.111
974.542	1390.667
974.849	1361.111
975.157	1328.111
975.464	1285.667
975.771	1241.556
976.079	1191.222
976.386	1151.889
976.693	1129.222
977.000	1107.889
977.307	1082.556
977.615	1048.556
977.922	992.333
978.229	935.000
978.536	870.778
978.842	798.000
979.149	723.889
979.456	649.000
979.763	572.556
980.070	510.222
980.376	467.333
980.683	434.778
980.989	418.000
981.296	418.222
981.602	428.333
981.909	444.222
982.215	464.556
982.522	496.889
982.828	525.111
983.134	547.444
983.440	579.667
983.746	611.889
984.053	650.000
984.359	714.111
984.665	773.667
984.971	839.889
985.277	917.000
985.582	1000.222
985.888	1088.778
986.194	1194.000
986.500	1289.556
986.805	1362.778
987.111	1419.778
987.417	1461.000
987.722	1483.889
988.028	1507.000
988.333	1524.667
988.639	1527.667
988.944	1520.444
989.249	1511.667
989.555	1512.222
989.860	1517.889
990.165	1536.222
990.470	1570.778
990.775	1594.444
991.080	1613.667
991.385	1620.000
991.690	1615.556
991.995	1610.111
992.300	1588.444
992.605	1563.444
992.910	1548.444
993.214	1507.889
993.519	1443.222
993.824	1381.333
994.128	1327.556
994.433	1269.667
994.737	1218.000
995.042	1168.667
995.346	1099.889
995.650	1030.778
995.955	964.000
996.259	896.444
996.563	838.111
996.867	784.556
997.171	722.111
997.476	666.222
997.780	616.889
998.083	564.333
998.387	516.889
998.691	485.222
998.995	463.333
999.299	444.667
999.603	438.778
999.906	433.222
1000.210	426.333
1000.514	421.889
1000.817	420.333
1001.121	428.667
1001.424	442.667
1001.728	454.222
1002.031	465.556
1002.334	472.667
1002.638	476.889
1002.941	491.778
1003.244	516.667
1003.547	535.333
1003.850	549.111
1004.153	559.667
1004.456	569.000
1004.759	580.778
1005.062	602.000
1005.365	622.778
1005.668	638.667
1005.971	667.222
1006.273	696.889
1006.576	719.556
1006.879	752.222
1007.181	779.000
1007.484	799.444
1007.786	831.667
1008.089	864.667
1008.391	876.333
1008.693	879.000
1008.996	883.778
1009.298	879.111
1009.600	871.889
1009.902	880.111
1010.204	875.000
1010.507	858.222
1010.809	854.000
1011.111	851.000
1011.412	838.333
1011.714	835.111
1012.016	830.222
1012.318	809.444
1012.620	781.556
1012.921	756.222
1013.223	714.111
1013.525	661.111
1013.826	619.667
1014.128	572.889
1014.429	522.333
1014.731	476.111
1015.032	435.667
1015.333	397.889
1015.635	370.889
1015.936	348.667
1016.237	332.778
1016.538	321.778
1016.839	316.000
1017.140	311.556
1017.441	309.333
1017.742	307.333
1018.043	307.667
1018.344	310.556
1018.645	318.111
1018.946	326.778
1019.246	338.222
1019.547	349.556
1019.848	358.444
1020.148	378.333
1020.449	398.889
1020.749	410.111
1021.050	426.889
1021.350	440.000
1021.651	445.444
1021.951	453.667
1022.251	463.444
1022.551	468.000
1022.852	462.667
1023.152	463.111
1023.452	467.111
1023.752	460.111
1024.052	464.667
1024.352	474.667
1024.652	471.556
1024.952	481.556
1025.251	497.111
1025.551	502.667
1025.851	509.333
1026.150	526.556
1026.450	536.556
1026.750	538.333
1027.049	547.444
1027.349	553.111
1027.648	542.667
1027.947	539.111
1028.247	546.889
1028.546	539.667
1028.845	527.889
1029.144	524.667
1029.444	512.667
1029.743	490.000
1030.042	477.889
1030.341	464.333
1030.640	441.222
1030.939	417.111
1031.238	397.333
1031.536	371.000
1031.835	346.333
1032.134	328.556
1032.433	309.333
1032.731	292.000
1033.030	278.556
1033.328	264.222
1033.627	249.667
1033.925	242.889
1034.224	237.111
1034.522	236.111
1034.820	233.778
1035.119	235.111
1035.417	230.444
1035.715	235.778
1036.013	252.667
1036.311	266.556
1036.609	282.333
1036.907	310.889
1037.205	332.222
1037.503	357.556
1037.801	404.556
1038.099	449.222
1038.397	474.667
1038.694	508.222
1038.992	552.444
1039.290	579.778
1039.587	600.556
1039.885	640.000
1040.182	667.444
1040.479	670.111
1040.777	699.333
1041.074	738.778
1041.372	748.000
1041.669	756.778
1041.966	790.778
1042.263	806.444
1042.560	808.889
1042.857	835.111
1043.154	853.111
1043.451	844.667
1043.748	846.222
1044.045	860.778
1044.342	845.667
1044.639	823.111
1044.935	818.667
1045.232	795.667
1045.529	755.667
1045.825	730.444
1046.122	701.000
1046.418	656.889
1046.715	619.444
1047.011	599.111
1047.308	567.333
1047.604	532.000
1047.900	508.333
1048.197	478.889
1048.493	439.889
1048.789	407.778
1049.085	379.444
1049.381	344.111
1049.677	311.444
1049.973	284.000
1050.269	254.444
1050.565	227.444
1050.860	211.778
1051.156	199.889
1051.452	189.444
1051.748	181.667
1052.043	177.333
1052.339	175.222
1052.634	176.333
1052.930	179.000
1053.225	182.111
1053.521	182.333
1053.816	188.111
1054.111	196.333
1054.407	202.667
1054.702	211.444
1054.997	225.222
1055.292	234.444
1055.587	243.222
1055.882	261.000
1056.177	281.556
1056.472	294.556
1056.767	315.556
1057.062	345.444
1057.357	368.000
1057.651	384.889
1057.946	418.222
1058.241	444.333
1058.535	451.556
1058.830	470.556
1059.124	504.222
1059.419	510.778
1059.713	515.111
1060.008	531.556
1060.302	540.333
1060.596	525.667
1060.890	526.889
1061.185	542.889
1061.479	531.889
1061.773	508.222
1062.067	511.222
1062.361	499.667
1062.655	472.556
1062.949	465.000
1063.243	465.222
1063.536	445.111
1063.830	417.778
1064.124	412.222
1064.418	400.889
1064.711	376.222
1065.005	362.333
1065.298	356.000
1065.592	328.556
1065.885	299.000
1066.179	282.333
1066.472	265.222
1066.765	239.333
1067.058	220.000
1067.352	204.778
1067.645	185.222
1067.938	164.333
1068.231	152.444
1068.524	143.778
1068.817	134.889
1069.110	130.000
1069.403	124.889
1069.696	120.444
1069.989	116.778
1070.281	116.889
1070.574	116.667
1070.867	116.556
1071.159	117.778
1071.452	119.444
1071.744	120.111
1072.037	123.889
1072.329	129.444
1072.622	134.111
1072.914	135.556
1073.206	138.889
1073.498	144.000
1073.791	149.222
1074.083	153.333
1074.375	160.889
1074.667	162.778
1074.959	159.889
1075.251	158.778
1075.543	159.333
1075.835	157.444
1076.126	154.333
1076.418	152.778
1076.710	149.889
1077.002	143.111
1077.293	141.333
1077.585	143.889
1077.876	143.111
1078.168	142.111
1078.459	144.000
1078.751	144.667
1079.042	141.444
1079.333	141.778
1079.625	143.000
1079.916	140.889
1080.207	139.556
1080.498	141.778
1080.789	143.889
1081.080	142.778
1081.371	144.222
1081.662	148.444
1081.953	149.778
1082.244	150.333
1082.535	153.556
1082.826	154.778
1083.116	151.556
1083.407	148.778
1083.698	147.444
1083.988	143.444
1084.279	138.000
1084.569	133.778
1084.859	128.778
1085.150	123.000
1085.440	117.222
1085.730	114.333
1086.021	110.778
1086.311	106.000
1086.601	102.889
1086.891	100.333
1087.181	96.333
1087.471	93.111
1087.761	91.222
1088.051	89.444
1088.341	86.667
1088.631	86.000
1088.921	86.111
1089.210	85.556
1089.500	84.556
1089.790	85.333
1090.079	86.222
1090.369	87.222
1090.658	88.444
1090.948	91.556
1091.237	93.667
1091.526	95.556
1091.816	99.000
1092.105	103.667
1092.394	108.444
1092.683	111.000
1092.973	113.667
1093.262	115.889
1093.551	115.333
1093.840	115.222
1094.129	117.556
1094.417	120.000
1094.706	121.111
1094.995	119.556
1095.284	120.222
1095.573	120.333
1095.861	118.333
1096.150	118.778
1096.438	119.556
1096.727	116.889
1097.016	111.444
1097.304	107.000
1097.592	104.556
1097.881	101.000
1098.169	95.333
1098.457	93.333
1098.745	90.444
1099.034	85.000
1099.322	83.556
