520.430	0.000
520.800	0.000
521.169	60.000
521.539	58.000
521.909	62.000
522.278	75.000
522.648	58.000
523.017	72.000
523.387	73.000
523.756	63.000
524.125	67.000
524.494	75.000
524.864	58.000
525.233	67.000
525.602	68.000
525.971	68.000
526.340	64.000
526.709	66.000
527.078	59.000
527.447	72.000
527.816	171.444
528.185	568.889
528.553	975.111
528.922	1361.889
529.291	1738.556
529.659	2109.444
530.028	2442.778
530.396	2739.889
530.765	2978.444
531.133	3071.222
531.502	2813.889
531.870	2504.222
532.238	2189.778
532.606	1874.222
532.975	1563.556
533.343	1302.222
533.711	1088.222
534.079	953.556
534.447	883.444
534.815	905.222
535.183	1007.222
535.551	1168.889
535.919	1348.000
536.286	1568.556
536.654	1818.222
537.022	2080.556
537.389	2349.667
537.757	2624.556
538.125	2844.667
538.492	3009.778
538.859	3129.889
539.227	3217.556
539.594	3241.333
539.961	3173.889
540.329	3022.778
540.696	2786.667
541.063	2470.778
541.430	2166.667
541.797	1872.667
542.164	1604.778
542.531	1377.333
542.898	1203.222
543.265	1116.000
543.632	1118.778
543.999	1213.667
544.366	1358.778
544.732	1519.667
545.099	1681.000
545.466	1821.889
545.832	1929.333
546.199	1999.222
546.565	2036.222
546.932	2032.111
547.298	1988.000
547.664	1967.222
548.031	1988.556
548.397	2001.111
548.763	2051.444
549.129	2146.444
549.495	2201.667
549.861	2203.000
550.227	2197.667
550.593	2153.556
550.959	2043.778
551.325	1872.889
551.691	1714.889
552.057	1542.889
552.422	1374.556
552.788	1318.778
553.154	1361.222
553.519	1480.111
553.885	1719.556
554.250	2008.556
554.616	2352.889
554.981	2715.000
555.347	3058.000
555.712	3370.333
556.077	3514.333
556.443	3512.556
556.808	3407.444
557.173	3177.778
557.538	2903.556
557.903	2551.444
558.268	2178.000
558.633	1803.111
558.998	1424.000
559.363	1148.889
559.727	998.667
560.092	898.111
560.457	869.222
560.822	876.333
561.186	931.111
561.551	1027.111
561.915	1171.000
562.280	1349.778
562.644	1593.556
563.009	1906.889
563.373	2193.889
563.737	2515.000
564.102	2837.889
564.466	3148.556
564.830	3396.333
565.194	3566.222
565.558	3635.333
565.922	3608.000
566.286	3470.889
566.650	3313.333
567.014	3105.222
567.378	2856.778
567.741	2579.111
568.105	2348.556
568.469	2202.222
568.833	2129.556
569.196	2111.000
569.560	2123.111
569.923	2161.222
570.287	2185.778
570.650	2215.000
571.013	2234.556
571.377	2244.778
571.740	2239.667
572.103	2214.000
572.466	2207.000
572.830	2213.111
573.193	2213.444
573.556	2275.667
573.919	2398.889
574.282	2523.778
574.645	2671.556
575.007	2712.778
575.370	2740.333
575.733	2715.444
576.096	2605.778
576.458	2492.556
576.821	2301.222
577.184	2053.000
577.546	1854.778
577.909	1637.111
578.271	1493.556
578.633	1422.000
578.996	1373.000
579.358	1377.556
579.720	1456.556
580.083	1569.222
580.445	1736.556
580.807	1945.111
581.169	2101.556
581.531	2265.222
581.893	2365.333
582.255	2418.778
582.617	2476.667
582.979	2437.000
583.340	2378.556
583.702	2292.111
584.064	2108.667
584.425	1932.778
584.787	1743.778
585.149	1555.333
585.510	1411.778
585.872	1259.778
586.233	1137.889
586.594	1043.000
586.956	944.667
587.317	897.444
587.678	893.667
588.039	890.222
588.401	916.333
588.762	957.222
589.123	983.000
589.484	1052.667
589.845	1114.111
590.206	1175.667
590.566	1259.333
590.927	1298.000
591.288	1344.889
591.649	1385.333
592.009	1399.889
592.370	1456.222
592.731	1432.444
593.091	1419.222
593.452	1416.333
593.812	1385.556
594.172	1417.111
594.533	1422.889
594.893	1400.778
595.253	1367.333
595.614	1288.444
595.974	1267.889
596.334	1224.111
596.694	1167.889
597.054	1101.778
597.414	989.444
597.774	896.889
598.134	850.889
598.494	824.889
598.853	857.889
599.213	893.333
599.573	926.000
599.932	1002.333
600.292	1066.667
600.652	1208.889
601.011	1312.111
601.371	1391.778
601.730	1439.333
602.089	1439.889
602.449	1422.000
602.808	1379.222
603.167	1301.000
603.526	1252.222
603.886	1145.111
604.245	1112.111
604.604	1073.778
604.963	1126.444
605.322	1231.000
605.681	1372.667
606.040	1621.444
606.398	1848.556
606.757	2076.556
607.116	2282.000
607.475	2408.444
607.833	2578.556
608.192	2648.222
608.550	2717.889
608.909	2793.444
609.267	2722.111
609.626	2680.889
609.984	2544.778
610.342	2470.000
610.701	2426.778
611.059	2340.889
611.417	2298.333
611.775	2141.111
612.133	1957.667
612.491	1815.222
612.849	1735.111
613.207	1743.000
613.565	1709.444
613.923	1701.556
614.281	1694.333
614.638	1718.333
614.996	1812.222
615.354	1922.556
615.711	2037.111
616.069	2056.333
616.427	2086.111
616.784	2086.889
617.141	2116.444
617.499	2125.000
617.856	2118.111
618.213	2098.000
618.571	2058.778
618.928	2113.444
619.285	2144.444
619.642	2173.444
619.999	2161.222
620.356	2119.556
620.713	2094.222
621.070	2028.000
621.427	1964.111
621.784	1853.667
622.141	1671.222
622.497	1498.111
622.854	1312.000
623.211	1179.556
623.567	1033.444
623.924	912.333
624.280	833.222
624.637	808.111
624.993	798.778
625.349	815.778
625.706	875.778
626.062	987.778
626.418	1100.222
626.774	1161.444
627.131	1200.333
627.487	1178.778
627.843	1111.778
628.199	1057.444
628.555	999.667
628.911	932.667
629.266	832.333
629.622	746.889
629.978	707.000
630.334	708.333
630.689	727.444
631.045	769.333
631.401	793.333
631.756	814.667
632.112	829.333
632.467	841.667
632.822	871.444
633.178	914.000
633.533	920.667
633.888	912.000
634.243	883.889
634.599	886.111
634.954	861.111
635.309	837.000
635.664	804.333
636.019	757.778
636.374	717.222
636.729	669.556
637.083	655.222
637.438	632.111
637.793	616.556
638.148	610.556
638.502	630.333
638.857	673.444
639.211	719.000
639.566	782.556
639.920	873.222
640.275	1032.333
640.629	1195.333
640.983	1390.000
641.338	1525.333
641.692	1679.222
642.046	1804.444
642.400	1958.000
642.754	2057.000
643.108	2109.111
643.462	2050.111
643.816	1979.667
644.170	1851.444
644.524	1748.444
644.878	1586.444
645.232	1408.889
645.585	1209.333
645.939	1028.778
646.293	883.333
646.646	773.667
647.000	703.889
647.353	669.778
647.707	706.556
648.060	772.222
648.413	888.222
648.767	992.333
649.120	1126.778
649.473	1265.000
649.826	1442.111
650.179	1625.444
650.533	1784.444
650.885	1853.000
651.239	1877.333
651.591	1875.667
651.944	1885.556
652.297	1895.889
652.650	1866.889
653.003	1785.000
653.355	1641.333
653.708	1503.111
654.061	1402.556
654.413	1332.222
654.766	1234.444
655.118	1130.444
655.471	987.556
655.823	875.222
656.175	766.000
656.528	686.444
656.880	604.778
657.232	547.667
657.584	490.667
657.936	450.778
658.288	407.000
658.640	388.333
658.992	398.222
659.344	472.222
659.696	562.333
660.048	706.444
660.400	849.667
660.751	1050.667
661.103	1212.556
661.455	1388.000
661.806	1484.667
662.158	1535.222
662.509	1509.444
662.861	1483.111
663.212	1407.111
663.563	1364.000
663.915	1264.000
664.266	1203.667
664.617	1081.333
664.968	1008.222
665.319	968.889
665.670	1025.556
666.021	1071.667
666.372	1131.444
666.723	1102.444
667.074	1092.000
667.425	1094.111
667.776	1220.667
668.127	1334.778
668.477	1456.778
668.828	1469.667
669.179	1498.889
669.529	1509.556
669.880	1591.889
670.230	1648.222
670.581	1650.778
670.931	1564.444
671.281	1504.111
671.632	1435.444
671.982	1411.444
672.332	1380.889
672.682	1317.556
673.032	1231.556
673.382	1125.889
673.732	1068.667
674.082	1002.111
674.432	949.000
674.782	854.222
675.132	751.111
675.482	642.222
675.831	607.556
676.181	581.889
676.531	631.222
676.880	648.667
677.230	667.778
677.579	645.778
677.929	638.333
678.278	632.889
678.628	616.889
678.977	566.556
679.326	510.667
679.675	427.111
680.024	385.556
680.374	379.000
680.723	394.778
681.072	433.778
681.421	446.667
681.770	468.222
682.119	482.889
682.467	510.889
682.816	537.444
683.165	568.222
683.514	590.000
683.862	619.333
684.211	656.889
684.559	728.333
684.908	820.667
685.256	934.667
685.605	1098.889
685.953	1206.778
686.302	1347.444
686.650	1445.111
686.998	1604.000
687.346	1734.889
687.694	1841.667
688.043	1877.778
688.391	1823.556
688.739	1686.778
689.087	1571.111
689.435	1415.000
689.782	1272.889
690.130	1059.444
690.478	851.222
690.826	685.556
691.173	568.111
691.521	535.111
691.869	533.222
692.216	576.889
692.564	662.333
692.911	738.333
693.259	862.444
693.606	933.222
693.953	968.000
694.300	1007.778
694.648	1022.667
694.995	1022.000
695.342	1034.111
695.689	1030.222
696.036	1042.556
696.383	1066.222
696.730	1103.778
697.077	1180.889
697.424	1213.333
697.771	1234.444
698.117	1254.556
698.464	1209.111
698.811	1128.222
699.157	1045.889
699.504	926.889
699.850	847.333
700.197	746.111
700.543	718.444
700.890	720.889
701.236	744.556
701.582	789.111
701.929	832.667
702.275	876.444
702.621	907.111
702.967	933.556
703.313	963.111
703.659	977.000
704.005	997.000
704.351	1032.000
704.697	1077.556
705.043	1181.000
705.388	1294.222
705.734	1400.333
706.080	1515.667
706.426	1609.778
706.771	1729.667
707.117	1779.000
707.462	1771.556
707.808	1739.111
708.153	1603.444
708.498	1471.444
708.844	1331.889
709.189	1187.889
709.534	1053.222
709.879	889.222
710.225	805.333
710.570	716.556
710.915	674.444
711.260	649.444
711.605	637.111
711.950	646.111
712.294	673.889
712.639	738.111
712.984	769.333
713.329	810.556
713.673	854.889
714.018	863.333
714.363	891.667
714.707	902.667
715.052	921.667
715.396	902.333
715.740	852.778
716.085	825.111
716.429	776.778
716.773	788.222
717.117	787.667
717.462	828.556
717.806	849.111
718.150	817.778
718.494	797.556
718.838	758.111
719.182	718.000
719.526	666.444
719.869	573.556
720.213	509.556
720.557	411.889
720.901	363.222
721.244	355.778
721.588	382.222
721.932	443.556
722.275	477.222
722.618	534.556
722.962	577.222
723.305	632.778
723.649	690.000
723.992	706.667
724.335	703.444
724.678	659.000
725.021	595.778
725.365	571.333
725.708	529.667
726.051	524.000
726.393	501.444
726.736	460.556
727.079	445.889
727.422	434.889
727.765	448.111
728.108	459.000
728.450	461.333
728.793	477.556
729.135	463.222
729.478	462.444
729.820	470.000
730.163	472.444
730.505	496.333
730.848	509.889
731.190	542.111
731.532	579.778
731.874	616.111
732.217	696.667
732.559	739.222
732.901	779.111
733.243	815.444
733.585	806.333
733.927	792.778
734.269	754.778
734.610	696.556
734.952	627.667
735.294	530.556
735.636	475.222
735.977	447.444
736.319	430.222
736.660	481.111
737.002	532.889
737.343	568.444
737.685	624.333
738.026	668.444
738.368	716.000
738.709	748.889
739.050	731.222
739.391	693.111
739.732	618.000
740.073	548.667
740.415	515.889
740.756	488.222
741.096	495.889
741.437	508.000
741.778	500.667
742.119	520.444
742.460	541.889
742.801	581.444
743.141	638.333
743.482	657.000
743.823	652.111
744.163	606.889
744.504	543.556
744.844	505.778
745.184	474.556
745.525	452.778
745.865	421.667
746.205	365.667
746.545	338.111
746.886	334.111
747.226	342.778
747.566	365.667
747.906	401.111
748.246	423.444
748.586	461.000
748.926	501.778
749.266	534.778
749.605	551.222
749.945	550.333
750.285	570.667
750.624	633.222
750.964	670.556
751.304	742.222
751.643	809.889
751.983	823.444
752.322	848.333
752.661	868.222
753.001	866.778
753.340	846.111
753.679	774.000
754.018	709.111
754.358	641.778
754.697	558.444
755.036	512.889
755.375	471.889
755.714	448.111
756.053	477.778
756.392	538.333
756.730	581.111
757.069	618.222
757.408	640.889
757.747	641.556
758.085	641.889
758.424	652.778
758.762	676.778
759.101	708.778
759.439	703.667
759.778	697.556
760.116	718.000
760.454	715.667
760.793	706.000
761.131	696.444
761.469	674.000
761.807	649.333
762.145	606.667
762.483	558.556
762.821	533.889
763.159	504.111
763.497	466.111
763.835	449.444
764.173	445.222
764.510	450.667
764.848	464.778
765.186	481.889
765.523	492.667
765.861	489.111
766.198	478.778
766.536	477.111
766.873	485.333
767.211	502.889
767.548	511.333
767.885	513.000
768.223	511.444
768.560	509.111
768.897	504.111
769.234	490.111
769.571	482.889
769.908	487.333
770.245	497.111
770.582	507.444
770.919	517.444
771.256	535.333
771.593	563.556
771.929	581.667
772.266	601.444
772.603	632.778
772.939	661.444
773.276	690.889
773.612	702.889
773.949	688.333
774.285	654.000
774.622	620.556
774.958	604.556
775.294	605.667
775.630	624.222
775.966	632.000
776.303	638.222
776.639	660.778
776.975	664.333
777.311	656.111
777.647	661.222
777.983	674.111
778.318	663.222
778.654	667.333
778.990	687.222
779.326	689.667
779.661	717.000
779.997	759.444
780.333	795.889
780.668	864.222
781.004	963.667
781.339	1058.778
781.674	1152.111
782.010	1236.000
782.345	1287.222
782.680	1307.889
783.016	1323.111
783.351	1314.111
783.686	1260.444
784.021	1184.778
784.356	1110.333
784.691	990.889
785.026	861.444
785.361	751.556
785.695	645.111
786.030	570.667
786.365	526.111
786.700	483.778
787.034	439.667
787.369	408.000
787.703	396.778
788.038	428.889
788.372	488.556
788.707	530.000
789.041	551.333
789.376	595.111
789.710	680.889
790.044	775.556
790.378	905.000
790.712	1075.778
791.046	1184.111
791.380	1230.333
791.714	1289.556
792.048	1345.111
792.382	1359.778
792.716	1343.889
793.050	1320.667
793.384	1237.889
793.718	1092.222
794.051	983.444
794.385	929.333
794.718	921.222
795.052	955.111
795.385	985.667
795.719	975.444
796.052	936.778
796.386	906.111
796.719	889.667
797.052	871.778
797.385	852.778
797.719	795.222
798.052	702.111
798.385	638.556
798.718	628.222
799.051	663.444
799.384	727.333
799.716	815.444
800.049	898.556
800.382	952.222
800.715	989.889
801.048	1018.889
801.380	1034.000
801.713	1015.667
802.045	967.333
802.378	897.333
802.710	804.667
803.043	724.222
803.375	684.778
803.707	681.778
804.040	703.000
804.372	721.333
804.704	735.667
805.036	756.556
805.368	803.667
805.700	868.000
806.032	929.000
806.364	982.778
806.696	1005.444
807.028	998.889
807.360	1013.444
807.692	1064.111
808.023	1124.778
808.355	1176.667
808.687	1211.222
809.018	1225.667
809.350	1213.222
809.681	1216.889
810.013	1254.000
810.344	1290.889
810.676	1301.333
811.007	1280.000
811.338	1229.222
811.669	1160.000
812.001	1101.444
812.332	1106.222
812.663	1145.111
812.994	1146.778
813.325	1117.667
813.656	1112.222
813.987	1171.333
814.317	1267.333
814.648	1446.000
814.979	1709.889
815.310	1912.556
815.640	2004.333
815.971	2115.222
816.301	2268.889
816.632	2381.444
816.962	2422.889
817.293	2481.000
817.623	2489.444
817.954	2360.667
818.284	2195.444
818.614	2120.667
818.944	2058.667
819.274	1946.000
819.605	1825.667
819.935	1735.667
820.265	1592.333
820.595	1405.333
820.924	1260.778
821.254	1169.889
821.584	1052.111
821.914	920.222
822.244	825.444
822.573	791.222
822.903	776.889
823.233	805.111
823.562	939.667
823.892	1185.222
824.221	1440.778
824.550	1667.000
824.880	1977.444
825.209	2367.556
825.538	2728.667
825.868	3040.778
826.197	3240.556
826.526	3346.111
826.855	3280.667
827.184	3138.444
827.513	3039.333
827.842	2892.111
828.171	2629.556
828.500	2305.111
828.828	1978.222
829.157	1765.222
829.486	1584.000
829.815	1454.889
830.143	1399.333
830.472	1364.778
830.800	1278.333
831.129	1178.111
831.457	1121.111
831.786	1101.111
832.114	1066.889
832.442	1008.444
832.770	984.000
833.099	1054.333
833.427	1222.556
833.755	1434.444
834.083	1679.000
834.411	2046.000
834.739	2417.111
835.067	2774.667
835.395	3004.556
835.723	3153.778
836.050	3260.444
836.378	3249.667
836.706	3165.889
837.033	3067.222
837.361	2879.111
837.689	2630.222
838.016	2309.444
838.344	2107.556
838.671	2021.667
838.998	1925.333
839.326	1789.111
839.653	1643.333
839.980	1516.000
840.307	1392.778
840.634	1310.889
840.961	1275.667
841.289	1248.333
841.615	1202.667
841.942	1141.444
842.269	1119.333
842.596	1165.444
842.923	1304.111
843.250	1473.222
843.576	1582.444
843.903	1631.444
844.230	1655.111
844.556	1677.111
844.883	1683.333
845.209	1653.556
845.536	1604.556
845.862	1508.556
846.188	1397.444
846.515	1313.333
846.841	1271.111
847.167	1249.333
847.493	1214.111
847.819	1153.667
848.146	1098.667
848.472	1054.667
848.798	1043.444
849.123	1129.000
849.449	1298.222
849.775	1440.000
850.101	1564.667
850.427	1718.333
850.752	1920.111
851.078	2126.667
851.404	2305.111
851.729	2520.889
852.055	2703.111
852.380	2839.556
852.706	3047.000
853.031	3154.667
853.356	3041.778
853.682	2871.222
854.007	2718.000
854.332	2572.222
854.657	2321.333
854.982	2034.667
855.307	1812.556
855.632	1603.333
855.957	1460.000
856.282	1466.111
856.607	1504.444
856.932	1534.333
857.256	1540.000
857.581	1514.000
857.906	1449.667
858.230	1409.889
858.555	1454.444
858.880	1554.778
859.204	1612.000
859.529	1671.111
859.853	1849.000
860.177	2156.889
860.502	2464.889
860.826	2685.444
861.150	2877.000
861.474	3041.667
861.798	3214.000
862.122	3452.889
862.446	3600.111
862.770	3479.000
863.094	3263.444
863.418	3051.444
863.742	2852.556
864.066	2556.889
864.389	2199.000
864.713	1888.000
865.037	1613.333
865.360	1384.556
865.684	1267.889
866.008	1135.222
866.331	1015.778
866.654	951.667
866.978	937.889
867.301	924.889
867.624	885.444
867.948	870.556
868.271	961.333
868.594	1098.222
868.917	1210.778
869.240	1300.333
869.563	1403.000
869.886	1576.000
870.209	1797.333
870.532	1978.000
870.855	2039.111
871.177	2024.222
871.500	2075.889
871.823	2198.778
872.145	2302.444
872.468	2310.778
872.791	2184.889
873.113	2000.000
873.435	1856.000
873.758	1792.667
874.080	1710.889
874.402	1537.222
874.725	1355.778
875.047	1231.444
875.369	1182.111
875.691	1180.000
876.013	1173.889
876.335	1184.667
876.657	1269.333
876.979	1513.222
877.301	1833.667
877.623	2081.778
877.945	2251.889
878.266	2413.667
878.588	2607.444
878.910	2817.889
879.231	2944.556
879.553	2940.111
879.875	2777.222
880.196	2615.000
880.517	2636.222
880.839	2794.556
881.160	2964.556
881.481	3029.222
881.803	2967.111
882.124	2914.889
882.445	2877.000
882.766	2840.333
883.087	2726.000
883.408	2458.889
883.729	2126.667
884.050	1794.667
884.371	1530.444
884.692	1374.667
885.012	1248.556
885.333	1164.333
885.654	1132.111
885.974	1208.667
886.295	1413.333
886.616	1659.778
886.936	1886.333
887.257	2081.556
887.577	2255.778
887.897	2439.556
888.218	2583.556
888.538	2657.000
888.858	2600.444
889.178	2406.444
889.498	2175.444
889.818	1982.444
890.139	1851.111
890.458	1751.556
890.778	1618.222
891.098	1482.000
891.418	1351.556
891.738	1258.333
892.058	1201.111
892.377	1142.667
892.697	1084.556
893.017	1006.111
893.336	920.222
893.656	876.556
893.975	860.667
894.295	886.667
894.614	961.444
894.933	1070.556
895.253	1223.222
895.572	1381.556
895.891	1561.444
896.210	1763.556
896.529	1934.000
896.848	2078.556
897.167	2188.667
897.486	2234.000
897.805	2255.222
898.124	2254.111
898.443	2250.556
898.762	2227.889
899.081	2160.222
899.399	2077.333
899.718	1998.778
900.036	1937.333
900.355	1898.444
900.673	1822.333
900.992	1706.556
901.310	1565.444
901.629	1424.111
901.947	1335.444
902.265	1314.111
902.583	1357.000
902.902	1429.222
903.220	1486.889
903.538	1541.889
903.856	1613.667
904.174	1740.222
904.492	1952.333
904.810	2206.889
905.128	2456.222
905.445	2652.222
905.763	2824.444
906.081	3034.556
906.398	3274.444
906.716	3447.000
907.034	3508.556
907.351	3446.111
907.669	3306.333
907.986	3122.222
908.304	2925.222
908.621	2719.444
908.938	2495.000
909.255	2263.111
909.573	2069.333
909.890	1890.667
910.207	1723.778
910.524	1555.778
910.841	1423.111
911.158	1355.667
911.475	1350.556
911.792	1391.444
912.109	1457.000
912.425	1541.333
912.742	1648.889
913.059	1754.778
913.375	1860.444
913.692	1953.111
914.009	1995.556
914.325	1978.667
914.641	1901.222
914.958	1794.333
915.274	1695.667
915.591	1627.667
915.907	1587.889
916.223	1542.889
916.539	1456.556
916.855	1348.333
917.172	1231.667
917.488	1124.444
917.804	1037.556
918.119	958.556
918.435	875.111
918.751	781.556
919.067	685.667
919.383	617.111
919.698	573.222
920.014	538.111
920.330	521.778
920.645	528.556
920.961	574.556
921.276	664.778
921.592	770.778
921.907	875.889
922.223	961.000
922.538	1032.333
922.853	1115.444
923.168	1190.333
923.483	1264.111
923.799	1340.222
924.114	1403.111
924.429	1479.667
924.744	1578.778
925.059	1678.778
925.373	1758.222
925.688	1803.667
926.003	1832.111
926.318	1853.778
926.632	1825.111
926.947	1746.444
927.262	1623.333
927.576	1464.111
927.891	1316.222
928.205	1198.111
928.520	1099.222
928.834	1026.222
929.148	954.000
929.463	925.556
929.777	984.667
930.091	1127.333
930.405	1325.111
930.719	1517.000
931.033	1690.556
931.347	1896.667
931.661	2152.667
931.975	2431.889
932.289	2692.222
932.603	2887.556
932.917	2998.444
933.230	3063.333
933.544	3097.333
933.858	3095.111
934.171	3019.111
934.485	2836.667
934.798	2595.667
935.112	2326.000
935.425	2035.444
935.738	1758.778
936.052	1489.778
936.365	1255.778
936.678	1080.111
936.991	947.000
937.305	858.000
937.618	799.778
937.931	753.778
938.244	725.000
938.556	724.889
938.869	757.000
939.182	825.222
939.495	912.111
939.808	996.778
940.120	1068.222
940.433	1118.889
940.746	1155.222
941.058	1193.000
941.371	1221.667
941.683	1239.889
941.996	1258.333
942.308	1254.778
942.620	1252.778
942.933	1266.889
943.245	1265.222
943.557	1259.222
943.869	1241.444
944.181	1197.889
944.493	1156.111
944.805	1108.556
945.117	1049.778
945.429	1007.778
945.741	967.111
946.053	943.333
946.365	953.000
946.676	971.778
946.988	983.889
947.300	991.111
947.611	975.778
947.923	968.889
948.234	972.556
948.546	977.444
948.857	1006.889
949.169	1054.111
949.480	1100.222
949.791	1191.556
950.102	1299.444
950.413	1404.333
950.725	1508.444
951.036	1574.778
951.347	1616.444
951.658	1651.667
951.969	1663.111
952.280	1670.444
952.590	1673.667
952.901	1656.667
953.212	1637.778
953.523	1619.111
953.833	1586.333
954.144	1544.889
954.454	1476.333
954.765	1378.556
955.075	1275.556
955.386	1160.889
955.696	1050.778
956.007	962.889
956.317	909.111
956.627	890.111
956.937	918.556
957.247	993.000
957.558	1094.667
957.868	1208.333
958.178	1308.556
958.488	1380.444
958.797	1429.000
959.107	1436.333
959.417	1425.444
959.727	1403.000
960.037	1349.667
960.346	1277.556
960.656	1210.222
960.966	1140.889
961.275	1091.333
961.585	1081.444
961.894	1082.000
962.203	1084.000
962.513	1096.000
962.822	1098.889
963.131	1102.333
963.441	1103.333
963.750	1092.778
964.059	1074.778
964.368	1042.444
964.677	998.444
964.986	970.556
965.295	949.333
965.604	957.000
965.913	966.333
966.221	991.222
966.530	1028.333
966.839	1087.000
967.148	1142.333
967.456	1191.000
967.765	1224.111
968.073	1234.000
968.382	1203.111
968.690	1177.111
968.999	1129.778
969.307	1068.556
969.615	1000.222
969.924	923.556
970.232	858.444
970.540	808.111
970.848	759.667
971.156	723.889
971.464	697.333
971.772	675.889
972.080	673.222
972.388	664.778
972.696	651.333
973.003	637.111
973.311	611.889
973.619	578.333
973.926	547.889
974.234	508.444
974.542	462.778
974.849	423.111
975.157	395.111
975.464	379.000
975.771	383.444
976.079	407.889
976.386	450.333
976.693	512.222
977.000	593.889
977.307	681.667
977.615	778.556
977.922	882.778
978.229	981.667
978.536	1069.333
978.842	1145.778
979.149	1186.556
979.456	1198.778
979.763	1195.000
980.070	1165.444
980.376	1117.111
980.683	1056.222
980.989	985.222
981.296	916.556
981.602	863.778
981.909	827.889
982.215	812.778
982.522	809.000
982.828	816.000
983.134	832.889
983.440	860.444
983.746	890.111
984.053	927.444
984.359	965.778
984.665	1002.333
984.971	1034.556
985.277	1067.111
985.582	1092.444
985.888	1108.222
986.194	1117.444
986.500	1131.000
986.805	1131.889
987.111	1123.889
987.417	1112.333
987.722	1090.000
988.028	1055.222
988.333	1020.889
988.639	976.889
988.944	922.778
989.249	859.667
989.555	794.778
989.860	720.111
990.165	651.889
990.470	589.667
990.775	523.222
991.080	469.111
991.385	426.222
991.690	388.111
991.995	362.778
992.300	346.333
992.605	335.444
992.910	337.444
993.214	343.333
993.519	354.889
993.824	368.889
994.128	383.444
994.433	403.444
994.737	424.444
995.042	439.889
995.346	456.222
995.650	475.222
995.955	491.667
996.259	514.889
996.563	554.889
996.867	596.000
997.171	642.778
997.476	704.444
997.780	754.111
998.083	810.000
998.387	877.889
998.691	924.778
998.995	960.778
999.299	1005.778
999.603	1038.667
999.906	1056.222
1000.210	1078.778
1000.514	1097.667
1000.817	1096.889
1001.121	1118.111
1001.424	1161.111
1001.728	1194.000
1002.031	1224.222
1002.334	1248.111
1002.638	1263.889
1002.941	1283.000
1003.244	1306.444
1003.547	1317.667
1003.850	1302.111
1004.153	1279.444
1004.456	1251.222
1004.759	1204.000
1005.062	1176.000
1005.365	1141.111
1005.668	1081.667
1005.971	1043.333
1006.273	1009.000
1006.576	960.778
1006.879	920.444
1007.181	883.111
1007.484	841.667
1007.786	804.889
1008.089	775.111
1008.391	733.889
1008.693	686.000
1008.996	648.444
1009.298	602.444
1009.600	553.222
1009.902	519.556
1010.204	478.444
1010.507	435.667
1010.809	407.889
1011.111	393.222
1011.412	377.778
1011.714	371.000
1012.016	368.000
1012.318	366.111
1012.620	362.000
1012.921	362.222
1013.223	359.111
1013.525	362.333
1013.826	366.778
1014.128	368.778
1014.429	374.778
1014.731	383.778
1015.032	389.222
1015.333	403.444
1015.635	423.333
1015.936	435.556
1016.237	445.667
1016.538	459.111
1016.839	468.111
1017.140	483.111
1017.441	505.111
1017.742	522.000
1018.043	534.667
1018.344	553.556
1018.645	572.444
1018.946	581.889
1019.246	596.889
1019.547	620.889
1019.848	621.333
1020.148	634.556
1020.449	658.333
1020.749	664.333
1021.050	671.444
1021.350	686.667
1021.651	693.444
1021.951	691.778
1022.251	690.778
1022.551	693.889
1022.852	669.778
1023.152	648.111
1023.452	639.222
1023.752	612.889
1024.052	591.333
1024.352	580.222
1024.652	558.222
1024.952	529.889
1025.251	507.778
1025.551	484.667
1025.851	456.667
1026.150	427.444
1026.450	401.222
1026.750	370.444
1027.049	339.889
1027.349	316.000
1027.648	294.778
1027.947	272.333
1028.247	260.222
1028.546	248.556
1028.845	240.000
1029.144	235.333
1029.444	230.778
1029.743	225.000
1030.042	224.000
1030.341	225.556
1030.640	231.556
1030.939	241.778
1031.238	252.444
1031.536	262.667
1031.835	278.333
1032.134	295.000
1032.433	308.222
1032.731	327.111
1033.030	347.778
1033.328	358.333
1033.627	366.556
1033.925	381.556
1034.224	390.778
1034.522	402.222
1034.820	411.667
1035.119	421.444
1035.417	420.556
1035.715	426.556
1036.013	437.778
1036.311	437.111
1036.609	438.222
1036.907	448.111
1037.205	444.778
1037.503	440.111
1037.801	449.778
1038.099	453.778
1038.397	440.333
1038.694	436.889
1038.992	444.000
1039.290	433.333
1039.587	422.000
1039.885	423.000
1040.182	417.556
1040.479	396.667
1040.777	390.556
1041.074	389.222
1041.372	375.222
1041.669	357.889
1041.966	352.778
1042.263	339.444
1042.560	322.222
1042.857	316.556
1043.154	309.889
1043.451	295.556
1043.748	285.111
1044.045	276.333
1044.342	266.000
1044.639	251.444
1044.935	240.444
1045.232	225.556
1045.529	209.667
1045.825	201.000
1046.122	190.111
1046.418	178.111
1046.715	171.556
1047.011	165.111
1047.308	162.222
1047.604	162.111
1047.900	165.667
1048.197	168.111
1048.493	166.444
1048.789	172.778
1049.085	181.222
1049.381	188.444
1049.677	204.333
1049.973	227.556
1050.269	247.667
1050.565	269.444
1050.860	306.667
1051.156	338.222
1051.452	360.444
1051.748	392.111
1052.043	434.111
1052.339	459.333
1052.634	487.444
1052.930	522.778
1053.225	548.556
1053.521	553.556
1053.816	577.111
1054.111	606.111
1054.407	610.222
1054.702	613.444
1054.997	635.333
1055.292	633.778
1055.587	623.111
1055.882	633.778
1056.177	640.000
1056.472	620.667
1056.767	609.667
1057.062	613.111
1057.357	601.778
1057.651	577.111
1057.946	575.333
1058.241	565.333
1058.535	530.000
1058.830	510.889
1059.124	505.889
1059.419	482.000
1059.713	459.111
1060.008	441.222
1060.302	415.778
1060.596	375.333
1060.890	347.556
1061.185	327.667
1061.479	296.000
1061.773	263.444
1062.067	240.000
1062.361	212.667
1062.655	182.667
1062.949	165.889
1063.243	152.444
1063.536	138.222
1063.830	125.556
1064.124	121.222
1064.418	115.444
1064.711	111.000
1065.005	108.889
1065.298	110.111
1065.592	109.444
1065.885	110.444
1066.179	113.444
1066.472	116.556
1066.765	116.444
1067.058	121.667
1067.352	127.000
1067.645	131.444
1067.938	136.000
1068.231	143.556
1068.524	150.556
1068.817	153.444
1069.110	163.111
1069.403	173.111
1069.696	177.556
1069.989	182.667
1070.281	193.222
1070.574	198.889
1070.867	200.222
1071.159	204.111
1071.452	211.889
1071.744	210.667
1072.037	210.556
1072.329	217.889
1072.622	223.889
1072.914	220.556
1073.206	223.111
1073.498	230.778
1073.791	233.111
1074.083	231.444
1074.375	236.222
1074.667	235.889
1074.959	228.556
1075.251	224.333
1075.543	223.111
1075.835	217.444
1076.126	205.889
1076.418	199.333
1076.710	194.111
1077.002	183.556
1077.293	177.444
1077.585	175.556
1077.876	169.111
1078.168	161.444
1078.459	155.889
1078.751	152.222
1079.042	145.444
1079.333	138.778
1079.625	133.667
1079.916	126.444
1080.207	117.000
1080.498	109.667
1080.789	104.778
1081.080	99.111
1081.371	94.778
1081.662	91.333
1081.953	88.444
1082.244	85.556
1082.535	85.556
1082.826	85.222
1083.116	84.889
1083.407	84.333
1083.698	84.778
1083.988	85.333
1084.279	85.667
1084.569	86.778
1084.859	88.667
1085.150	88.667
1085.440	90.000
1085.730	93.000
1086.021	95.889
1086.311	97.222
1086.601	99.222
1086.891	102.222
1087.181	103.000
1087.471	103.444
1087.761	105.000
1088.051	106.667
1088.341	104.667
1088.631	105.556
1088.921	106.778
1089.210	105.333
1089.500	102.556
1089.790	101.444
1090.079	100.111
1090.369	98.444
1090.658	95.778
1090.948	96.222
1091.237	93.111
1091.526	89.889
1091.816	90.556
1092.105	90.556
1092.394	90.556
1092.683	89.333
1092.973	89.556
1093.262	89.778
1093.551	86.667
1093.840	86.333
1094.129	88.222
1094.417	88.556
1094.706	89.889
1094.995	90.778
1095.284	92.667
1095.573	93.667
1095.861	92.778
1096.150	95.000
1096.438	97.556
1096.727	97.556
1097.016	95.556
1097.304	94.778
1097.592	94.111
1097.881	93.333
1098.169	91.111
1098.457	91.333
1098.745	89.667
1099.034	85.000
1099.322	84.333
