520.430	0.000
520.800	0.000
521.169	61.000
521.539	61.000
521.909	56.000
522.278	78.000
522.648	66.000
523.017	72.000
523.387	68.000
523.756	67.000
524.125	62.000
524.494	80.000
524.864	58.000
525.233	61.000
525.602	70.000
525.971	62.000
526.340	70.000
526.709	70.000
527.078	63.000
527.447	74.000
527.816	97.333
528.185	229.556
528.553	390.000
528.922	569.556
529.291	785.000
529.659	1063.222
530.028	1388.556
530.396	1733.444
530.765	2094.111
531.133	2454.222
531.502	2727.667
531.870	2941.111
532.238	3116.556
532.606	3271.444
532.975	3331.556
533.343	3311.000
533.711	3235.000
534.079	3083.778
534.447	2857.111
534.815	2576.444
535.183	2300.222
535.551	2030.889
535.919	1749.000
536.286	1514.556
536.654	1328.889
537.022	1208.667
537.389	1171.667
537.757	1209.000
538.125	1312.778
538.492	1433.889
538.859	1564.889
539.227	1718.111
539.594	1858.333
539.961	1994.333
540.329	2115.222
540.696	2204.556
541.063	2268.000
541.430	2353.333
541.797	2483.889
542.164	2625.889
542.531	2723.556
542.898	2808.889
543.265	2850.667
543.632	2811.556
543.999	2752.556
544.366	2656.667
544.732	2467.444
545.099	2236.000
545.466	1995.667
545.832	1818.889
546.199	1699.444
546.565	1683.444
546.932	1807.000
547.298	1981.556
547.664	2247.778
548.031	2570.111
548.397	2893.111
548.763	3222.778
549.129	3507.000
549.495	3666.889
549.861	3656.000
550.227	3536.556
550.593	3324.778
550.959	3027.222
551.325	2691.778
551.691	2360.222
552.057	2025.000
552.422	1693.889
552.788	1449.000
553.154	1288.222
553.519	1167.778
553.885	1134.778
554.250	1138.333
554.616	1174.111
554.981	1246.778
555.347	1344.111
555.712	1457.111
556.077	1612.889
556.443	1841.000
556.808	2136.556
557.173	2434.333
557.538	2742.111
557.903	3041.778
558.268	3307.000
558.633	3544.889
558.998	3763.000
559.363	3911.667
559.727	3868.000
560.092	3694.556
560.457	3471.444
560.822	3213.556
561.186	2927.667
561.551	2656.778
561.915	2425.556
562.280	2207.889
562.644	2043.444
563.009	2050.556
563.373	2082.556
563.737	2156.667
564.102	2245.000
564.466	2297.000
564.830	2350.222
565.194	2399.667
565.558	2453.889
565.922	2490.667
566.286	2552.333
566.650	2651.222
567.014	2749.333
567.378	2918.889
567.741	3152.778
568.105	3370.444
568.469	3537.333
568.833	3583.444
569.196	3611.556
569.560	3557.667
569.923	3422.333
570.287	3253.778
570.650	2976.111
571.013	2692.667
571.377	2450.556
571.740	2265.333
572.103	2209.444
572.466	2196.556
572.830	2208.000
573.193	2301.111
573.556	2508.556
573.919	2771.667
574.282	3017.111
574.645	3213.222
575.007	3302.111
575.370	3388.222
575.733	3445.222
576.096	3439.111
576.458	3392.111
576.821	3225.778
577.184	3028.333
577.546	2866.556
577.909	2684.667
578.271	2497.111
578.633	2301.222
578.996	2107.556
579.358	1954.778
579.720	1844.222
580.083	1714.667
580.445	1608.333
580.807	1501.778
581.169	1413.222
581.531	1420.444
581.893	1434.000
582.255	1411.778
582.617	1399.222
582.979	1392.889
583.340	1453.889
583.702	1524.222
584.064	1526.556
584.425	1516.000
584.787	1490.556
585.149	1438.333
585.510	1436.444
585.872	1439.444
586.233	1419.778
586.594	1405.444
586.956	1377.889
587.317	1405.889
587.678	1453.333
588.039	1449.556
588.401	1444.444
588.762	1392.444
589.123	1326.222
589.484	1283.778
589.845	1206.889
590.206	1106.111
590.566	1009.556
590.927	901.556
591.288	844.556
591.649	840.889
592.009	848.333
592.370	929.889
592.731	1003.333
593.091	1118.444
593.452	1302.333
593.812	1457.444
594.172	1620.778
594.533	1744.444
594.893	1782.778
595.253	1809.111
595.614	1729.889
595.974	1648.778
596.334	1518.111
596.694	1363.111
597.054	1276.333
597.414	1180.333
597.774	1164.333
598.134	1193.444
598.494	1307.778
598.853	1593.778
599.213	1894.333
599.573	2215.444
599.932	2493.222
600.292	2670.111
600.652	2932.556
601.011	3057.556
601.371	3181.222
601.730	3275.889
602.089	3217.778
602.449	3175.667
602.808	3061.556
603.167	2895.667
603.526	2779.667
603.886	2571.556
604.245	2537.000
604.604	2448.111
604.963	2306.667
605.322	2143.667
605.681	1954.667
606.040	1860.000
606.398	1821.556
606.757	1811.556
607.116	1806.444
607.475	1688.556
607.833	1679.444
608.192	1696.111
608.550	1860.778
608.909	2003.556
609.267	2061.333
609.626	2111.000
609.984	2149.778
610.342	2264.556
610.701	2393.000
611.059	2522.222
611.417	2642.444
611.775	2620.778
612.133	2660.556
612.491	2635.556
612.849	2681.222
613.207	2683.333
613.565	2624.889
613.923	2560.667
614.281	2381.000
614.638	2187.111
614.996	2005.667
615.354	1774.111
615.711	1662.778
616.069	1505.556
616.427	1383.778
616.784	1274.667
617.141	1217.778
617.499	1217.000
617.856	1239.111
618.213	1333.556
618.571	1397.333
618.928	1522.222
619.285	1605.111
619.642	1696.889
619.999	1689.333
620.356	1644.000
620.713	1569.111
621.070	1480.333
621.427	1390.000
621.784	1299.111
622.141	1180.889
622.497	1087.667
622.854	985.778
623.211	974.889
623.567	975.111
623.924	1005.111
624.280	1024.556
624.637	1008.000
624.993	991.000
625.349	959.667
625.706	970.111
626.062	1013.889
626.418	1063.222
626.774	1059.778
627.131	1061.333
627.487	1053.000
627.843	1053.889
628.199	1062.667
628.555	1073.556
628.911	1054.000
629.266	1027.667
629.622	999.889
629.978	1002.889
630.334	964.667
630.689	945.000
631.045	936.000
631.401	947.111
631.756	971.556
632.112	1010.556
632.467	1056.444
632.822	1074.000
633.178	1125.667
633.533	1251.778
633.888	1365.556
634.243	1459.000
634.599	1533.556
634.954	1584.667
635.309	1626.111
635.664	1691.000
636.019	1723.444
636.374	1736.889
636.729	1663.000
637.083	1611.444
637.438	1539.000
637.793	1490.778
638.148	1438.000
638.502	1367.333
638.857	1232.333
639.211	1124.111
639.566	1000.556
639.920	933.444
640.275	905.111
640.629	942.111
640.983	1046.222
641.338	1113.444
641.692	1269.778
642.046	1425.778
642.400	1676.222
642.754	1991.556
643.108	2267.222
643.462	2462.111
643.816	2561.333
644.170	2569.556
644.524	2626.556
644.878	2698.333
645.232	2704.889
645.585	2644.222
645.939	2469.667
646.293	2323.000
646.646	2170.667
647.000	2068.000
647.353	1921.889
647.707	1745.222
648.060	1486.778
648.413	1311.556
648.767	1097.111
649.120	941.667
649.473	799.889
649.826	709.222
650.179	628.778
650.533	605.333
650.885	588.333
651.239	572.333
651.591	570.222
651.944	648.222
652.297	794.889
652.650	936.111
653.003	1105.222
653.355	1250.778
653.708	1442.889
654.061	1594.222
654.413	1713.111
654.766	1746.889
655.118	1717.667
655.471	1615.000
655.823	1512.667
656.175	1360.222
656.528	1233.111
656.880	1053.333
657.232	917.667
657.584	803.000
657.936	786.222
658.288	820.556
658.640	930.333
658.992	1014.111
659.344	1119.667
659.696	1179.667
660.048	1298.111
660.400	1446.667
660.751	1659.222
661.103	1777.889
661.455	1875.111
661.806	1878.000
662.158	1979.778
662.509	2045.000
662.861	2174.333
663.212	2196.444
663.563	2179.556
663.915	2052.667
664.266	2006.222
664.617	1933.333
664.968	1930.778
665.319	1808.444
665.670	1699.667
666.021	1519.111
666.372	1393.000
666.723	1265.111
667.074	1194.222
667.425	1076.444
667.776	976.000
668.127	844.889
668.477	808.333
668.828	801.333
669.179	862.000
669.529	909.000
669.880	934.778
670.230	922.556
670.581	909.333
670.931	890.556
671.281	858.889
671.632	781.778
671.982	712.000
672.332	643.556
672.682	631.000
673.032	651.667
673.382	648.000
673.732	657.778
674.082	666.778
674.432	692.667
674.782	709.333
675.132	730.444
675.482	736.778
675.831	756.556
676.181	760.556
676.531	835.333
676.880	919.111
677.230	1036.556
677.579	1138.444
677.929	1306.667
678.278	1421.333
678.628	1525.778
678.977	1577.222
679.326	1659.556
679.675	1777.778
680.024	1855.333
680.374	1906.778
680.723	1878.778
681.072	1768.889
681.421	1635.333
681.770	1523.222
682.119	1400.778
682.467	1241.444
682.816	1028.111
683.165	873.000
683.514	722.111
683.862	663.778
684.211	644.889
684.559	689.889
684.908	764.889
685.256	810.444
685.605	920.556
685.953	986.778
686.302	1038.889
686.650	1073.000
686.998	1094.111
687.346	1104.111
687.694	1163.444
688.043	1190.222
688.391	1267.444
688.739	1341.222
689.087	1409.667
689.435	1482.000
689.782	1520.556
690.130	1577.000
690.478	1573.333
690.826	1478.111
691.173	1352.889
691.521	1233.778
691.869	1105.667
692.216	1038.556
692.564	1018.222
692.911	1011.889
693.259	1029.111
693.606	1094.222
693.953	1194.556
694.300	1304.222
694.648	1388.111
694.995	1418.778
695.342	1444.000
695.689	1441.556
696.036	1447.667
696.383	1443.444
696.730	1415.889
697.077	1423.667
697.424	1435.000
697.771	1504.111
698.117	1623.333
698.464	1712.444
698.811	1828.889
699.157	1934.444
699.504	2038.000
699.850	2068.000
700.197	1998.889
700.543	1917.778
700.890	1777.111
701.236	1609.556
701.582	1451.000
701.929	1252.778
702.275	1095.778
702.621	929.000
702.967	855.333
703.313	821.667
703.659	821.778
704.005	846.333
704.351	937.000
704.697	1033.889
705.043	1149.889
705.388	1281.778
705.734	1287.444
706.080	1272.889
706.426	1272.333
706.771	1284.556
707.117	1285.778
707.462	1230.333
707.808	1190.333
708.153	1105.889
708.498	1019.111
708.844	1020.889
709.189	1081.111
709.534	1137.222
709.879	1167.222
710.225	1213.111
710.570	1174.667
710.915	1125.444
711.260	1068.333
711.605	992.000
711.950	937.889
712.294	856.667
712.639	798.222
712.984	736.333
713.329	687.444
713.673	701.667
714.018	741.556
714.363	793.556
714.707	814.556
715.052	851.111
715.396	871.667
715.740	905.444
716.085	939.444
716.429	901.556
716.773	856.444
717.117	785.556
717.462	754.889
717.806	758.778
718.150	745.333
718.494	742.000
718.838	690.444
719.182	643.889
719.526	636.444
719.869	645.889
720.213	680.222
720.557	675.556
720.901	680.667
721.244	673.333
721.588	648.000
721.932	645.778
722.275	629.444
722.618	653.111
722.962	661.444
723.305	668.111
723.649	694.000
723.992	718.111
724.335	788.000
724.678	855.111
725.021	906.889
725.365	973.333
725.708	964.333
726.051	963.222
726.393	928.222
726.736	859.222
727.079	783.889
727.422	682.000
727.765	647.667
728.108	630.000
728.450	635.222
728.793	723.444
729.135	749.889
729.478	782.778
729.820	824.111
730.163	872.556
730.505	941.000
730.848	931.556
731.190	901.111
731.532	822.778
731.874	691.667
732.217	643.222
732.559	620.667
732.901	648.556
733.243	694.444
733.585	689.111
733.927	707.889
734.269	729.889
734.610	753.667
734.952	802.111
735.294	821.889
735.636	819.111
735.977	783.222
736.319	717.778
736.660	691.556
737.002	679.556
737.343	661.222
737.685	643.222
738.026	600.889
738.368	583.889
738.709	601.667
739.050	621.333
739.391	657.667
739.732	671.444
740.073	660.444
740.415	668.889
740.756	675.889
741.096	692.667
741.437	714.778
741.778	710.222
742.119	719.889
742.460	714.667
742.801	737.444
743.141	807.778
743.482	844.444
743.823	898.444
744.163	929.444
744.504	915.889
744.844	897.889
745.184	844.667
745.525	791.556
745.865	733.111
746.205	637.444
746.545	594.778
746.886	574.222
747.226	566.333
747.566	634.667
747.906	732.889
748.246	816.111
748.586	945.444
748.926	1049.000
749.266	1105.667
749.605	1116.000
749.945	1090.000
750.285	1108.222
750.624	1108.000
750.964	1061.000
751.304	1078.222
751.643	1052.000
751.983	986.778
752.322	972.778
752.661	971.000
753.001	944.000
753.340	882.333
753.679	801.222
754.018	772.889
754.358	772.222
754.697	756.000
755.036	764.222
755.375	763.333
755.714	737.111
756.053	741.667
756.392	756.556
756.730	754.667
757.069	745.000
757.408	690.556
757.747	622.000
758.085	573.778
758.424	539.778
758.762	531.333
759.101	539.667
759.439	553.333
759.778	579.444
760.116	611.333
760.454	609.556
760.793	595.667
761.131	578.111
761.469	554.556
761.807	563.000
762.145	601.111
762.483	621.667
762.821	644.111
763.159	674.889
763.497	698.556
763.835	723.556
764.173	758.333
764.510	789.556
764.848	799.333
765.186	773.667
765.523	734.667
765.861	685.000
766.198	614.111
766.536	566.444
766.873	582.000
767.211	652.778
767.548	721.889
767.885	802.556
768.223	903.000
768.560	958.000
768.897	981.000
769.234	1002.333
769.571	1032.889
769.908	1029.333
770.245	1008.222
770.582	1005.778
770.919	980.222
771.256	944.000
771.593	942.000
771.929	968.444
772.266	1025.000
772.603	1098.667
772.939	1187.889
773.276	1288.778
773.612	1338.222
773.949	1354.000
774.285	1368.333
774.622	1389.222
774.958	1380.667
775.294	1325.333
775.630	1255.000
775.966	1152.889
776.303	985.111
776.639	853.444
776.975	757.889
777.311	661.778
777.647	596.000
777.983	561.111
778.318	538.667
778.654	516.000
778.990	504.889
779.326	522.778
779.661	562.667
779.997	596.444
780.333	599.889
780.668	633.444
781.004	731.778
781.339	827.333
781.674	978.222
782.010	1188.444
782.345	1331.889
782.680	1429.111
783.016	1528.333
783.351	1591.778
783.686	1581.778
784.021	1532.222
784.356	1474.222
784.691	1335.333
785.026	1147.222
785.361	1002.889
785.695	908.111
786.030	891.556
786.365	930.444
786.700	976.889
787.034	991.222
787.369	993.222
787.703	1001.889
788.038	1016.667
788.372	1063.111
788.707	1075.778
789.041	1007.111
789.376	935.778
789.710	899.333
790.044	881.556
790.378	913.333
790.712	1013.333
791.046	1099.000
791.380	1135.111
791.714	1174.889
792.048	1204.556
792.382	1193.778
792.716	1164.222
793.050	1129.778
793.384	1049.667
793.718	907.111
794.051	779.000
794.385	684.889
794.718	621.333
795.052	598.333
795.385	598.333
795.719	591.111
796.052	582.778
796.386	600.556
796.719	647.889
797.052	725.667
797.385	807.333
797.719	842.000
798.052	841.333
798.385	853.333
798.718	896.222
799.051	968.222
799.384	1071.556
799.716	1162.778
800.049	1189.556
800.382	1157.333
800.715	1141.000
801.048	1170.000
801.380	1222.444
801.713	1273.778
802.045	1309.000
802.378	1284.667
802.710	1229.333
803.043	1211.111
803.375	1241.333
803.707	1282.667
804.040	1310.667
804.372	1294.000
804.704	1243.333
805.036	1235.000
805.368	1359.222
805.700	1546.778
806.032	1704.222
806.364	1883.778
806.696	2041.444
807.028	2126.889
807.360	2225.556
807.692	2379.333
808.023	2490.889
808.355	2483.222
808.687	2414.556
809.018	2337.556
809.350	2191.444
809.681	2059.444
810.013	2024.667
810.344	2026.444
810.676	1948.222
811.007	1829.889
811.338	1704.444
811.669	1569.000
812.001	1445.222
812.332	1359.111
812.663	1275.333
812.994	1144.333
813.325	988.556
813.656	908.667
813.987	909.444
814.317	970.111
814.648	1159.000
814.979	1457.000
815.310	1765.667
815.640	2046.889
815.971	2408.889
816.301	2792.889
816.632	3152.222
816.962	3462.111
817.293	3691.778
817.623	3659.889
817.954	3465.000
818.284	3253.444
818.614	3123.000
818.944	2945.111
819.274	2687.000
819.605	2361.667
819.935	2022.889
820.265	1710.111
820.595	1548.667
820.924	1471.444
821.254	1433.667
821.584	1331.556
821.914	1173.222
822.244	1056.333
822.573	1033.778
822.903	1041.222
823.233	1040.000
823.562	1068.667
823.892	1168.667
824.221	1330.667
824.550	1523.000
824.880	1868.444
825.209	2243.444
825.538	2591.333
825.868	2922.667
826.197	3262.444
826.526	3434.778
826.855	3476.444
827.184	3407.111
827.513	3367.000
827.842	3310.000
828.171	3209.667
828.500	2985.667
828.828	2675.556
829.157	2373.333
829.486	2233.667
829.815	2127.556
830.143	2030.222
830.472	1893.889
830.800	1643.889
831.129	1403.444
831.457	1281.111
831.786	1267.444
832.114	1255.000
832.442	1203.778
832.770	1175.000
833.099	1247.444
833.427	1381.889
833.755	1497.556
834.083	1571.333
834.411	1636.333
834.739	1678.778
835.067	1681.222
835.395	1695.333
835.723	1757.667
836.050	1815.000
836.378	1798.222
836.706	1740.000
837.033	1710.222
837.361	1707.889
837.689	1688.778
838.016	1654.222
838.344	1606.778
838.671	1509.889
838.998	1347.000
839.326	1196.222
839.653	1139.111
839.980	1232.556
840.307	1451.444
840.634	1667.889
840.961	1814.889
841.289	1957.556
841.615	2211.222
841.942	2555.111
842.269	2877.889
842.596	3117.000
842.923	3314.778
843.250	3379.556
843.576	3366.000
843.903	3304.667
844.230	3209.667
844.556	3021.556
844.883	2746.111
845.209	2455.778
845.536	2220.000
845.862	1986.444
846.188	1847.556
846.515	1786.444
846.841	1802.333
847.167	1827.000
847.493	1819.556
847.819	1766.667
848.146	1719.333
848.472	1696.778
848.798	1726.667
849.123	1845.778
849.449	2004.444
849.775	2152.667
850.101	2263.889
850.427	2455.667
850.752	2782.000
851.078	3135.667
851.404	3421.556
851.729	3628.222
852.055	3648.000
852.380	3648.000
852.706	3745.000
853.031	3891.889
853.356	3774.778
853.682	3546.444
854.007	3268.556
854.332	2978.444
854.657	2619.333
854.982	2302.000
855.307	2049.111
855.632	1792.444
855.957	1505.889
856.282	1374.889
856.607	1241.444
856.932	1169.222
857.256	1172.778
857.581	1194.111
857.906	1223.556
858.230	1315.667
858.555	1484.222
858.880	1660.556
859.204	1771.889
859.529	1874.444
859.853	2024.556
860.177	2204.111
860.502	2353.889
860.826	2402.667
861.150	2373.333
861.474	2424.889
861.798	2571.111
862.122	2817.889
862.446	3028.667
862.770	3042.667
863.094	2990.222
863.418	2936.778
863.742	2886.444
864.066	2752.667
864.389	2476.111
864.713	2191.111
865.037	1914.778
865.360	1656.111
865.684	1490.444
866.008	1354.222
866.331	1295.444
866.654	1371.444
866.978	1537.111
867.301	1680.333
867.624	1797.333
867.948	1995.333
868.271	2304.889
868.594	2645.556
868.917	2845.111
869.240	2919.444
869.563	2889.778
869.886	2876.111
870.209	2960.111
870.532	3061.000
870.855	3040.556
871.177	2979.556
871.500	2990.556
871.823	3138.778
872.145	3367.222
872.468	3610.333
872.791	3623.889
873.113	3443.000
873.435	3234.111
873.758	3033.000
874.080	2754.889
874.402	2380.111
874.725	2002.333
875.047	1640.778
875.369	1302.444
875.691	1148.444
876.013	1118.333
876.335	1143.444
876.657	1300.222
876.979	1609.111
877.301	1950.667
877.623	2209.222
877.945	2369.444
878.266	2474.889
878.588	2542.444
878.910	2581.222
879.231	2541.667
879.553	2396.111
879.875	2152.333
880.196	1946.444
880.517	1883.222
880.839	1910.333
881.160	1925.111
881.481	1888.111
881.803	1812.778
882.124	1751.222
882.445	1674.333
882.766	1598.778
883.087	1499.778
883.408	1331.222
883.729	1170.444
884.050	1065.556
884.371	1041.667
884.692	1107.889
885.012	1211.000
885.333	1348.556
885.654	1484.222
885.974	1660.889
886.295	1909.111
886.616	2150.111
886.936	2345.889
887.257	2469.556
887.577	2508.000
887.897	2548.556
888.218	2612.778
888.538	2673.222
888.858	2649.000
889.178	2523.222
889.498	2381.333
889.818	2294.556
890.139	2269.000
890.458	2262.889
890.778	2184.444
891.098	2030.222
891.418	1865.333
891.738	1775.111
892.058	1818.667
892.377	1953.889
892.697	2066.667
893.017	2112.778
893.336	2121.000
893.656	2174.778
893.975	2307.444
894.295	2510.556
894.614	2739.222
894.933	2903.889
895.253	2996.889
895.572	3097.000
895.891	3258.444
896.210	3485.111
896.529	3715.444
896.848	3861.889
897.167	3894.778
897.486	3808.667
897.805	3674.222
898.124	3536.778
898.443	3412.333
898.762	3281.889
899.081	3098.778
899.399	2847.222
899.718	2590.778
900.036	2356.889
900.355	2168.889
900.673	2012.889
900.992	1880.444
901.310	1759.889
901.629	1670.000
901.947	1669.889
902.265	1766.222
902.583	1924.444
902.902	2090.889
903.220	2202.444
903.538	2244.333
903.856	2208.889
904.174	2141.333
904.492	2070.000
904.810	1975.778
905.128	1869.333
905.445	1734.111
905.763	1606.222
906.081	1528.778
906.398	1506.556
906.716	1475.000
907.034	1424.444
907.351	1346.889
907.669	1261.444
907.986	1163.778
908.304	1075.222
908.621	987.111
908.938	892.667
909.255	784.667
909.573	728.111
909.890	690.222
910.207	673.222
910.524	682.000
910.841	744.667
911.158	852.444
911.475	989.778
911.792	1128.333
912.109	1253.444
912.425	1362.000
912.742	1471.333
913.059	1563.333
913.375	1646.556
913.692	1747.444
914.009	1876.222
914.325	2013.889
914.641	2149.889
914.958	2274.222
915.274	2375.222
915.591	2437.778
915.907	2488.667
916.223	2504.444
916.539	2413.889
916.855	2226.778
917.172	1986.556
917.488	1742.889
917.804	1550.444
918.119	1393.333
918.435	1290.000
918.751	1219.000
919.067	1180.000
919.383	1225.000
919.698	1328.333
920.014	1462.667
920.330	1647.778
920.645	1887.111
920.961	2220.667
921.276	2554.222
921.592	2868.556
921.907	3126.556
922.223	3235.778
922.538	3281.333
922.853	3309.667
923.168	3300.444
923.483	3234.667
923.799	3103.667
924.114	2947.222
924.429	2757.889
924.744	2563.778
925.059	2409.111
925.373	2236.444
925.688	2050.556
926.003	1850.333
926.318	1649.556
926.632	1426.111
926.947	1220.444
927.262	1056.667
927.576	930.556
927.891	863.889
928.205	845.111
928.520	844.778
928.834	891.000
929.148	967.889
929.463	1073.444
929.777	1194.667
930.091	1300.889
930.405	1382.889
930.719	1433.000
931.033	1459.444
931.347	1486.556
931.661	1507.778
931.975	1506.222
932.289	1501.667
932.603	1503.889
932.917	1512.333
933.230	1549.667
933.544	1589.444
933.858	1608.667
934.171	1616.222
934.485	1580.667
934.798	1529.333
935.112	1460.000
935.425	1350.111
935.738	1247.333
936.052	1155.333
936.365	1082.667
936.678	1058.333
936.991	1037.667
937.305	1025.222
937.618	1039.333
937.931	1063.667
938.244	1117.667
938.556	1214.000
938.869	1325.889
939.182	1465.222
939.495	1634.556
939.808	1802.667
940.120	1970.778
940.433	2095.111
940.746	2178.556
941.058	2248.333
941.371	2292.333
941.683	2317.111
941.996	2342.333
942.308	2319.000
942.620	2275.667
942.933	2220.111
943.245	2135.222
943.557	2042.889
943.869	1938.222
944.181	1803.667
944.493	1666.889
944.805	1539.000
945.117	1432.000
945.429	1385.667
945.741	1385.889
946.053	1436.556
946.365	1524.000
946.676	1616.111
946.988	1695.667
947.300	1768.333
947.611	1798.111
947.923	1814.556
948.234	1814.667
948.546	1803.556
948.857	1797.222
949.169	1808.778
949.480	1808.333
949.791	1810.111
950.102	1780.778
950.413	1729.667
950.725	1670.889
951.036	1596.000
951.347	1502.222
951.658	1419.000
951.969	1326.889
952.280	1255.667
952.590	1226.889
952.901	1225.667
953.212	1230.111
953.523	1244.000
953.833	1237.889
954.144	1225.444
954.454	1197.333
954.765	1147.778
955.075	1090.556
955.386	1026.889
955.696	980.222
956.007	980.222
956.317	1000.667
956.627	1035.778
956.937	1098.667
957.247	1179.000
957.558	1254.556
957.868	1327.111
958.178	1369.556
958.488	1370.000
958.797	1337.000
959.107	1268.556
959.417	1187.333
959.727	1090.111
960.037	969.778
960.346	858.889
960.656	758.111
960.966	670.667
961.275	614.778
961.585	584.556
961.894	564.444
962.203	556.556
962.513	552.222
962.822	545.889
963.131	540.667
963.441	530.333
963.750	518.111
964.059	507.889
964.368	504.444
964.677	520.111
964.986	565.000
965.295	635.778
965.604	742.222
965.913	851.333
966.221	977.444
966.530	1110.333
966.839	1263.111
967.148	1415.333
967.456	1549.000
967.765	1650.222
968.073	1697.222
968.382	1674.333
968.690	1641.667
968.999	1579.778
969.307	1490.000
969.615	1383.556
969.924	1261.444
970.232	1136.111
970.540	1042.222
970.848	981.333
971.156	954.222
971.464	965.333
971.772	990.333
972.080	1032.556
972.388	1089.000
972.696	1141.778
973.003	1197.778
973.311	1254.111
973.619	1299.889
973.926	1337.222
974.234	1344.556
974.542	1337.222
974.849	1323.889
975.157	1302.000
975.464	1276.333
975.771	1256.222
976.079	1225.556
976.386	1192.111
976.693	1171.000
977.000	1162.222
977.307	1154.889
977.615	1150.111
977.922	1126.889
978.229	1095.444
978.536	1051.222
978.842	989.333
979.149	922.778
979.456	846.333
979.763	755.000
980.070	670.222
980.376	591.556
980.683	518.778
980.989	461.222
981.296	422.556
981.602	397.889
981.909	389.222
982.215	400.667
982.522	426.333
982.828	451.222
983.134	474.111
983.440	504.556
983.746	533.889
984.053	565.667
984.359	612.556
984.665	655.889
984.971	693.111
985.277	746.778
985.582	804.667
985.888	869.778
986.194	962.556
986.500	1061.000
986.805	1150.778
987.111	1234.333
987.417	1301.111
987.722	1359.556
988.028	1413.444
988.333	1455.000
988.639	1477.111
988.944	1485.444
989.249	1478.111
989.555	1465.778
989.860	1461.667
990.165	1471.444
990.470	1494.444
990.775	1514.667
991.080	1544.778
991.385	1574.000
991.690	1596.333
991.995	1621.889
992.300	1631.222
992.605	1631.778
992.910	1637.778
993.214	1615.667
993.519	1574.889
993.824	1531.111
994.128	1483.556
994.433	1420.667
994.737	1361.778
995.042	1308.556
995.346	1238.444
995.650	1171.111
995.955	1107.667
996.259	1035.111
996.563	968.667
996.867	907.333
997.171	840.222
997.476	781.111
997.780	728.444
998.083	671.333
998.387	617.889
998.691	574.111
998.995	530.778
999.299	492.889
999.603	469.333
999.906	450.444
1000.210	437.556
1000.514	434.111
1000.817	431.444
1001.121	425.667
1001.424	426.111
1001.728	430.667
1002.031	437.778
1002.334	446.111
1002.638	452.444
1002.941	464.556
1003.244	479.000
1003.547	489.000
1003.850	505.222
1004.153	521.444
1004.456	534.333
1004.759	546.111
1005.062	561.444
1005.365	574.889
1005.668	579.444
1005.971	599.222
1006.273	620.889
1006.576	634.667
1006.879	660.889
1007.181	686.222
1007.484	707.667
1007.786	746.667
1008.089	787.000
1008.391	809.000
1008.693	824.556
1008.996	842.000
1009.298	848.778
1009.600	854.000
1009.902	875.111
1010.204	879.667
1010.507	864.556
1010.809	862.667
1011.111	858.667
1011.412	844.556
1011.714	845.222
1012.016	848.333
1012.318	837.333
1012.620	820.000
1012.921	804.222
1013.223	773.889
1013.525	732.556
1013.826	704.111
1014.128	668.222
1014.429	621.889
1014.731	576.111
1015.032	531.333
1015.333	484.333
1015.635	448.333
1015.936	416.778
1016.237	388.000
1016.538	364.222
1016.839	343.778
1017.140	327.333
1017.441	317.111
1017.742	308.778
1018.043	300.000
1018.344	291.444
1018.645	289.111
1018.946	289.778
1019.246	292.889
1019.547	303.000
1019.848	310.333
1020.148	329.111
1020.449	347.000
1020.749	358.556
1021.050	383.111
1021.350	406.000
1021.651	421.444
1021.951	439.222
1022.251	452.444
1022.551	460.111
1022.852	456.111
1023.152	458.000
1023.452	461.000
1023.752	450.222
1024.052	451.000
1024.352	455.556
1024.652	450.556
1024.952	457.667
1025.251	470.667
1025.551	474.778
1025.851	480.111
1026.150	498.000
1026.450	510.222
1026.750	514.222
1027.049	526.667
1027.349	535.889
1027.648	533.000
1027.947	537.000
1028.247	549.000
1028.546	548.222
1028.845	542.556
1029.144	545.778
1029.444	538.333
1029.743	521.667
1030.042	513.778
1030.341	501.778
1030.640	478.556
1030.939	459.000
1031.238	443.444
1031.536	420.111
1031.835	394.111
1032.134	376.333
1032.433	354.333
1032.731	332.333
1033.030	314.667
1033.328	297.222
1033.627	278.556
1033.925	265.556
1034.224	255.111
1034.522	251.556
1034.820	244.333
1035.119	240.556
1035.417	231.111
1035.715	228.778
1036.013	231.556
1036.311	233.000
1036.609	236.667
1036.907	251.111
1037.205	261.000
1037.503	275.222
1037.801	305.889
1038.099	338.778
1038.397	357.667
1038.694	387.667
1038.992	428.667
1039.290	458.000
1039.587	482.000
1039.885	522.111
1040.182	556.778
1040.479	572.222
1040.777	612.000
1041.074	662.778
1041.372	685.889
1041.669	709.111
1041.966	749.778
1042.263	773.556
1042.560	785.778
1042.857	821.333
1043.154	846.889
1043.451	846.000
1043.748	856.222
1044.045	876.000
1044.342	867.000
1044.639	851.889
1044.935	855.667
1045.232	840.111
1045.529	801.778
1045.825	784.000
1046.122	760.222
1046.418	716.000
1046.715	685.333
1047.011	666.889
1047.308	639.000
1047.604	607.444
1047.900	589.556
1048.197	565.222
1048.493	527.111
1048.789	497.556
1049.085	471.444
1049.381	433.111
1049.677	394.667
1049.973	360.778
1050.269	323.778
1050.565	286.333
1050.860	260.889
1051.156	239.667
1051.452	219.000
1051.748	202.000
1052.043	190.778
1052.339	183.889
1052.634	180.111
1052.930	178.111
1053.225	176.667
1053.521	174.222
1053.816	176.778
1054.111	180.667
1054.407	183.111
1054.702	187.778
1054.997	197.444
1055.292	204.333
1055.587	209.667
1055.882	220.111
1056.177	233.778
1056.472	243.111
1056.767	259.222
1057.062	281.778
1057.357	299.111
1057.651	314.333
1057.946	344.778
1058.241	373.000
1058.535	385.333
1058.830	404.889
1059.124	437.667
1059.419	449.000
1059.713	462.222
1060.008	487.111
1060.302	503.333
1060.596	494.889
1060.890	501.000
1061.185	523.778
1061.479	522.000
1061.773	508.889
1062.067	517.444
1062.361	510.889
1062.655	487.556
1062.949	481.111
1063.243	483.778
1063.536	464.333
1063.830	438.000
1064.124	435.889
1064.418	425.333
1064.711	402.778
1065.005	392.000
1065.298	389.667
1065.592	365.111
1065.885	340.778
1066.179	328.000
1066.472	312.444
1066.765	284.444
1067.058	264.556
1067.352	248.111
1067.645	224.222
1067.938	197.111
1068.231	181.556
1068.524	167.222
1068.817	151.778
1069.110	140.444
1069.403	131.889
1069.696	124.111
1069.989	116.889
1070.281	114.667
1070.574	112.222
1070.867	110.667
1071.159	111.000
1071.452	112.000
1071.744	112.889
1072.037	115.778
1072.329	119.556
1072.622	122.444
1072.914	123.000
1073.206	126.778
1073.498	131.333
1073.791	136.222
1074.083	140.444
1074.375	147.778
1074.667	151.222
1074.959	150.222
1075.251	151.111
1075.543	154.111
1075.835	153.444
1076.126	152.111
1076.418	150.889
1076.710	149.667
1077.002	143.667
1077.293	141.000
1077.585	142.556
1077.876	141.333
1078.168	139.556
1078.459	141.889
1078.751	142.889
1079.042	139.778
1079.333	138.556
1079.625	139.333
1079.916	137.333
1080.207	135.222
1080.498	135.444
1080.789	136.556
1081.080	134.444
1081.371	134.778
1081.662	137.444
1081.953	139.556
1082.244	140.333
1082.535	144.222
1082.826	147.000
1083.116	146.889
1083.407	146.000
1083.698	147.111
1083.988	144.333
1084.279	141.667
1084.569	138.444
1084.859	135.889
1085.150	131.333
1085.440	126.556
1085.730	123.889
1086.021	119.778
1086.311	114.556
1086.601	112.111
1086.891	109.111
1087.181	105.000
1087.471	100.667
1087.761	96.667
1088.051	93.778
1088.341	90.222
1088.631	88.333
1088.921	87.222
1089.210	85.000
1089.500	83.111
1089.790	82.556
1090.079	81.778
1090.369	82.667
1090.658	82.111
1090.948	83.667
1091.237	84.778
1091.526	85.444
1091.816	88.222
1092.105	92.222
1092.394	95.667
1092.683	97.889
1092.973	100.889
1093.262	104.444
1093.551	105.000
1093.840	106.889
1094.129	110.000
1094.417	112.667
1094.706	113.778
1094.995	114.222
1095.284	115.778
1095.573	117.111
1095.861	117.111
1096.150	119.111
1096.438	121.000
1096.727	120.111
1097.016	116.444
1097.304	113.556
1097.592	112.000
1097.881	109.444
1098.169	104.667
1098.457	101.556
1098.745	98.000
1099.034	92.111
1099.322	89.556
