520.430	0.000
520.800	0.000
521.169	55.000
521.539	55.000
521.909	55.000
522.278	73.000
522.648	55.000
523.017	65.000
523.387	65.000
523.756	62.000
524.125	60.000
524.494	77.000
524.864	63.000
525.233	67.000
525.602	63.000
525.971	63.000
526.340	61.000
526.709	64.000
527.078	59.000
527.447	72.000
527.816	95.000
528.185	230.444
528.553	396.556
528.922	585.333
529.291	784.889
529.659	1018.667
530.028	1253.222
530.396	1495.111
530.765	1738.556
531.133	1946.000
531.502	2046.000
531.870	2077.444
532.238	2075.778
532.606	2054.667
532.975	1965.667
533.343	1845.889
533.711	1704.000
534.079	1547.778
534.447	1385.000
534.815	1217.889
535.183	1086.222
535.551	956.444
535.919	832.000
536.286	747.333
536.654	703.444
537.022	694.444
537.389	722.000
537.757	800.778
538.125	928.222
538.492	1083.000
538.859	1282.667
539.227	1542.333
539.594	1827.444
539.961	2116.889
540.329	2417.222
540.696	2681.000
541.063	2874.778
541.430	3043.889
541.797	3159.889
542.164	3193.667
542.531	3118.222
542.898	2961.444
543.265	2742.222
543.632	2446.556
543.999	2145.556
544.366	1853.778
544.732	1530.778
545.099	1235.889
545.466	998.000
545.832	831.111
546.199	724.111
546.565	682.000
546.932	718.222
547.298	787.889
547.664	909.667
548.031	1081.111
548.397	1254.111
548.763	1464.889
549.129	1675.222
549.495	1900.000
549.861	2106.111
550.227	2322.444
550.593	2447.556
550.959	2516.222
551.325	2542.556
551.691	2535.333
552.057	2425.778
552.422	2273.667
552.788	2048.444
553.154	1800.556
553.519	1507.667
553.885	1291.556
554.250	1111.778
554.616	959.444
554.981	876.000
555.347	876.889
555.712	912.222
556.077	1031.667
556.443	1196.222
556.808	1375.778
557.173	1542.556
557.538	1707.000
557.903	1796.222
558.268	1842.667
558.633	1838.667
558.998	1805.556
559.363	1733.556
559.727	1633.000
560.092	1513.444
560.457	1393.111
560.822	1270.889
561.186	1193.111
561.551	1116.889
561.915	1055.556
562.280	997.333
562.644	940.778
563.009	893.000
563.373	855.556
563.737	842.000
564.102	844.222
564.466	856.667
564.830	906.556
565.194	1000.889
565.558	1127.000
565.922	1261.778
566.286	1441.222
566.650	1614.444
567.014	1786.667
567.378	1963.667
567.741	2076.111
568.105	2150.667
568.469	2177.222
568.833	2142.111
569.196	2095.333
569.560	1983.222
569.923	1843.889
570.287	1680.111
570.650	1462.222
571.013	1289.000
571.377	1117.778
571.740	958.778
572.103	844.111
572.466	751.556
572.830	698.444
573.193	693.556
573.556	742.889
573.919	839.556
574.282	983.778
574.645	1186.778
575.007	1417.444
575.370	1673.667
575.733	1950.778
576.096	2194.111
576.458	2421.667
576.821	2617.222
577.184	2729.889
577.546	2811.333
577.909	2821.333
578.271	2733.444
578.633	2618.889
578.996	2419.333
579.358	2209.333
579.720	2012.444
580.083	1799.111
580.445	1645.556
580.807	1515.444
581.169	1384.333
581.531	1337.000
581.893	1315.444
582.255	1327.333
582.617	1389.556
582.979	1422.333
583.340	1467.333
583.702	1520.444
584.064	1562.556
584.425	1611.111
584.787	1642.667
585.149	1628.111
585.510	1635.333
585.872	1649.889
586.233	1649.444
586.594	1692.889
586.956	1700.000
587.317	1695.889
587.678	1711.111
588.039	1672.667
588.401	1628.556
588.762	1547.222
589.123	1412.556
589.484	1305.778
589.845	1151.778
590.206	1012.444
590.566	877.667
590.927	731.333
591.288	644.889
591.649	590.444
592.009	569.667
592.370	599.889
592.731	622.000
593.091	672.222
593.452	759.333
593.812	856.444
594.172	975.111
594.533	1065.778
594.893	1147.222
595.253	1206.111
595.614	1212.111
595.974	1224.889
596.334	1222.889
596.694	1175.556
597.054	1116.667
597.414	1017.000
597.774	933.667
598.134	841.222
598.494	756.111
598.853	695.333
599.213	636.444
599.573	566.222
599.932	531.778
600.292	501.778
600.652	519.111
601.011	537.667
601.371	568.889
601.730	641.000
602.089	712.778
602.449	818.444
602.808	906.556
603.167	987.000
603.526	1063.333
603.886	1086.667
604.245	1139.889
604.604	1168.111
604.963	1158.556
605.322	1137.778
605.681	1098.667
606.040	1074.000
606.398	1024.111
606.757	981.667
607.116	976.889
607.475	934.222
607.833	930.556
608.192	920.222
608.550	920.111
608.909	898.111
609.267	866.889
609.626	875.889
609.984	854.556
610.342	834.667
610.701	823.444
611.059	811.778
611.417	852.556
611.775	895.333
612.133	989.444
612.491	1062.111
612.849	1171.000
613.207	1284.778
613.565	1374.222
613.923	1467.889
614.281	1499.778
614.638	1500.444
614.996	1476.778
615.354	1394.889
615.711	1326.778
616.069	1196.556
616.427	1081.556
616.784	981.778
617.141	903.444
617.499	859.556
617.856	823.000
618.213	813.111
618.571	810.444
618.928	858.556
619.285	891.111
619.642	951.000
619.999	983.889
620.356	1017.556
620.713	1078.111
621.070	1134.444
621.427	1234.556
621.784	1318.667
622.141	1440.333
622.497	1550.111
622.854	1661.111
623.211	1768.556
623.567	1815.000
623.924	1833.222
624.280	1815.222
624.637	1770.333
624.993	1706.222
625.349	1576.333
625.706	1449.778
626.062	1306.333
626.418	1184.222
626.774	1081.111
627.131	995.000
627.487	926.000
627.843	856.222
628.199	821.556
628.555	822.222
628.911	832.778
629.266	849.444
629.622	866.222
629.978	911.444
630.334	974.444
630.689	1029.111
631.045	1071.000
631.401	1096.333
631.756	1108.111
632.112	1133.222
632.467	1188.556
632.822	1213.333
633.178	1243.889
633.533	1227.667
633.888	1213.111
634.243	1181.444
634.599	1155.111
634.954	1096.889
635.309	1025.889
635.664	905.889
636.019	810.111
636.374	704.778
636.729	618.778
637.083	548.444
637.438	487.333
637.793	445.333
638.148	410.667
638.502	392.444
638.857	387.000
639.211	393.444
639.566	404.000
639.920	408.667
640.275	414.333
640.629	410.889
640.983	410.778
641.338	409.333
641.692	429.778
642.046	452.778
642.400	482.889
642.754	498.333
643.108	521.333
643.462	563.667
643.816	614.111
644.170	675.556
644.524	722.667
644.878	756.778
645.232	768.667
645.585	805.000
645.939	837.111
646.293	897.222
646.646	927.000
647.000	974.111
647.353	984.222
647.707	1028.222
648.060	1042.667
648.413	1076.556
648.767	1062.556
649.120	1043.333
649.473	993.333
649.826	947.667
650.179	896.000
650.533	845.333
650.885	764.222
651.239	696.222
651.591	615.778
651.944	548.000
652.297	501.556
652.650	470.556
653.003	463.556
653.355	453.889
653.708	494.333
654.061	553.333
654.413	661.000
654.766	755.444
655.118	884.889
655.471	983.111
655.823	1098.556
656.175	1174.889
656.528	1282.667
656.880	1318.222
657.232	1346.667
657.584	1300.000
657.936	1272.444
658.288	1177.000
658.640	1089.778
658.992	962.556
659.344	855.667
659.696	714.889
660.048	632.333
660.400	537.556
660.751	483.444
661.103	425.222
661.455	418.444
661.806	428.667
662.158	472.778
662.509	508.556
662.861	554.222
663.212	585.111
663.563	660.778
663.915	742.444
664.266	867.778
664.617	949.556
664.968	1055.444
665.319	1130.333
665.670	1234.222
666.021	1291.556
666.372	1354.556
666.723	1368.000
667.074	1404.111
667.425	1379.000
667.776	1379.111
668.127	1310.333
668.477	1245.556
668.828	1129.778
669.179	1034.667
669.529	921.556
669.880	825.333
670.230	690.667
670.581	571.556
670.931	452.333
671.281	382.556
671.632	324.778
671.982	292.444
672.332	274.667
672.682	270.111
673.032	272.556
673.382	300.444
673.732	351.333
674.082	415.222
674.432	496.444
674.782	559.889
675.132	653.222
675.482	703.333
675.831	762.556
676.181	797.333
676.531	837.667
676.880	853.000
677.230	855.222
677.579	813.667
677.929	772.889
678.278	699.222
678.628	659.778
678.977	606.889
679.326	571.778
679.675	523.667
680.024	493.111
680.374	490.000
680.723	500.556
681.072	553.111
681.421	587.667
681.770	644.667
682.119	691.556
682.467	761.556
682.816	821.444
683.165	854.222
683.514	858.111
683.862	865.556
684.211	854.111
684.559	853.444
684.908	841.889
685.256	820.444
685.605	786.556
685.953	745.667
686.302	747.889
686.650	748.667
686.998	766.333
687.346	773.111
687.694	790.111
688.043	792.111
688.391	781.778
688.739	754.222
689.087	716.667
689.435	646.222
689.782	576.111
690.130	493.333
690.478	416.778
690.826	362.333
691.173	320.778
691.521	332.889
691.869	356.778
692.216	376.111
692.564	395.778
692.911	403.889
693.259	408.444
693.606	413.889
693.953	418.111
694.300	417.667
694.648	398.444
694.995	364.333
695.342	343.778
695.689	333.444
696.036	337.556
696.383	358.778
696.730	367.111
697.077	360.222
697.424	355.444
697.771	364.222
698.117	390.667
698.464	428.000
698.811	483.333
699.157	544.333
699.504	640.222
699.850	754.778
700.197	922.444
700.543	1141.444
700.890	1326.778
701.236	1516.111
701.582	1600.000
701.929	1659.778
702.275	1699.333
702.621	1700.444
702.967	1681.667
703.313	1557.778
703.659	1377.778
704.005	1184.556
704.351	970.222
704.697	851.778
705.043	737.556
705.388	644.556
705.734	539.444
706.080	448.889
706.426	418.444
706.771	416.333
707.117	440.889
707.462	471.889
707.808	517.333
708.153	532.889
708.498	551.333
708.844	561.333
709.189	581.333
709.534	593.333
709.879	602.556
710.225	638.667
710.570	661.000
710.915	707.222
711.260	749.667
711.605	806.000
711.950	861.889
712.294	894.889
712.639	929.333
712.984	918.556
713.329	889.000
713.673	860.444
714.018	789.889
714.363	741.889
714.707	660.667
715.052	590.000
715.396	522.000
715.740	459.889
716.085	429.667
716.429	404.778
716.773	417.889
717.117	424.333
717.462	447.667
717.806	478.778
718.150	527.778
718.494	592.111
718.838	634.667
719.182	681.000
719.526	723.556
719.869	752.444
720.213	817.333
720.557	847.889
720.901	904.667
721.244	924.778
721.588	927.889
721.932	953.333
722.275	933.444
722.618	924.000
722.962	877.111
723.305	800.444
723.649	737.111
723.992	647.444
724.335	579.111
724.678	520.000
725.021	449.778
725.365	416.889
725.708	361.444
726.051	338.222
726.393	327.111
726.736	345.222
727.079	395.667
727.422	426.667
727.765	498.111
728.108	547.778
728.450	580.000
728.793	625.556
729.135	634.444
729.478	636.222
729.820	612.111
730.163	564.333
730.505	546.222
730.848	487.000
731.190	464.667
731.532	451.556
731.874	418.889
732.217	414.333
732.559	403.778
732.901	396.111
733.243	384.000
733.585	353.667
733.927	320.333
734.269	274.333
734.610	233.000
734.952	211.222
735.294	197.111
735.636	204.444
735.977	226.333
736.319	252.222
736.660	304.000
737.002	359.111
737.343	402.333
737.685	447.444
738.026	471.667
738.368	479.556
738.709	472.556
739.050	450.111
739.391	423.889
739.732	376.222
740.073	331.222
740.415	303.667
740.756	271.556
741.096	260.889
741.437	265.444
741.778	268.556
742.119	275.222
742.460	279.333
742.801	287.556
743.141	303.556
743.482	307.889
743.823	321.222
744.163	337.222
744.504	338.556
744.844	344.000
745.184	344.222
745.525	350.000
745.865	361.667
746.205	361.667
746.545	390.000
746.886	429.778
747.226	438.000
747.566	476.556
747.906	516.111
748.246	529.889
748.586	535.889
748.926	526.667
749.266	515.333
749.605	479.222
749.945	422.333
750.285	384.444
750.624	328.444
750.964	267.444
751.304	239.778
751.643	220.889
751.983	208.667
752.322	202.222
752.661	199.222
753.001	196.000
753.340	206.111
753.679	216.667
754.018	224.556
754.358	237.000
754.697	249.111
755.036	262.333
755.375	280.889
755.714	294.111
756.053	304.333
756.392	313.222
756.730	312.111
757.069	321.222
757.408	333.889
757.747	336.889
758.085	339.222
758.424	332.222
758.762	317.333
759.101	312.667
759.439	299.778
759.778	288.889
760.116	279.889
760.454	261.556
760.793	250.000
761.131	245.333
761.469	239.778
761.807	247.667
762.145	259.778
762.483	264.000
762.821	270.778
763.159	281.000
763.497	289.778
763.835	295.778
764.173	296.444
764.510	294.222
764.848	287.778
765.186	283.889
765.523	291.889
765.861	304.889
766.198	332.333
766.536	360.556
766.873	382.222
767.211	408.222
767.548	425.667
767.885	434.222
768.223	436.889
768.560	434.111
768.897	425.333
769.234	403.889
769.571	378.444
769.908	359.556
770.245	344.000
770.582	343.111
770.919	348.444
771.256	358.222
771.593	368.667
771.929	374.444
772.266	376.444
772.603	377.222
772.939	371.000
773.276	351.667
773.612	328.667
773.949	309.667
774.285	278.556
774.622	251.778
774.958	233.778
775.294	215.333
775.630	212.000
775.966	221.556
776.303	248.889
776.639	282.889
776.975	310.333
777.311	350.444
777.647	389.444
777.983	415.000
778.318	429.444
778.654	440.222
778.990	447.000
779.326	446.000
779.661	448.667
779.997	448.111
780.333	433.556
780.668	424.000
781.004	420.444
781.339	423.222
781.674	430.333
782.010	433.111
782.345	425.333
782.680	400.667
783.016	385.000
783.351	369.778
783.686	356.000
784.021	350.667
784.356	338.667
784.691	321.000
785.026	316.889
785.361	320.778
785.695	354.000
786.030	423.444
786.365	490.889
786.700	530.667
787.034	575.333
787.369	626.111
787.703	663.222
788.038	699.556
788.372	732.000
788.707	726.111
789.041	683.778
789.376	652.222
789.710	630.889
790.044	608.000
790.378	607.889
790.712	611.667
791.046	591.333
791.380	571.556
791.714	564.111
792.048	545.667
792.382	519.000
792.716	504.889
793.050	493.000
793.384	459.778
793.718	438.111
794.051	455.667
794.385	488.889
794.718	526.444
795.052	599.333
795.385	697.222
795.719	777.111
796.052	851.222
796.386	963.111
796.719	1077.889
797.052	1161.889
797.385	1238.444
797.719	1309.667
798.052	1318.667
798.385	1286.111
798.718	1264.222
799.051	1243.111
799.384	1186.000
799.716	1116.000
800.049	1043.000
800.382	937.444
800.715	823.667
801.048	742.889
801.380	687.111
801.713	637.556
802.045	587.667
802.378	530.778
802.710	480.778
803.043	451.222
803.375	451.333
803.707	472.111
804.040	521.667
804.372	573.556
804.704	616.667
805.036	672.667
805.368	753.889
805.700	856.333
806.032	970.222
806.364	1082.333
806.696	1179.889
807.028	1242.778
807.360	1278.333
807.692	1293.556
808.023	1287.778
808.355	1262.667
808.687	1210.000
809.018	1124.111
809.350	1017.444
809.681	921.667
810.013	855.000
810.344	824.000
810.676	813.667
811.007	828.333
811.338	865.667
811.669	891.222
812.001	914.333
812.332	953.667
812.663	988.889
812.994	980.444
813.325	941.000
813.656	912.222
813.987	880.222
814.317	828.889
814.648	826.000
814.979	874.889
815.310	930.111
815.640	974.778
815.971	1054.111
816.301	1146.889
816.632	1212.111
816.962	1239.111
817.293	1254.667
817.623	1222.111
817.954	1132.222
818.284	1023.667
818.614	929.111
818.944	832.556
819.274	743.778
819.605	692.889
819.935	702.000
820.265	731.222
820.595	776.889
820.924	889.556
821.254	1091.444
821.584	1298.778
821.914	1453.444
822.244	1581.000
822.573	1693.778
822.903	1745.222
823.233	1752.556
823.562	1773.000
823.892	1798.444
824.221	1750.222
824.550	1653.889
824.880	1624.889
825.209	1664.444
825.538	1694.111
825.868	1699.556
826.197	1726.667
826.526	1730.667
826.855	1643.111
827.184	1509.778
827.513	1398.222
827.842	1263.444
828.171	1078.333
828.500	899.333
828.828	771.222
829.157	679.111
829.486	619.889
829.815	600.778
830.143	657.333
830.472	807.000
830.800	976.444
831.129	1103.889
831.457	1222.222
831.786	1393.111
832.114	1567.889
832.442	1678.333
832.770	1763.333
833.099	1877.333
833.427	1965.333
833.755	1986.000
834.083	1982.667
834.411	1998.333
834.739	1985.111
835.067	1905.556
835.395	1817.222
835.723	1744.111
836.050	1618.778
836.378	1422.222
836.706	1252.000
837.033	1138.667
837.361	1030.000
837.689	894.444
838.016	777.667
838.344	703.333
838.671	641.556
838.998	581.889
839.326	547.000
839.653	540.667
839.980	594.333
840.307	701.889
840.634	829.111
840.961	951.556
841.289	1141.778
841.615	1475.111
841.942	1848.889
842.269	2135.333
842.596	2339.333
842.923	2542.000
843.250	2717.778
843.576	2813.778
843.903	2842.778
844.230	2789.222
844.556	2604.667
844.883	2332.778
845.209	2087.889
845.536	1897.778
845.862	1685.444
846.188	1486.222
846.515	1344.667
846.841	1263.778
847.167	1201.889
847.493	1150.333
847.819	1119.889
848.146	1111.111
848.472	1114.000
848.798	1125.222
849.123	1147.556
849.449	1178.222
849.775	1196.111
850.101	1218.222
850.427	1299.556
850.752	1474.222
851.078	1649.000
851.404	1767.889
851.729	1883.333
852.055	2014.111
852.380	2158.444
852.706	2252.333
853.031	2269.667
853.356	2202.889
853.682	2076.556
854.007	1966.667
854.332	1874.000
854.657	1728.222
854.982	1521.667
855.307	1319.111
855.632	1208.667
855.957	1143.444
856.282	1073.333
856.607	999.556
856.932	958.556
857.256	948.556
857.581	939.556
857.906	924.778
858.230	926.111
858.555	968.222
858.880	1043.222
859.204	1098.667
859.529	1180.889
859.853	1329.556
860.177	1514.111
860.502	1647.889
860.826	1698.889
861.150	1689.667
861.474	1631.222
861.798	1566.333
862.122	1509.222
862.446	1388.667
862.770	1194.556
863.094	1002.556
863.418	908.667
863.742	876.667
864.066	848.222
864.389	840.778
864.713	867.889
865.037	931.667
865.360	998.556
865.684	1024.111
866.008	1022.556
866.331	1012.000
866.654	1038.778
866.978	1098.000
867.301	1132.333
867.624	1154.667
867.948	1254.889
868.271	1519.444
868.594	1851.889
868.917	2111.778
869.240	2291.000
869.563	2459.556
869.886	2661.667
870.209	2841.111
870.532	2910.556
870.855	2809.778
871.177	2539.222
871.500	2255.333
871.823	2066.333
872.145	1933.111
872.468	1754.222
872.791	1513.000
873.113	1323.667
873.435	1248.000
873.758	1245.222
874.080	1238.000
874.402	1189.000
874.725	1140.889
875.047	1123.778
875.369	1152.111
875.691	1180.889
876.013	1164.444
876.335	1130.667
876.657	1133.000
876.979	1248.444
877.301	1433.000
877.623	1590.000
877.945	1706.333
878.266	1837.556
878.588	2064.111
878.910	2374.333
879.231	2652.222
879.553	2820.222
879.875	2832.000
880.196	2763.444
880.517	2688.111
880.839	2589.556
881.160	2420.556
881.481	2144.222
881.803	1798.778
882.124	1485.222
882.445	1241.667
882.766	1065.222
883.087	913.556
883.408	771.111
883.729	672.889
884.050	620.111
884.371	616.222
884.692	640.778
885.012	655.556
885.333	670.222
885.654	691.556
885.974	742.889
886.295	829.889
886.616	919.111
886.936	1002.222
887.257	1061.889
887.577	1107.667
887.897	1178.111
888.218	1273.778
888.538	1387.667
888.858	1468.444
889.178	1491.222
889.498	1479.778
889.818	1450.556
890.139	1428.444
890.458	1410.778
890.778	1367.778
891.098	1297.556
891.418	1203.222
891.738	1132.667
892.058	1097.333
892.377	1078.778
892.697	1078.111
893.017	1075.778
893.336	1071.556
893.656	1082.111
893.975	1135.889
894.295	1244.667
894.614	1378.889
894.933	1510.556
895.253	1640.667
895.572	1770.000
895.891	1928.333
896.210	2132.889
896.529	2337.000
896.848	2467.667
897.167	2499.556
897.486	2462.889
897.805	2419.556
898.124	2373.667
898.443	2312.111
898.762	2216.000
899.081	2065.889
899.399	1890.778
899.718	1734.000
900.036	1619.556
900.355	1538.444
900.673	1459.000
900.992	1387.889
901.310	1309.667
901.629	1215.667
901.947	1121.556
902.265	1039.778
902.583	984.444
902.902	945.333
903.220	933.556
903.538	960.000
903.856	1021.556
904.174	1142.444
904.492	1315.333
904.810	1500.111
905.128	1675.000
905.445	1817.889
905.763	1921.333
906.081	1974.778
906.398	2002.222
906.716	1984.556
907.034	1921.333
907.351	1798.000
907.669	1638.444
907.986	1465.111
908.304	1302.667
908.621	1166.556
908.938	1044.556
909.255	910.333
909.573	793.889
909.890	685.556
910.207	610.000
910.524	563.111
910.841	549.667
911.158	555.444
911.475	563.778
911.792	590.889
912.109	633.222
912.425	691.000
912.742	788.444
913.059	914.000
913.375	1069.222
913.692	1246.333
914.009	1398.556
914.325	1522.222
914.641	1598.667
914.958	1639.778
915.274	1662.222
915.591	1635.444
915.907	1576.111
916.223	1496.000
916.539	1383.889
916.855	1303.111
917.172	1248.667
917.488	1199.111
917.804	1166.111
918.119	1125.667
918.435	1103.222
918.751	1089.778
919.067	1059.222
919.383	1030.444
919.698	987.889
920.014	939.333
920.330	924.111
920.645	924.222
920.961	940.111
921.276	971.667
921.592	1011.111
921.907	1086.222
922.223	1180.889
922.538	1278.889
922.853	1406.889
923.168	1562.889
923.483	1775.000
923.799	2023.889
924.114	2248.778
924.429	2417.667
924.744	2508.444
925.059	2525.556
925.373	2504.556
925.688	2456.889
926.003	2367.778
926.318	2215.667
926.632	2006.556
926.947	1769.778
927.262	1541.556
927.576	1338.444
927.891	1177.778
928.205	1051.111
928.520	923.333
928.834	811.778
929.148	717.778
929.463	667.222
929.777	682.111
930.091	756.778
930.405	862.333
930.719	979.556
931.033	1079.667
931.347	1171.111
931.661	1262.333
931.975	1348.556
932.289	1428.889
932.603	1498.333
932.917	1531.111
933.230	1549.000
933.544	1532.889
933.858	1500.222
934.171	1470.000
934.485	1422.444
934.798	1367.778
935.112	1294.889
935.425	1186.444
935.738	1078.333
936.052	974.889
936.365	890.556
936.678	838.111
936.991	792.667
937.305	752.444
937.618	719.222
937.931	686.333
938.244	666.444
938.556	672.667
938.869	694.000
939.182	739.556
939.495	799.667
939.808	847.556
940.120	887.111
940.433	911.000
940.746	923.889
941.058	938.000
941.371	937.667
941.683	929.667
941.996	929.333
942.308	924.000
942.620	931.444
942.933	947.444
943.245	949.333
943.557	945.778
943.869	927.778
944.181	897.333
944.493	865.000
944.805	821.111
945.117	770.333
945.429	721.222
945.741	674.556
946.053	631.778
946.365	596.333
946.676	564.222
946.988	535.778
947.300	516.778
947.611	495.556
947.923	481.778
948.234	491.556
948.546	529.000
948.857	624.889
949.169	772.778
949.480	937.222
949.791	1115.667
950.102	1266.778
950.413	1390.111
950.725	1496.778
951.036	1573.222
951.347	1615.556
951.658	1621.778
951.969	1578.556
952.280	1518.667
952.590	1453.444
952.901	1391.778
953.212	1340.222
953.523	1293.889
953.833	1229.667
954.144	1161.333
954.454	1077.778
954.765	982.111
955.075	892.111
955.386	797.889
955.696	711.222
956.007	647.556
956.317	594.778
956.627	562.889
956.937	556.000
957.247	566.556
957.558	591.333
957.868	633.667
958.178	679.889
958.488	729.000
958.797	769.111
959.107	792.333
959.417	813.778
959.727	828.444
960.037	828.111
960.346	832.778
960.656	834.333
960.966	832.111
961.275	829.889
961.585	835.889
961.894	837.333
962.203	831.333
962.513	819.778
962.822	797.111
963.131	767.222
963.441	724.889
963.750	674.111
964.059	629.000
964.368	591.222
964.677	563.333
964.986	562.111
965.295	574.667
965.604	616.222
965.913	647.889
966.221	677.778
966.530	697.111
966.839	724.111
967.148	740.778
967.456	751.556
967.765	760.667
968.073	763.000
968.382	749.000
968.690	764.000
968.999	783.556
969.307	808.556
969.615	839.889
969.924	874.111
970.232	923.333
970.540	985.000
970.848	1045.667
971.156	1096.444
971.464	1143.556
971.772	1174.667
972.080	1200.778
972.388	1216.333
972.696	1212.333
973.003	1183.000
973.311	1136.000
973.619	1075.778
973.926	1013.778
974.234	945.889
974.542	884.889
974.849	829.333
975.157	778.000
975.464	734.889
975.771	712.333
976.079	697.111
976.386	690.111
976.693	700.222
977.000	719.667
977.307	749.222
977.615	793.667
977.922	839.556
978.229	882.111
978.536	915.000
978.842	935.333
979.149	947.000
979.456	942.889
979.763	920.444
980.070	884.333
980.376	839.556
980.683	788.667
980.989	741.333
981.296	704.000
981.602	672.667
981.909	643.667
982.215	626.222
982.522	622.444
982.828	617.667
983.134	611.444
983.440	606.000
983.746	603.556
984.053	607.667
984.359	627.000
984.665	647.444
984.971	670.000
985.277	703.111
985.582	739.778
985.888	786.111
986.194	850.889
986.500	915.556
986.805	961.444
987.111	996.111
987.417	1024.000
987.722	1036.111
988.028	1037.889
988.333	1033.667
988.639	1011.889
988.944	969.778
989.249	923.222
989.555	881.333
989.860	837.444
990.165	807.889
990.470	790.333
990.775	765.778
991.080	754.778
991.385	748.778
991.690	744.222
991.995	744.000
992.300	746.222
992.605	746.889
992.910	745.444
993.214	731.111
993.519	707.222
993.824	682.556
994.128	656.556
994.433	627.556
994.737	603.222
995.042	577.889
995.346	544.778
995.650	512.667
995.955	495.000
996.259	478.444
996.563	463.556
996.867	454.000
997.171	440.778
997.476	425.444
997.780	409.667
998.083	393.111
998.387	377.111
998.691	362.222
998.995	353.556
999.299	347.667
999.603	346.889
999.906	344.889
1000.210	345.222
1000.514	347.778
1000.817	351.667
1001.121	366.667
1001.424	377.889
1001.728	389.556
1002.031	405.667
1002.334	413.556
1002.638	422.111
1002.941	448.333
1003.244	483.000
1003.547	517.000
1003.850	554.889
1004.153	595.444
1004.456	625.556
1004.759	655.111
1005.062	698.444
1005.365	737.222
1005.668	762.333
1005.971	790.889
1006.273	805.778
1006.576	805.222
1006.879	807.111
1007.181	802.667
1007.484	787.889
1007.786	771.778
1008.089	749.778
1008.391	716.889
1008.693	681.222
1008.996	653.667
1009.298	619.333
1009.600	586.667
1009.902	566.778
1010.204	544.111
1010.507	521.778
1010.809	511.889
1011.111	498.778
1011.412	484.667
1011.714	477.333
1012.016	474.111
1012.318	466.000
1012.620	458.667
1012.921	448.111
1013.223	428.444
1013.525	407.667
1013.826	389.000
1014.128	365.333
1014.429	340.000
1014.731	314.778
1015.032	289.556
1015.333	265.667
1015.635	247.556
1015.936	233.667
1016.237	222.222
1016.538	218.444
1016.839	214.667
1017.140	217.000
1017.441	222.222
1017.742	226.556
1018.043	230.556
1018.344	238.222
1018.645	243.444
1018.946	247.222
1019.246	253.222
1019.547	263.333
1019.848	267.444
1020.148	282.444
1020.449	301.444
1020.749	315.444
1021.050	338.778
1021.350	365.556
1021.651	389.111
1021.951	420.333
1022.251	452.444
1022.551	480.444
1022.852	496.556
1023.152	523.333
1023.452	552.889
1023.752	565.444
1024.052	593.000
1024.352	624.333
1024.652	636.111
1024.952	656.889
1025.251	681.000
1025.551	690.222
1025.851	690.556
1026.150	698.667
1026.450	702.556
1026.750	684.667
1027.049	673.222
1027.349	662.444
1027.648	633.778
1027.947	613.222
1028.247	610.333
1028.546	593.222
1028.845	574.778
1029.144	567.889
1029.444	553.889
1029.743	530.667
1030.042	522.111
1030.341	511.778
1030.640	489.778
1030.939	471.333
1031.238	459.889
1031.536	438.889
1031.835	416.556
1032.134	404.333
1032.433	386.889
1032.731	362.889
1033.030	345.111
1033.328	327.889
1033.627	303.778
1033.925	284.111
1034.224	266.778
1034.522	254.333
1034.820	240.778
1035.119	232.333
1035.417	221.111
1035.715	214.889
1036.013	216.556
1036.311	215.667
1036.609	217.333
1036.907	223.778
1037.205	224.778
1037.503	227.000
1037.801	239.444
1038.099	253.667
1038.397	258.111
1038.694	265.000
1038.992	279.556
1039.290	285.000
1039.587	286.778
1039.885	298.000
1040.182	306.778
1040.479	304.000
1040.777	312.667
1041.074	326.111
1041.372	330.444
1041.669	336.333
1041.966	357.333
1042.263	370.000
1042.560	378.667
1042.857	403.667
1043.154	425.556
1043.451	432.889
1043.748	448.333
1044.045	465.778
1044.342	466.889
1044.639	460.222
1044.935	463.778
1045.232	455.444
1045.529	432.000
1045.825	418.000
1046.122	403.667
1046.418	378.778
1046.715	357.778
1047.011	344.778
1047.308	327.889
1047.604	310.000
1047.900	300.667
1048.197	289.667
1048.493	273.000
1048.789	261.000
1049.085	251.333
1049.381	237.778
1049.677	225.111
1049.973	214.889
1050.269	203.444
1050.565	189.556
1050.860	182.000
1051.156	174.667
1051.452	166.000
1051.748	160.667
1052.043	156.667
1052.339	153.889
1052.634	155.111
1052.930	157.000
1053.225	158.667
1053.521	160.667
1053.816	167.333
1054.111	172.889
1054.407	176.556
1054.702	187.000
1054.997	200.778
1055.292	207.556
1055.587	216.667
1055.882	233.000
1056.177	245.111
1056.472	251.667
1056.767	269.444
1057.062	286.667
1057.357	293.444
1057.651	298.444
1057.946	313.778
1058.241	320.889
1058.535	317.222
1058.830	326.444
1059.124	337.667
1059.419	330.889
1059.713	329.889
1060.008	337.222
1060.302	337.778
1060.596	325.778
1060.890	325.556
1061.185	327.889
1061.479	314.556
1061.773	303.333
1062.067	303.444
1062.361	292.222
1062.655	274.222
1062.949	267.111
1063.243	262.000
1063.536	247.222
1063.830	234.333
1064.124	230.889
1064.418	220.000
1064.711	204.889
1065.005	195.778
1065.298	188.333
1065.592	172.556
1065.885	161.556
1066.179	154.333
1066.472	145.778
1066.765	132.889
1067.058	126.556
1067.352	120.889
1067.645	114.556
1067.938	109.444
1068.231	107.222
1068.524	103.333
1068.817	99.889
1069.110	97.667
1069.403	96.556
1069.696	94.333
1069.989	92.556
1070.281	90.778
1070.574	89.000
1070.867	86.556
1071.159	85.556
1071.452	85.333
1071.744	86.333
1072.037	87.000
1072.329	87.778
1072.622	89.556
1072.914	92.222
1073.206	94.778
1073.498	98.889
1073.791	104.000
1074.083	107.222
1074.375	112.111
1074.667	115.111
1074.959	117.000
1075.251	120.778
1075.543	124.000
1075.835	126.556
1076.126	128.778
1076.418	131.333
1076.710	135.000
1077.002	135.222
1077.293	139.444
1077.585	146.333
1077.876	149.000
1078.168	152.333
1078.459	158.778
1078.751	162.778
1079.042	162.111
1079.333	163.333
1079.625	166.444
1079.916	163.778
1080.207	161.444
1080.498	161.444
1080.789	160.333
1081.080	155.667
1081.371	153.222
1081.662	154.111
1081.953	152.333
1082.244	146.889
1082.535	146.111
1082.826	143.111
1083.116	137.778
1083.407	132.667
1083.698	127.667
1083.988	121.889
1084.279	114.444
1084.569	108.222
1084.859	104.444
1085.150	99.111
1085.440	94.111
1085.730	90.444
1086.021	87.222
1086.311	84.556
1086.601	82.222
1086.891	80.667
1087.181	77.667
1087.471	75.556
1087.761	73.444
1088.051	71.444
1088.341	70.889
1088.631	70.889
1088.921	70.778
1089.210	70.111
1089.500	69.667
1089.790	70.000
1090.079	69.667
1090.369	70.000
1090.658	70.889
1090.948	70.778
1091.237	70.556
1091.526	70.222
1091.816	71.778
1092.105	73.111
1092.394	75.000
1092.683	76.000
1092.973	76.778
1093.262	77.333
1093.551	77.778
1093.840	78.667
1094.129	80.556
1094.417	81.556
1094.706	83.222
1094.995	83.889
1095.284	84.556
1095.573	86.111
1095.861	86.778
1096.150	88.111
1096.438	90.667
1096.727	90.222
1097.016	88.889
1097.304	88.778
1097.592	89.000
1097.881	88.556
1098.169	87.222
1098.457	88.111
1098.745	88.667
1099.034	85.444
1099.322	86.667
