520.430	0.000
520.800	0.000
521.169	56.000
521.539	52.000
521.909	57.000
522.278	69.000
522.648	60.000
523.017	69.000
523.387	72.000
523.756	61.000
524.125	60.000
524.494	74.000
524.864	57.000
525.233	61.000
525.602	62.000
525.971	64.000
526.340	65.000
526.709	64.000
527.078	59.000
527.447	73.000
527.816	85.111
528.185	178.111
528.553	284.667
528.922	405.333
529.291	550.889
529.659	733.444
530.028	956.889
530.396	1214.889
530.765	1502.111
531.133	1814.556
531.502	2099.333
531.870	2378.333
532.238	2646.111
532.606	2914.444
532.975	3119.889
533.343	3255.000
533.711	3332.556
534.079	3347.556
534.447	3293.111
534.815	3165.222
535.183	2948.333
535.551	2683.000
535.919	2363.000
536.286	2056.889
536.654	1780.556
537.022	1541.889
537.389	1352.667
537.757	1212.778
538.125	1144.444
538.492	1166.333
538.859	1247.667
539.227	1386.333
539.594	1542.111
539.961	1695.444
540.329	1850.333
540.696	1978.222
541.063	2077.111
541.430	2152.667
541.797	2232.111
542.164	2315.667
542.531	2375.667
542.898	2470.556
543.265	2593.333
543.632	2677.333
543.999	2764.222
544.366	2792.556
544.732	2730.444
545.099	2625.667
545.466	2469.111
545.832	2286.444
546.199	2063.000
546.565	1836.222
546.932	1677.889
547.298	1576.333
547.664	1610.000
548.031	1797.444
548.397	2003.889
548.763	2319.111
549.129	2656.111
549.495	2993.333
549.861	3310.333
550.227	3581.000
550.593	3698.222
550.959	3618.778
551.325	3417.333
551.691	3203.333
552.057	2880.778
552.422	2532.667
552.788	2186.444
553.154	1832.111
553.519	1487.778
553.885	1259.000
554.250	1147.333
554.616	1093.000
554.981	1086.667
555.347	1108.222
555.712	1160.889
556.077	1255.000
556.443	1372.000
556.808	1519.222
557.173	1682.222
557.538	1960.444
557.903	2243.778
558.268	2540.333
558.633	2843.111
558.998	3138.556
559.363	3390.667
559.727	3628.000
560.092	3823.222
560.457	3845.333
560.822	3700.111
561.186	3478.111
561.551	3236.000
561.915	2974.222
562.280	2693.222
562.644	2429.111
563.009	2238.333
563.373	2048.222
563.737	2030.556
564.102	2075.333
564.466	2123.556
564.830	2173.222
565.194	2244.667
565.558	2304.889
565.922	2348.778
566.286	2359.667
566.650	2383.444
567.014	2408.889
567.378	2507.111
567.741	2612.111
568.105	2731.667
568.469	2922.000
568.833	3110.222
569.196	3282.222
569.560	3384.778
569.923	3423.889
570.287	3434.000
570.650	3302.333
571.013	3144.333
571.377	2940.889
571.740	2655.222
572.103	2403.556
572.466	2208.000
572.830	2078.778
573.193	2022.222
573.556	2029.333
573.919	2090.222
574.282	2237.667
574.645	2457.667
575.007	2705.667
575.370	2960.222
575.733	3141.889
576.096	3221.667
576.458	3293.778
576.821	3310.333
577.184	3262.889
577.546	3179.000
577.909	3036.111
578.271	2846.556
578.633	2649.222
578.996	2425.556
579.358	2236.333
579.720	2073.000
580.083	1897.444
580.445	1784.111
580.807	1669.333
581.169	1536.444
581.531	1443.778
581.893	1356.000
582.255	1325.667
582.617	1354.556
582.979	1346.778
583.340	1334.556
583.702	1337.778
584.064	1367.667
584.425	1418.667
584.787	1470.222
585.149	1453.889
585.510	1442.111
585.872	1421.222
586.233	1396.000
586.594	1408.333
586.956	1394.444
587.317	1380.333
587.678	1373.000
588.039	1339.667
588.401	1380.111
588.762	1410.778
589.123	1392.333
589.484	1373.111
589.845	1299.667
590.206	1238.667
590.566	1185.333
590.927	1105.889
591.288	1041.222
591.649	932.111
592.009	841.444
592.370	822.778
592.731	831.000
593.091	890.333
593.452	979.667
593.812	1062.000
594.172	1179.667
594.533	1307.333
594.893	1444.778
595.253	1581.222
595.614	1628.222
595.974	1651.444
596.334	1605.778
596.694	1532.889
597.054	1437.333
597.414	1314.667
597.774	1212.556
598.134	1153.667
598.494	1132.667
598.853	1187.111
599.213	1247.111
599.573	1424.556
599.932	1710.778
600.292	1988.667
600.652	2348.222
601.011	2561.222
601.371	2792.667
601.730	2985.667
602.089	3120.778
602.449	3260.778
602.808	3322.333
603.167	3249.778
603.526	3206.333
603.886	3009.778
604.245	2938.667
604.604	2785.889
604.963	2616.222
605.322	2485.667
605.681	2338.222
606.040	2187.111
606.398	2029.556
606.757	1905.556
607.116	1899.222
607.475	1851.000
607.833	1869.333
608.192	1842.889
608.550	1823.222
608.909	1834.667
609.267	1880.778
609.626	2028.333
609.984	2120.889
610.342	2178.889
610.701	2219.000
611.059	2280.111
611.417	2415.889
611.775	2499.556
612.133	2618.444
612.491	2645.778
612.849	2706.111
613.207	2742.333
613.565	2781.000
613.923	2840.000
614.281	2777.222
614.638	2700.111
614.996	2614.333
615.354	2453.333
615.711	2306.000
616.069	2036.667
616.427	1824.667
616.784	1597.667
617.141	1409.000
617.499	1275.667
617.856	1141.222
618.213	1079.111
618.571	1031.778
618.928	1116.556
619.285	1201.222
619.642	1315.000
619.999	1399.556
620.356	1482.889
620.713	1555.667
621.070	1577.111
621.427	1557.556
621.784	1522.111
622.141	1435.889
622.497	1355.556
622.854	1252.444
623.211	1162.222
623.567	1061.000
623.924	1002.333
624.280	977.222
624.637	979.000
624.993	981.333
625.349	977.222
625.706	955.667
626.062	914.889
626.418	906.111
626.774	918.000
627.131	989.222
627.487	1017.333
627.843	1038.222
628.199	1043.444
628.555	1068.333
628.911	1088.556
629.266	1104.667
629.622	1097.333
629.978	1093.111
630.334	1047.111
630.689	1027.556
631.045	993.333
631.401	959.444
631.756	902.778
632.112	887.333
632.467	900.556
632.822	928.000
633.178	960.222
633.533	972.778
633.888	1012.889
634.243	1105.778
634.599	1228.667
634.954	1355.556
635.309	1443.889
635.664	1518.667
636.019	1586.889
636.374	1685.000
636.729	1730.000
637.083	1773.444
637.438	1723.333
637.793	1665.444
638.148	1578.333
638.502	1525.667
638.857	1442.778
639.211	1362.778
639.566	1240.889
639.920	1131.778
640.275	1023.222
640.629	944.444
640.983	893.222
641.338	886.556
641.692	942.222
642.046	1040.111
642.400	1174.444
642.754	1288.778
643.108	1479.667
643.462	1752.444
643.816	2044.333
644.170	2359.667
644.524	2546.333
644.878	2591.444
645.232	2586.444
645.585	2636.000
645.939	2688.111
646.293	2743.667
646.646	2606.778
647.000	2446.000
647.353	2208.556
647.707	2073.333
648.060	1956.222
648.413	1846.222
648.767	1639.222
649.120	1435.222
649.473	1168.333
649.826	1006.667
650.179	866.667
650.533	754.556
650.885	650.111
651.239	611.667
651.591	576.111
651.944	552.556
652.297	536.889
652.650	556.444
653.003	641.667
653.355	758.333
653.708	934.889
654.061	1070.111
654.413	1239.889
654.766	1386.556
655.118	1536.111
655.471	1625.333
655.823	1681.889
656.175	1637.778
656.528	1568.444
656.880	1428.778
657.232	1316.111
657.584	1158.111
657.936	1047.556
658.288	914.333
658.640	831.222
658.992	782.222
659.344	846.333
659.696	907.889
660.048	1023.000
660.400	1085.000
660.751	1164.778
661.103	1257.556
661.455	1443.667
661.806	1595.889
662.158	1739.667
662.509	1773.556
662.861	1840.222
663.212	1867.667
663.563	2029.556
663.915	2120.222
664.266	2172.556
664.617	2076.667
664.968	2005.667
665.319	1920.333
665.670	1915.667
666.021	1850.222
666.372	1787.778
666.723	1596.556
667.074	1450.222
667.425	1302.778
667.776	1235.556
668.127	1157.889
668.477	1060.889
668.828	915.444
669.179	819.000
669.529	752.556
669.880	780.222
670.230	842.000
670.581	874.333
670.931	866.111
671.281	854.111
671.632	851.889
671.982	841.444
672.332	812.778
672.682	757.222
673.032	671.556
673.382	602.333
673.732	607.111
674.082	607.667
674.432	621.667
674.782	620.556
675.132	635.667
675.482	642.000
675.831	659.889
676.181	663.667
676.531	682.000
676.880	678.778
677.230	737.000
677.579	796.778
677.929	890.000
678.278	987.667
678.628	1124.556
678.977	1243.000
679.326	1362.556
679.675	1447.222
680.024	1505.778
680.374	1582.444
680.723	1647.556
681.072	1773.000
681.421	1799.333
681.770	1764.778
682.119	1681.000
682.467	1587.333
682.816	1478.889
683.165	1360.444
683.514	1188.111
683.862	1040.444
684.211	835.000
684.559	727.778
684.908	665.778
685.256	659.667
685.605	729.778
685.953	782.556
686.302	918.000
686.650	1001.333
686.998	1065.444
687.346	1116.222
687.694	1149.111
688.043	1177.444
688.391	1202.667
688.739	1189.000
689.087	1217.556
689.435	1269.000
689.782	1318.222
690.130	1394.667
690.478	1427.778
690.826	1500.000
691.173	1525.444
691.521	1522.333
691.869	1468.667
692.216	1366.222
692.564	1202.667
692.911	1101.222
693.259	1024.556
693.606	974.222
693.953	914.222
694.300	915.000
694.648	971.222
694.995	1062.444
695.342	1154.333
695.689	1219.222
696.036	1265.889
696.383	1308.667
696.730	1350.000
697.077	1392.556
697.424	1394.778
697.771	1372.111
698.117	1350.111
698.464	1397.222
698.811	1528.556
699.157	1621.778
699.504	1716.000
699.850	1806.333
700.197	1915.444
700.543	2037.333
700.890	2075.111
701.236	2050.000
701.582	1923.444
701.929	1729.111
702.275	1594.222
702.621	1428.000
702.967	1285.444
703.313	1107.444
703.659	949.889
704.005	840.333
704.351	780.111
704.697	781.889
705.043	834.889
705.388	918.889
705.734	997.111
706.080	1116.667
706.426	1154.000
706.771	1157.444
707.117	1170.444
707.462	1180.556
707.808	1208.889
708.153	1178.556
708.498	1128.444
708.844	1068.778
709.189	990.667
709.534	973.111
709.879	985.111
710.225	1041.889
710.570	1077.778
710.915	1164.667
711.260	1176.000
711.605	1138.556
711.950	1094.889
712.294	1020.556
712.639	971.222
712.984	901.444
713.329	821.444
713.673	755.667
714.018	639.111
714.363	604.667
714.707	610.111
715.052	661.667
715.396	692.667
715.740	724.778
716.085	759.667
716.429	784.778
716.773	861.222
717.117	883.667
717.462	884.000
717.806	858.000
718.150	790.889
718.494	761.000
718.838	731.778
719.182	718.444
719.526	699.667
719.869	626.667
720.213	597.444
720.557	572.111
720.901	580.111
721.244	601.111
721.588	619.889
721.932	648.444
722.275	634.556
722.618	627.667
722.962	613.444
723.305	606.444
723.649	622.444
723.992	619.889
724.335	628.000
724.678	642.000
725.021	665.556
725.365	750.000
725.708	802.333
726.051	892.000
726.393	944.556
726.736	953.333
727.079	976.556
727.422	947.667
727.765	896.333
728.108	814.222
728.450	710.889
728.793	659.889
729.135	596.111
729.478	618.556
729.820	655.000
730.163	659.000
730.505	711.000
730.848	749.556
731.190	813.111
731.532	869.778
731.874	883.222
732.217	873.222
732.559	778.889
732.901	694.667
733.243	641.889
733.585	595.333
733.927	613.111
734.269	629.667
734.610	629.889
734.952	658.556
735.294	674.778
735.636	711.111
735.977	762.556
736.319	789.000
736.660	809.333
737.002	788.333
737.343	738.667
737.685	719.000
738.026	692.000
738.368	683.000
738.709	672.222
739.050	631.778
739.391	610.556
739.732	596.889
740.073	606.667
740.415	654.222
740.756	667.556
741.096	668.556
741.437	672.667
741.778	658.111
742.119	669.889
742.460	687.778
742.801	694.889
743.141	699.556
743.482	674.111
743.823	706.889
744.163	772.556
744.504	821.111
744.844	917.333
745.184	959.444
745.525	961.222
745.865	956.333
746.205	912.000
746.545	871.222
746.886	796.000
747.226	694.667
747.566	634.333
747.906	563.000
748.246	532.778
748.586	573.556
748.926	631.000
749.266	720.000
749.605	855.222
749.945	955.000
750.285	1011.333
750.624	1032.889
750.964	1016.667
751.304	1038.556
751.643	1029.222
751.983	999.889
752.322	1018.778
752.661	985.556
753.001	928.333
753.340	938.444
753.679	948.333
754.018	935.333
754.358	882.556
754.697	823.556
755.036	806.222
755.375	767.444
755.714	720.778
756.053	742.333
756.392	741.667
756.730	702.444
757.069	694.778
757.408	705.000
757.747	712.889
758.085	707.889
758.424	676.333
758.762	634.111
759.101	577.222
759.439	525.667
759.778	512.556
760.116	517.111
760.454	523.111
760.793	539.444
761.131	566.889
761.469	574.667
761.807	571.889
762.145	553.556
762.483	525.556
762.821	520.667
763.159	545.333
763.497	565.444
763.835	594.889
764.173	632.000
764.510	648.889
764.848	661.889
765.186	693.444
765.523	730.667
765.861	751.778
766.198	751.667
766.536	734.333
766.873	700.667
767.211	638.333
767.548	591.444
767.885	586.889
768.223	623.444
768.560	675.556
768.897	747.000
769.234	831.222
769.571	876.889
769.908	895.222
770.245	909.111
770.582	932.667
770.919	940.444
771.256	945.444
771.593	964.222
771.929	949.556
772.266	924.889
772.603	928.222
772.939	945.444
773.276	992.111
773.612	1057.222
773.949	1131.889
774.285	1217.000
774.622	1285.778
774.958	1334.889
775.294	1373.667
775.630	1396.889
775.966	1385.556
776.303	1341.222
776.639	1299.222
776.975	1233.222
777.311	1093.667
777.647	934.778
777.983	804.667
778.318	677.889
778.654	599.111
778.990	559.667
779.326	522.444
779.661	482.000
779.997	460.556
780.333	467.556
780.668	506.889
781.004	546.889
781.339	554.556
781.674	573.444
782.010	648.000
782.345	730.333
782.680	832.444
783.016	1008.778
783.351	1158.667
783.686	1279.111
784.021	1412.222
784.356	1509.778
784.691	1532.222
785.026	1513.444
785.361	1496.444
785.695	1423.444
786.030	1275.333
786.365	1135.333
786.700	1005.111
787.034	923.444
787.369	926.333
787.703	971.333
788.038	1005.889
788.372	1016.556
788.707	1020.667
789.041	1016.000
789.376	1033.778
789.710	1054.667
790.044	1009.778
790.378	938.000
790.712	881.778
791.046	830.778
791.380	801.556
791.714	864.222
792.048	968.000
792.382	1038.667
792.716	1099.000
793.050	1155.000
793.384	1167.444
793.718	1150.333
794.051	1134.000
794.385	1099.111
794.718	996.889
795.052	870.000
795.385	768.000
795.719	681.889
796.052	632.333
796.386	627.333
796.719	626.778
797.052	615.667
797.385	610.444
797.719	627.111
798.052	666.444
798.385	724.333
798.718	774.111
799.051	788.111
799.384	797.333
799.716	825.222
800.049	876.778
800.382	961.444
800.715	1069.333
801.048	1149.222
801.380	1168.778
801.713	1147.222
802.045	1143.889
802.378	1168.889
802.710	1218.111
803.043	1264.333
803.375	1280.444
803.707	1238.778
804.040	1192.667
804.372	1192.778
804.704	1230.667
805.036	1289.667
805.368	1329.333
805.700	1314.111
806.032	1272.222
806.364	1288.778
806.696	1420.000
807.028	1565.556
807.360	1723.889
807.692	1906.889
808.023	2028.667
808.355	2091.222
808.687	2204.444
809.018	2359.889
809.350	2447.556
809.681	2439.111
810.013	2410.111
810.344	2325.111
810.676	2163.778
811.007	2045.444
811.338	2026.667
811.669	1983.667
812.001	1870.667
812.332	1751.778
812.663	1627.778
812.994	1489.556
813.325	1369.667
813.656	1296.778
813.987	1213.778
814.317	1071.889
814.648	942.333
814.979	893.444
815.310	898.556
815.640	971.333
815.971	1182.111
816.301	1478.333
816.632	1755.889
816.962	2026.222
817.293	2390.333
817.623	2775.444
817.954	3125.222
818.284	3414.444
818.614	3556.333
818.944	3508.222
819.274	3320.333
819.605	3142.778
819.935	3027.889
820.265	2844.111
820.595	2573.556
820.924	2243.000
821.254	1919.778
821.584	1682.000
821.914	1524.111
822.244	1453.111
822.573	1424.889
822.903	1325.444
823.233	1173.333
823.562	1067.778
823.892	1046.000
824.221	1052.889
824.550	1048.333
824.880	1079.667
825.209	1183.667
825.538	1322.000
825.868	1498.556
826.197	1828.000
826.526	2204.111
826.855	2556.444
827.184	2892.889
827.513	3225.444
827.842	3367.444
828.171	3402.889
828.500	3355.778
828.828	3325.333
829.157	3287.556
829.486	3189.444
829.815	2959.778
830.143	2650.889
830.472	2355.222
830.800	2246.333
831.129	2136.889
831.457	2019.000
831.786	1870.667
832.114	1613.333
832.442	1368.444
832.770	1246.889
833.099	1230.556
833.427	1222.222
833.755	1164.556
834.083	1128.000
834.411	1189.667
834.739	1331.556
835.067	1462.667
835.395	1544.667
835.723	1605.111
836.050	1644.111
836.378	1659.778
836.706	1678.333
837.033	1730.556
837.361	1799.444
837.689	1807.889
838.016	1756.444
838.344	1709.556
838.671	1692.778
838.998	1669.000
839.326	1624.222
839.653	1567.000
839.980	1475.556
840.307	1317.889
840.634	1162.667
840.961	1098.222
841.289	1179.778
841.615	1414.333
841.942	1688.444
842.269	1890.667
842.596	2034.222
842.923	2254.444
843.250	2600.222
843.576	2924.111
843.903	3199.222
844.230	3346.111
844.556	3386.000
844.883	3305.000
845.209	3198.556
845.536	3106.222
845.862	2943.222
846.188	2677.889
846.515	2396.111
846.841	2117.222
847.167	1908.556
847.493	1766.222
847.819	1764.778
848.146	1822.444
848.472	1862.333
848.798	1860.889
849.123	1802.000
849.449	1750.667
849.775	1730.556
850.101	1747.444
850.427	1828.778
850.752	1947.111
851.078	2140.667
851.404	2270.111
851.729	2416.000
852.055	2714.667
852.380	3047.778
852.706	3380.333
853.031	3651.556
853.356	3745.667
853.682	3745.667
854.007	3745.667
854.332	3899.444
854.657	3858.000
854.982	3622.889
855.307	3336.000
855.632	3007.667
855.957	2644.889
856.282	2288.667
856.607	1994.222
856.932	1748.333
857.256	1464.000
857.581	1322.778
857.906	1208.444
858.230	1122.111
858.555	1109.444
858.880	1151.667
859.204	1180.333
859.529	1200.000
859.853	1287.333
860.177	1456.778
860.502	1620.778
860.826	1732.000
861.150	1847.000
861.474	1992.556
861.798	2179.889
862.122	2354.222
862.446	2422.444
862.770	2417.444
863.094	2514.222
863.418	2701.444
863.742	2966.667
864.066	3091.556
864.389	3042.222
864.713	2892.667
865.037	2756.667
865.360	2664.667
865.684	2502.111
866.008	2197.111
866.331	1883.556
866.654	1570.778
866.978	1371.222
867.301	1266.000
867.624	1206.333
867.948	1206.667
868.271	1337.444
868.594	1561.778
868.917	1756.556
869.240	1906.889
869.563	2092.778
869.886	2361.444
870.209	2629.889
870.532	2800.222
870.855	2841.000
871.177	2751.556
871.500	2695.444
871.823	2789.111
872.145	2952.333
872.468	3061.889
872.791	3071.222
873.113	3147.778
873.435	3319.889
873.758	3553.333
874.080	3642.667
874.402	3530.778
874.725	3267.111
875.047	2970.889
875.369	2678.444
875.691	2392.000
876.013	2023.667
876.335	1650.111
876.657	1306.889
876.979	1168.889
877.301	1180.333
877.623	1250.222
877.945	1336.556
878.266	1486.667
878.588	1743.667
878.910	2066.444
879.231	2330.111
879.553	2497.333
879.875	2549.333
880.196	2519.222
880.517	2459.667
880.839	2390.333
881.160	2299.222
881.481	2135.333
881.803	1927.444
882.124	1798.444
882.445	1748.444
882.766	1744.000
883.087	1733.111
883.408	1672.667
883.729	1594.111
884.050	1485.222
884.371	1398.889
884.692	1349.222
885.012	1258.778
885.333	1162.778
885.654	1083.778
885.974	1059.222
886.295	1132.333
886.616	1257.667
886.936	1421.778
887.257	1571.667
887.577	1702.667
887.897	1886.222
888.218	2088.889
888.538	2289.444
888.858	2429.111
889.178	2466.778
889.498	2440.000
889.818	2412.889
890.139	2422.556
890.458	2447.000
890.778	2416.444
891.098	2326.556
891.418	2199.000
891.738	2100.111
892.058	2045.333
892.377	1998.556
892.697	1916.333
893.017	1794.111
893.336	1661.111
893.656	1604.222
893.975	1682.444
894.295	1856.889
894.614	2031.333
894.933	2133.000
895.253	2209.333
895.572	2301.222
895.891	2451.444
896.210	2689.778
896.529	2923.000
896.848	3068.667
897.167	3158.556
897.486	3267.222
897.805	3458.000
898.124	3675.000
898.443	3772.667
898.762	3776.444
899.081	3666.000
899.399	3478.333
899.718	3267.667
900.036	3068.667
900.355	2906.111
900.673	2729.889
900.992	2513.222
901.310	2335.556
901.629	2146.444
901.947	1972.444
902.265	1845.000
902.583	1788.889
902.902	1766.556
903.220	1733.556
903.538	1726.222
903.856	1764.556
904.174	1859.444
904.492	1985.889
904.810	2092.556
905.128	2154.000
905.445	2128.889
905.763	2045.667
906.081	1939.000
906.398	1854.111
906.716	1774.333
907.034	1704.889
907.351	1619.889
907.669	1522.444
907.986	1428.778
908.304	1357.111
908.621	1293.111
908.938	1231.333
909.255	1145.889
909.573	1071.444
909.890	980.889
910.207	887.889
910.524	805.667
910.841	741.667
911.158	698.778
911.475	677.444
911.792	671.444
912.109	673.889
912.425	691.778
912.742	760.222
913.059	887.556
913.375	1056.333
913.692	1221.444
914.009	1359.000
914.325	1479.222
914.641	1588.667
914.958	1688.889
915.274	1772.444
915.591	1839.444
915.907	1914.111
916.223	2011.000
916.539	2124.889
916.855	2242.222
917.172	2298.444
917.488	2285.889
917.804	2246.000
918.119	2191.778
918.435	2114.444
918.751	1986.111
919.067	1795.778
919.383	1600.444
919.698	1425.556
920.014	1300.000
920.330	1236.778
920.645	1204.556
920.961	1232.556
921.276	1360.000
921.592	1566.444
921.907	1817.556
922.223	2036.444
922.538	2227.778
922.853	2454.222
923.168	2703.111
923.483	2960.667
923.799	3181.000
924.114	3298.778
924.429	3343.556
924.744	3355.000
925.059	3340.667
925.373	3292.111
925.688	3167.333
926.003	2963.444
926.318	2718.556
926.632	2439.667
926.947	2154.444
927.262	1864.333
927.576	1560.556
927.891	1300.667
928.205	1101.333
928.520	954.667
928.834	878.778
929.148	844.444
929.463	843.111
929.777	865.000
930.091	907.000
930.405	975.556
930.719	1055.444
931.033	1129.111
931.347	1203.889
931.661	1275.111
931.975	1334.000
932.289	1391.111
932.603	1439.000
932.917	1458.778
933.230	1477.111
933.544	1482.000
933.858	1479.222
934.171	1480.889
934.485	1465.444
934.798	1456.111
935.112	1444.667
935.425	1418.333
935.738	1405.778
936.052	1376.000
936.365	1333.889
936.678	1311.000
936.991	1281.778
937.305	1242.889
937.618	1204.556
937.931	1157.667
938.244	1111.111
938.556	1082.889
938.869	1068.333
939.182	1074.222
939.495	1096.444
939.808	1121.444
940.120	1172.000
940.433	1227.111
940.746	1280.000
941.058	1369.778
941.371	1477.222
941.683	1614.333
941.996	1805.000
942.308	1980.333
942.620	2137.444
942.933	2261.778
943.245	2318.556
943.557	2340.556
943.869	2325.556
944.181	2271.444
944.493	2192.667
944.805	2073.556
945.117	1928.444
945.429	1793.778
945.741	1676.667
946.053	1596.444
946.365	1558.667
946.676	1532.556
946.988	1496.222
947.300	1460.889
947.611	1414.778
947.923	1394.333
948.234	1408.222
948.546	1453.111
948.857	1544.222
949.169	1662.556
949.480	1756.000
949.791	1848.889
950.102	1918.778
950.413	1961.444
950.725	1972.556
951.036	1943.556
951.347	1858.556
951.658	1729.222
951.969	1558.111
952.280	1407.000
952.590	1303.556
952.901	1234.000
953.212	1193.556
953.523	1197.667
953.833	1206.556
954.144	1224.556
954.454	1235.444
954.765	1229.444
955.075	1213.556
955.386	1171.111
955.696	1108.778
956.007	1052.778
956.317	1000.333
956.627	954.778
956.937	950.111
957.247	994.778
957.558	1056.333
957.868	1132.556
958.178	1201.333
958.488	1250.222
958.797	1284.444
959.107	1283.778
959.417	1264.444
959.727	1227.000
960.037	1152.333
960.346	1075.222
960.656	1003.556
960.966	926.556
961.275	854.444
961.585	796.222
961.894	749.556
962.203	719.111
962.513	691.556
962.822	659.111
963.131	628.778
963.441	586.111
963.750	547.222
964.059	524.333
964.368	498.111
964.677	469.333
964.986	445.333
965.295	423.667
965.604	437.778
965.913	460.667
966.221	516.111
966.530	591.778
966.839	691.000
967.148	797.667
967.456	905.111
967.765	1021.333
968.073	1129.111
968.382	1202.000
968.690	1283.556
968.999	1341.222
969.307	1366.000
969.615	1374.222
969.924	1368.778
970.232	1353.333
970.540	1330.000
970.848	1292.222
971.156	1242.000
971.464	1193.111
971.772	1138.778
972.080	1094.889
972.388	1068.333
972.696	1042.000
973.003	1026.444
973.311	1034.222
973.619	1050.222
973.926	1077.000
974.234	1102.444
974.542	1122.444
974.849	1145.778
975.157	1162.333
975.464	1173.667
975.771	1185.222
976.079	1189.000
976.386	1192.556
976.693	1206.111
977.000	1221.000
977.307	1229.778
977.615	1238.778
977.922	1239.000
978.229	1241.444
978.536	1239.667
978.842	1223.778
979.149	1197.778
979.456	1149.333
979.763	1078.556
980.070	1007.778
980.376	930.778
980.683	840.222
980.989	750.444
981.296	661.222
981.602	569.444
981.909	491.000
982.215	433.889
982.522	392.111
982.828	365.000
983.134	355.222
983.440	363.556
983.746	380.889
984.053	409.778
984.359	448.111
984.665	480.222
984.971	509.333
985.277	543.889
985.582	574.222
985.888	599.333
986.194	642.889
986.500	686.556
986.805	728.556
987.111	784.667
987.417	845.667
987.722	914.222
988.028	997.889
988.333	1085.111
988.639	1163.667
988.944	1225.222
989.249	1268.111
989.555	1301.333
989.860	1328.333
990.165	1349.667
990.470	1368.222
990.775	1383.778
991.080	1398.000
991.385	1401.667
991.690	1416.667
991.995	1453.667
992.300	1485.556
992.605	1527.556
992.910	1588.444
993.214	1622.556
993.519	1634.333
993.824	1641.889
994.128	1648.778
994.433	1638.889
994.737	1623.000
995.042	1596.556
995.346	1539.333
995.650	1467.889
995.955	1396.333
996.259	1316.333
996.563	1247.111
996.867	1180.222
997.171	1108.778
997.476	1041.556
997.780	976.222
998.083	909.111
998.387	852.778
998.691	805.444
998.995	755.778
999.299	706.000
999.603	666.556
999.906	615.889
1000.210	563.889
1000.514	523.889
1000.817	484.556
1001.121	447.333
1001.424	430.111
1001.728	422.333
1002.031	413.444
1002.334	407.889
1002.638	406.222
1002.941	407.333
1003.244	415.667
1003.547	425.778
1003.850	438.556
1004.153	449.444
1004.456	458.444
1004.759	468.778
1005.062	485.556
1005.365	497.222
1005.668	507.111
1005.971	526.111
1006.273	539.778
1006.576	544.111
1006.879	551.889
1007.181	557.000
1007.484	562.111
1007.786	582.222
1008.089	612.333
1008.391	632.333
1008.693	656.111
1008.996	684.000
1009.298	704.333
1009.600	733.000
1009.902	776.000
1010.204	803.333
1010.507	818.000
1010.809	842.333
1011.111	854.556
1011.412	850.556
1011.714	859.889
1012.016	866.556
1012.318	854.111
1012.620	845.222
1012.921	836.444
1013.223	813.889
1013.525	787.556
1013.826	779.000
1014.128	763.222
1014.429	741.889
1014.731	722.778
1015.032	699.222
1015.333	664.778
1015.635	637.778
1015.936	606.222
1016.237	568.778
1016.538	532.667
1016.839	496.556
1017.140	456.111
1017.441	420.556
1017.742	390.889
1018.043	356.111
1018.344	327.000
1018.645	309.000
1018.946	292.444
1019.246	276.889
1019.547	270.889
1019.848	262.556
1020.148	260.556
1020.449	261.889
1020.749	268.444
1021.050	283.111
1021.350	300.889
1021.651	316.111
1021.951	338.778
1022.251	362.111
1022.551	382.444
1022.852	398.222
1023.152	417.444
1023.452	429.222
1023.752	429.778
1024.052	436.111
1024.352	442.222
1024.652	438.444
1024.952	443.000
1025.251	451.111
1025.551	451.000
1025.851	450.889
1026.150	462.222
1026.450	468.222
1026.750	466.333
1027.049	474.333
1027.349	479.444
1027.648	475.778
1027.947	480.556
1028.247	496.222
1028.546	499.556
1028.845	505.667
1029.144	524.333
1029.444	529.333
1029.743	525.889
1030.042	531.889
1030.341	530.000
1030.640	517.000
1030.939	507.333
1031.238	503.111
1031.536	484.444
1031.835	460.556
1032.134	447.222
1032.433	429.556
1032.731	407.333
1033.030	391.000
1033.328	373.556
1033.627	351.889
1033.925	332.333
1034.224	316.111
1034.522	307.222
1034.820	293.778
1035.119	282.222
1035.417	268.889
1035.715	261.333
1036.013	256.889
1036.311	248.444
1036.609	241.778
1036.907	237.889
1037.205	227.333
1037.503	221.444
1037.801	224.778
1038.099	228.889
1038.397	225.778
1038.694	232.111
1038.992	248.444
1039.290	259.778
1039.587	275.444
1039.885	303.222
1040.182	330.111
1040.479	351.556
1040.777	393.778
1041.074	443.222
1041.372	477.111
1041.669	512.333
1041.966	569.778
1042.263	612.222
1042.560	647.889
1042.857	704.333
1043.154	748.778
1043.451	770.889
1043.748	806.556
1044.045	846.222
1044.342	855.556
1044.639	855.889
1044.935	873.444
1045.232	872.889
1045.529	849.667
1045.825	845.444
1046.122	830.556
1046.418	793.889
1046.715	774.222
1047.011	769.778
1047.308	747.778
1047.604	725.556
1047.900	719.222
1048.197	702.667
1048.493	666.000
1048.789	650.000
1049.085	633.222
1049.381	594.444
1049.677	560.556
1049.973	533.778
1050.269	497.444
1050.565	453.556
1050.860	424.556
1051.156	398.333
1051.452	361.000
1051.748	327.667
1052.043	301.889
1052.339	275.556
1052.634	251.667
1052.930	230.333
1053.225	211.667
1053.521	191.000
1053.816	179.778
1054.111	172.889
1054.407	166.667
1054.702	164.444
1054.997	165.444
1055.292	165.222
1055.587	164.333
1055.882	167.667
1056.177	174.556
1056.472	180.444
1056.767	189.889
1057.062	202.222
1057.357	211.111
1057.651	220.556
1057.946	238.444
1058.241	254.556
1058.535	262.778
1058.830	278.444
1059.124	303.333
1059.419	314.444
1059.713	328.333
1060.008	351.444
1060.302	368.444
1060.596	369.444
1060.890	386.333
1061.185	416.333
1061.479	424.000
1061.773	425.889
1062.067	449.556
1062.361	462.444
1062.655	458.444
1062.949	471.556
1063.243	490.667
1063.536	484.000
1063.830	468.000
1064.124	475.667
1064.418	472.000
1064.711	450.000
1065.005	439.889
1065.298	440.556
1065.592	414.889
1065.885	391.556
1066.179	386.444
1066.472	375.333
1066.765	352.333
1067.058	340.222
1067.352	332.667
1067.645	309.778
1067.938	285.111
1068.231	273.111
1068.524	258.556
1068.817	235.778
1069.110	219.111
1069.403	203.778
1069.696	182.556
1069.989	161.889
1070.281	150.667
1070.574	138.444
1070.867	127.667
1071.159	119.000
1071.452	112.889
1071.744	108.667
1072.037	104.333
1072.329	103.333
1072.622	103.556
1072.914	103.889
1073.206	105.111
1073.498	106.333
1073.791	108.778
1074.083	112.333
1074.375	118.333
1074.667	122.000
1074.959	123.667
1075.251	127.000
1075.543	129.889
1075.835	132.667
1076.126	134.000
1076.418	135.778
1076.710	136.222
1077.002	133.667
1077.293	135.333
1077.585	137.889
1077.876	137.556
1078.168	138.000
1078.459	139.000
1078.751	139.667
1079.042	137.111
1079.333	136.889
1079.625	136.444
1079.916	133.111
1080.207	132.222
1080.498	132.444
1080.789	131.889
1081.080	129.556
1081.371	128.333
1081.662	129.222
1081.953	129.222
1082.244	127.889
1082.535	129.556
1082.826	129.222
1083.116	127.444
1083.407	127.000
1083.698	127.111
1083.988	126.111
1084.279	124.889
1084.569	124.333
1084.859	126.111
1085.150	125.222
1085.440	124.778
1085.730	127.556
1086.021	128.111
1086.311	127.222
1086.601	128.111
1086.891	127.444
1087.181	124.667
1087.471	120.222
1087.761	116.333
1088.051	113.111
1088.341	106.778
1088.631	102.444
1088.921	100.111
1089.210	96.000
1089.500	93.111
1089.790	90.222
1090.079	87.556
1090.369	86.333
1090.658	84.111
1090.948	83.778
1091.237	81.889
1091.526	79.778
1091.816	80.444
1092.105	80.667
1092.394	82.000
1092.683	82.667
1092.973	83.556
1093.262	84.889
1093.551	85.000
1093.840	86.889
1094.129	89.667
1094.417	92.778
1094.706	95.333
1094.995	97.333
1095.284	100.667
1095.573	103.778
1095.861	105.111
1096.150	108.667
1096.438	112.667
1096.727	115.111
1097.016	113.111
1097.304	113.222
1097.592	114.556
1097.881	113.444
1098.169	111.333
1098.457	111.778
1098.745	110.333
1099.034	105.222
1099.322	103.000
