520.430	0.000
520.800	0.000
521.169	59.000
521.539	54.000
521.909	57.000
522.278	74.000
522.648	59.000
523.017	62.000
523.387	67.000
523.756	60.000
524.125	62.000
524.494	78.000
524.864	57.000
525.233	62.000
525.602	63.000
525.971	59.000
526.340	58.000
526.709	65.000
527.078	59.000
527.447	73.000
527.816	161.333
528.185	536.556
528.553	936.778
528.922	1325.333
529.291	1714.889
529.659	2126.778
530.028	2514.778
530.396	2881.000
530.765	3203.556
531.133	3403.778
531.502	3270.778
531.870	3046.333
532.238	2789.111
532.606	2493.222
532.975	2151.556
533.343	1821.889
533.711	1511.667
534.079	1255.000
534.447	1041.333
534.815	904.889
535.183	855.778
535.551	880.778
535.919	955.889
536.286	1092.111
536.654	1279.778
537.022	1489.667
537.389	1728.889
537.757	2009.667
538.125	2285.000
538.492	2521.333
538.859	2730.111
539.227	2927.333
539.594	3081.556
539.961	3164.444
540.329	3190.000
540.696	3142.667
541.063	2949.778
541.430	2699.556
541.797	2428.444
542.164	2136.556
542.531	1841.778
542.898	1559.222
543.265	1333.778
543.632	1179.778
543.999	1095.556
544.366	1124.000
544.732	1212.333
545.099	1341.778
545.466	1498.889
545.832	1662.111
546.199	1814.889
546.565	1944.556
546.932	2004.778
547.298	2005.000
547.664	1973.000
548.031	1941.333
548.397	1908.889
548.763	1915.556
549.129	1971.667
549.495	2023.222
549.861	2045.222
550.227	2107.778
550.593	2135.111
550.959	2126.444
551.325	2079.667
551.691	2010.889
552.057	1869.000
552.422	1657.222
552.788	1477.111
553.154	1358.333
553.519	1271.778
553.885	1310.111
554.250	1454.667
554.616	1688.556
554.981	2016.222
555.347	2369.556
555.712	2737.667
556.077	3080.778
556.443	3361.222
556.808	3514.778
557.173	3526.667
557.538	3433.333
557.903	3205.222
558.268	2873.444
558.633	2511.778
558.998	2135.111
559.363	1747.778
559.727	1404.111
560.092	1152.111
560.457	997.333
560.822	886.222
561.186	835.778
561.551	833.000
561.915	901.667
562.280	1005.889
562.644	1165.444
563.009	1369.333
563.373	1605.556
563.737	1883.222
564.102	2221.889
564.466	2506.111
564.830	2809.889
565.194	3096.222
565.558	3300.222
565.922	3436.778
566.286	3506.333
566.650	3483.667
567.014	3382.889
567.378	3205.444
567.741	3024.333
568.105	2795.333
568.469	2538.889
568.833	2340.222
569.196	2203.444
569.560	2122.444
569.923	2100.222
570.287	2106.778
570.650	2122.889
571.013	2149.333
571.377	2185.333
571.740	2216.333
572.103	2218.556
572.466	2212.667
572.830	2179.778
573.193	2152.444
573.556	2174.000
573.919	2196.667
574.282	2253.222
574.645	2352.556
575.007	2466.889
575.370	2597.111
575.733	2693.556
576.096	2705.444
576.458	2671.889
576.821	2564.333
577.184	2410.556
577.546	2263.889
577.909	2060.111
578.271	1832.556
578.633	1632.778
578.996	1451.667
579.358	1336.778
579.720	1307.444
580.083	1291.333
580.445	1344.111
580.807	1443.111
581.169	1563.333
581.531	1741.778
581.893	1905.000
582.255	2032.667
582.617	2189.556
582.979	2256.778
583.340	2311.556
583.702	2322.556
584.064	2264.333
584.425	2181.889
584.787	2067.222
585.149	1903.889
585.510	1744.778
585.872	1550.667
586.233	1386.000
586.594	1245.667
586.956	1109.667
587.317	1001.556
587.678	924.222
588.039	847.667
588.401	834.667
588.762	866.000
589.123	895.333
589.484	975.889
589.845	1038.889
590.206	1102.222
590.566	1212.111
590.927	1298.000
591.288	1393.333
591.649	1441.778
592.009	1443.000
592.370	1487.778
592.731	1459.556
593.091	1466.556
593.452	1471.333
593.812	1419.333
594.172	1392.222
594.533	1340.111
594.893	1330.667
595.253	1345.111
595.614	1298.222
595.974	1290.222
596.334	1238.333
596.694	1210.444
597.054	1187.667
597.414	1137.889
597.774	1085.667
598.134	1000.556
598.494	909.222
598.853	867.667
599.213	846.556
599.573	851.556
599.932	881.778
600.292	908.778
600.652	1016.667
601.011	1108.667
601.371	1228.222
601.730	1355.333
602.089	1443.778
602.449	1504.889
602.808	1518.111
603.167	1479.667
603.526	1445.667
603.886	1331.000
604.245	1252.667
604.604	1163.889
604.963	1104.111
605.322	1063.333
605.681	1045.222
606.040	1132.444
606.398	1285.889
606.757	1482.222
607.116	1703.000
607.475	1904.778
607.833	2156.667
608.192	2308.667
608.550	2480.556
608.909	2615.667
609.267	2641.000
609.626	2698.778
609.984	2659.444
610.342	2675.222
610.701	2635.778
611.059	2526.556
611.417	2477.222
611.775	2347.778
612.133	2277.889
612.491	2193.444
612.849	2107.222
613.207	2051.000
613.565	1902.222
613.923	1843.889
614.281	1791.778
614.638	1777.111
614.996	1801.889
615.354	1796.667
615.711	1849.222
616.069	1814.778
616.427	1872.222
616.784	1936.444
617.141	1987.222
617.499	2007.444
617.856	1993.333
618.213	1986.111
618.571	1959.556
618.928	1983.222
619.285	2002.333
619.642	2007.667
619.999	1969.556
620.356	1917.000
620.713	1913.667
621.070	1912.444
621.427	1935.667
621.784	1923.000
622.141	1871.778
622.497	1772.556
622.854	1628.222
623.211	1510.556
623.567	1377.889
623.924	1231.222
624.280	1090.667
624.637	948.667
624.993	851.667
625.349	757.000
625.706	746.000
626.062	776.333
626.418	840.000
626.774	909.444
627.131	1038.444
627.487	1106.667
627.843	1141.111
628.199	1126.444
628.555	1097.556
628.911	1044.000
629.266	956.889
629.622	870.444
629.978	804.889
630.334	726.222
630.689	683.000
631.045	671.333
631.401	698.444
631.756	762.111
632.112	791.667
632.467	800.333
632.822	819.556
633.178	845.444
633.533	860.778
633.888	869.000
634.243	883.000
634.599	891.667
634.954	846.111
635.309	831.444
635.664	836.778
636.019	813.333
636.374	777.111
636.729	720.333
637.083	700.556
637.438	659.222
637.793	629.444
638.148	606.556
638.502	596.000
638.857	583.889
639.211	597.111
639.566	636.778
639.920	685.444
640.275	770.222
640.629	866.111
640.983	1008.444
641.338	1153.556
641.692	1348.444
642.046	1505.667
642.400	1666.778
642.754	1799.000
643.108	1931.222
643.462	2031.444
643.816	2095.333
644.170	2084.111
644.524	2037.556
644.878	1923.000
645.232	1802.667
645.585	1648.000
645.939	1470.333
646.293	1290.778
646.646	1089.000
647.000	921.000
647.353	777.667
647.707	688.889
648.060	629.222
648.413	635.000
648.767	702.556
649.120	801.000
649.473	879.556
649.826	989.556
650.179	1118.778
650.533	1274.333
650.885	1459.000
651.239	1618.889
651.591	1726.778
651.944	1752.333
652.297	1751.778
652.650	1765.333
653.003	1800.111
653.355	1790.333
653.708	1753.000
654.061	1630.222
654.413	1511.667
654.766	1388.111
655.118	1311.889
655.471	1235.889
655.823	1167.778
656.175	1035.444
656.528	928.556
656.880	808.222
657.232	718.333
657.584	628.111
657.936	576.111
658.288	516.778
658.640	476.889
658.992	422.444
659.344	393.333
659.696	378.667
660.048	423.444
660.400	503.333
660.751	638.222
661.103	772.667
661.455	970.556
661.806	1124.889
662.158	1302.000
662.509	1406.556
662.861	1478.000
663.212	1476.444
663.563	1464.111
663.915	1398.333
664.266	1346.333
664.617	1239.222
664.968	1192.889
665.319	1086.444
665.670	1023.667
666.021	971.111
666.372	992.778
666.723	1014.667
667.074	1091.333
667.425	1098.667
667.776	1089.889
668.127	1058.444
668.477	1135.222
668.828	1231.000
669.179	1373.000
669.529	1436.444
669.880	1488.444
670.230	1475.778
670.581	1517.222
670.931	1569.778
671.281	1596.556
671.632	1552.444
671.982	1493.111
672.332	1409.222
672.682	1360.333
673.032	1320.111
673.382	1261.889
673.732	1200.778
674.082	1110.556
674.432	1055.222
674.782	980.222
675.132	930.444
675.482	845.556
675.831	757.333
676.181	653.444
676.531	609.556
676.880	574.111
677.230	607.778
677.579	615.889
677.929	637.222
678.278	637.333
678.628	632.444
678.977	624.333
679.326	612.222
679.675	576.111
680.024	527.778
680.374	448.444
680.723	399.222
681.072	390.111
681.421	381.111
681.770	407.667
682.119	423.556
682.467	453.333
682.816	474.222
683.165	490.556
683.514	513.333
683.862	539.778
684.211	556.000
684.559	579.222
684.908	609.444
685.256	660.111
685.605	746.556
685.953	844.556
686.302	1013.111
686.650	1135.778
686.998	1285.889
687.346	1413.444
687.694	1579.667
688.043	1727.333
688.391	1834.333
688.739	1908.778
689.087	1887.444
689.435	1778.000
689.782	1659.333
690.130	1501.000
690.478	1345.667
690.826	1140.111
691.173	930.778
691.521	773.333
691.869	616.778
692.216	555.333
692.564	536.444
692.911	553.778
693.259	610.000
693.606	645.222
693.953	740.667
694.300	850.667
694.648	916.444
694.995	969.222
695.342	985.778
695.689	983.333
696.036	995.333
696.383	1010.556
696.730	1038.111
697.077	1072.111
697.424	1069.556
697.771	1088.889
698.117	1119.444
698.464	1150.333
698.811	1207.000
699.157	1197.889
699.504	1135.000
699.850	1068.222
700.197	951.556
700.543	876.444
700.890	809.556
701.236	752.889
701.582	718.667
701.929	678.444
702.275	711.333
702.621	773.889
702.967	827.778
703.313	850.222
703.659	853.667
704.005	873.111
704.351	902.667
704.697	939.667
705.043	997.111
705.388	1050.667
705.734	1083.778
706.080	1152.333
706.426	1250.556
706.771	1416.000
707.117	1530.889
707.462	1640.222
707.808	1743.333
708.153	1734.556
708.498	1698.333
708.844	1611.333
709.189	1518.889
709.534	1415.556
709.879	1239.556
710.225	1107.111
710.570	941.778
710.915	808.556
711.260	724.667
711.605	659.889
711.950	635.667
712.294	602.444
712.639	595.889
712.984	606.222
713.329	663.000
713.673	718.444
714.018	764.333
714.363	826.889
714.707	843.667
715.052	876.222
715.396	895.444
715.740	911.889
716.085	917.889
716.429	857.333
716.773	816.778
717.117	755.111
717.462	738.333
717.806	751.778
718.150	767.111
718.494	807.778
718.838	795.000
719.182	768.778
719.526	739.111
719.869	693.111
720.213	658.333
720.557	576.889
720.901	512.444
721.244	436.000
721.588	358.333
721.932	339.111
722.275	340.111
722.618	390.444
722.962	428.444
723.305	477.222
723.649	529.667
723.992	567.778
724.335	620.000
724.678	663.889
725.021	672.111
725.365	665.000
725.708	608.111
726.051	577.000
726.393	536.333
726.736	504.444
727.079	500.556
727.422	466.000
727.765	436.667
728.108	421.667
728.450	413.556
728.793	429.333
729.135	432.333
729.478	449.778
729.820	460.000
730.163	449.333
730.505	471.889
730.848	481.111
731.190	498.889
731.532	521.444
731.874	537.000
732.217	577.222
732.559	604.444
732.901	659.111
733.243	730.111
733.585	754.778
733.927	791.556
734.269	806.111
734.610	789.333
734.952	768.222
735.294	718.556
735.636	660.333
735.977	578.333
736.319	487.000
736.660	444.889
737.002	412.333
737.343	415.778
737.685	477.000
738.026	517.556
738.368	556.444
738.709	602.889
739.050	640.556
739.391	689.111
739.732	706.000
740.073	685.222
740.415	638.444
740.756	557.222
741.096	503.111
741.437	473.444
741.778	456.444
742.119	472.333
742.460	466.556
742.801	470.778
743.141	496.333
743.482	517.556
743.823	563.667
744.163	606.556
744.504	619.333
744.844	612.111
745.184	562.556
745.525	512.778
745.865	474.111
746.205	440.556
746.545	420.778
746.886	383.889
747.226	339.000
747.566	318.111
747.906	313.000
748.246	321.556
748.586	348.000
748.926	379.111
749.266	412.444
749.605	458.444
749.945	497.222
750.285	522.667
750.624	537.778
750.964	533.778
751.304	560.667
751.643	619.889
751.983	661.333
752.322	731.000
752.661	788.111
753.001	797.667
753.340	831.667
753.679	852.778
754.018	858.000
754.358	832.778
754.697	761.556
755.036	706.333
755.375	634.444
755.714	549.444
756.053	507.778
756.392	465.000
756.730	436.556
757.069	457.444
757.408	509.889
757.747	546.778
758.085	574.667
758.424	586.111
758.762	584.333
759.101	589.222
759.439	594.889
759.778	617.111
760.116	655.222
760.454	656.556
760.793	650.333
761.131	660.111
761.469	660.000
761.807	657.000
762.145	647.556
762.483	629.667
762.821	613.778
763.159	583.333
763.497	547.222
763.835	531.000
764.173	506.333
764.510	473.889
764.848	461.222
765.186	463.444
765.523	472.778
765.861	480.333
766.198	488.778
766.536	495.778
766.873	497.000
767.211	494.556
767.548	494.556
767.885	499.111
768.223	507.778
768.560	516.333
768.897	518.778
769.234	511.444
769.571	498.444
769.908	485.778
770.245	467.333
770.582	462.000
770.919	469.000
771.256	482.000
771.593	491.556
771.929	506.333
772.266	534.667
772.603	570.556
772.939	589.556
773.276	612.444
773.612	639.333
773.949	664.111
774.285	695.889
774.622	718.889
774.958	706.667
775.294	663.111
775.630	628.000
775.966	611.000
776.303	605.778
776.639	618.889
776.975	622.778
777.311	618.889
777.647	624.000
777.983	622.556
778.318	611.667
778.654	612.556
778.990	625.778
779.326	621.222
779.661	629.000
779.997	651.333
780.333	655.000
780.668	683.000
781.004	739.222
781.339	786.444
781.674	852.667
782.010	958.333
782.345	1064.222
782.680	1155.556
783.016	1249.000
783.351	1302.778
783.686	1325.778
784.021	1337.556
784.356	1335.000
784.691	1289.667
785.026	1206.333
785.361	1125.333
785.695	1008.222
786.030	873.000
786.365	768.889
786.700	666.556
787.034	579.111
787.369	523.000
787.703	479.889
788.038	439.556
788.372	409.000
788.707	399.444
789.041	422.444
789.376	482.889
789.710	534.333
790.044	563.444
790.378	600.556
790.712	684.889
791.046	791.444
791.380	907.000
791.714	1070.111
792.048	1201.222
792.382	1246.667
792.716	1278.444
793.050	1322.778
793.384	1346.889
793.718	1323.111
794.051	1285.000
794.385	1217.667
794.718	1085.444
795.052	965.111
795.385	913.556
795.719	913.667
796.052	955.111
796.386	996.444
796.719	999.778
797.052	964.778
797.385	927.667
797.719	906.667
798.052	880.667
798.385	852.222
798.718	802.667
799.051	715.444
799.384	633.778
799.716	611.000
800.049	648.556
800.382	715.222
800.715	802.333
801.048	896.667
801.380	962.333
801.713	999.111
802.045	1019.889
802.378	1041.667
802.710	1036.778
803.043	987.111
803.375	916.667
803.707	826.889
804.040	741.222
804.372	697.333
804.704	698.889
805.036	729.444
805.368	758.333
805.700	780.444
806.032	806.000
806.364	855.778
806.696	925.556
807.028	984.222
807.360	1026.667
807.692	1044.444
808.023	1034.889
808.355	1034.222
808.687	1076.556
809.018	1147.444
809.350	1197.444
809.681	1228.667
810.013	1248.444
810.344	1258.000
810.676	1257.333
811.007	1284.667
811.338	1327.778
811.669	1326.889
812.001	1282.889
812.332	1226.111
812.663	1165.444
812.994	1105.778
813.325	1069.444
813.656	1092.556
813.987	1109.556
814.317	1076.000
814.648	1061.111
814.979	1132.667
815.310	1268.000
815.640	1411.444
815.971	1614.000
816.301	1839.778
816.632	1983.333
816.962	2063.667
817.293	2195.000
817.623	2345.889
817.954	2404.222
818.284	2388.444
818.614	2398.667
818.944	2348.000
819.274	2208.778
819.605	2080.667
819.935	2038.444
820.265	1980.000
820.595	1855.000
820.924	1728.889
821.254	1623.222
821.584	1472.444
821.914	1312.000
822.244	1194.444
822.573	1106.778
822.903	979.333
823.233	848.333
823.562	775.556
823.892	776.778
824.221	824.222
824.550	898.333
824.880	1076.333
825.209	1343.333
825.538	1605.222
825.868	1854.667
826.197	2182.556
826.526	2562.667
826.855	2895.222
827.184	3114.333
827.513	3225.556
827.842	3245.556
828.171	3139.889
828.500	2994.222
828.828	2862.333
829.157	2669.000
829.486	2374.778
829.815	2031.667
830.143	1755.333
830.472	1620.556
830.800	1516.333
831.129	1426.667
831.457	1359.889
831.786	1300.667
832.114	1210.556
832.442	1134.222
832.770	1096.222
833.099	1080.222
833.427	1034.000
833.755	964.444
834.083	947.778
834.411	1068.000
834.739	1351.333
835.067	1666.556
835.395	1938.111
835.723	2247.333
836.050	2596.222
836.378	2870.333
836.706	3030.333
837.033	3144.000
837.361	3226.111
837.689	3179.444
838.016	3031.000
838.344	2871.667
838.671	2658.222
838.998	2362.333
839.326	2099.778
839.653	1940.000
839.980	1850.000
840.307	1721.778
840.634	1536.778
840.961	1382.889
841.289	1287.778
841.615	1250.333
841.942	1248.111
842.269	1243.778
842.596	1224.333
842.923	1202.556
843.250	1223.111
843.576	1283.444
843.903	1356.444
844.230	1447.111
844.556	1545.889
844.883	1607.444
845.209	1626.000
845.536	1642.222
845.862	1640.000
846.188	1598.444
846.515	1522.667
846.841	1448.222
847.167	1374.778
847.493	1300.667
847.819	1250.778
848.146	1225.667
848.472	1200.222
848.798	1151.333
849.123	1065.111
849.449	1000.000
849.775	973.556
850.101	990.889
850.427	1110.000
850.752	1338.000
851.078	1546.111
851.404	1675.556
851.729	1799.667
852.055	2015.667
852.380	2335.333
852.706	2613.222
853.031	2797.444
853.356	2926.889
853.682	3000.222
854.007	3062.556
854.332	3069.889
854.657	2999.000
854.982	2816.333
855.307	2549.333
855.632	2328.556
855.957	2126.778
856.282	1850.000
856.607	1590.444
856.932	1473.556
857.256	1490.222
857.581	1504.111
857.906	1495.444
858.230	1453.333
858.555	1404.111
858.880	1381.556
859.204	1351.333
859.529	1313.889
859.853	1335.222
860.177	1453.444
860.502	1595.667
860.826	1696.444
861.150	1849.889
861.474	2152.667
861.798	2511.667
862.122	2868.222
862.446	3147.000
862.770	3231.778
863.094	3318.444
863.418	3464.778
863.742	3570.778
864.066	3514.222
864.389	3261.333
864.713	2935.556
865.037	2606.222
865.360	2282.333
865.684	2008.444
866.008	1675.444
866.331	1377.111
866.654	1204.333
866.978	1119.000
867.301	1043.444
867.624	968.667
867.948	901.667
868.271	894.000
868.594	934.667
868.917	959.333
869.240	948.333
869.563	958.000
869.886	1058.000
870.209	1206.111
870.532	1335.778
870.855	1434.889
871.177	1514.000
871.500	1649.333
871.823	1844.667
872.145	2032.000
872.468	2118.111
872.791	2107.667
873.113	2102.444
873.435	2133.333
873.758	2156.111
874.080	2103.444
874.402	1936.222
874.725	1734.889
875.047	1586.556
875.369	1535.000
875.691	1508.444
876.013	1421.222
876.335	1313.222
876.657	1230.778
876.979	1244.778
877.301	1321.889
877.623	1394.556
877.945	1438.778
878.266	1520.556
878.588	1729.556
878.910	2050.222
879.231	2355.111
879.553	2571.111
879.875	2670.333
880.196	2716.444
880.517	2770.778
880.839	2839.000
881.160	2876.444
881.481	2807.000
881.803	2673.778
882.124	2621.889
882.445	2701.556
882.766	2827.667
883.087	2896.111
883.408	2859.667
883.729	2757.000
884.050	2615.778
884.371	2483.111
884.692	2340.333
885.012	2109.556
885.333	1820.444
885.654	1539.778
885.974	1333.111
886.295	1233.778
886.616	1209.556
886.936	1240.444
887.257	1288.222
887.577	1383.000
887.897	1602.778
888.218	1899.000
888.538	2206.667
888.858	2449.444
889.178	2577.333
889.498	2622.556
889.818	2597.222
890.139	2545.111
890.458	2454.111
890.778	2262.667
891.098	2010.889
891.418	1745.556
891.738	1548.333
892.058	1435.556
892.377	1346.444
892.697	1268.667
893.017	1172.333
893.336	1073.111
893.656	1003.778
893.975	954.889
894.295	938.111
894.614	926.000
894.933	903.000
895.253	912.000
895.572	935.333
895.891	1001.667
896.210	1126.778
896.529	1283.889
896.848	1468.111
897.167	1658.333
897.486	1828.444
897.805	1991.444
898.124	2105.667
898.443	2205.556
898.762	2284.333
899.081	2287.556
899.399	2215.667
899.718	2098.222
900.036	1996.333
900.355	1949.778
900.673	1926.000
900.992	1908.222
901.310	1849.333
901.629	1744.444
901.947	1648.556
902.265	1574.111
902.583	1517.444
902.902	1445.000
903.220	1348.111
903.538	1268.667
903.856	1223.444
904.174	1234.667
904.492	1312.556
904.810	1427.444
905.128	1576.889
905.445	1746.333
905.763	1940.111
906.081	2172.889
906.398	2451.778
906.716	2733.778
907.034	2995.556
907.351	3164.000
907.669	3262.333
907.986	3312.000
908.304	3329.444
908.621	3296.000
908.938	3199.111
909.255	3026.222
909.573	2843.556
909.890	2635.889
910.207	2451.778
910.524	2266.889
910.841	2081.556
911.158	1878.889
911.475	1673.444
911.792	1486.222
912.109	1326.444
912.425	1203.667
912.742	1166.333
913.059	1211.333
913.375	1330.333
913.692	1492.556
914.009	1666.778
914.325	1841.333
914.641	1971.111
914.958	2042.556
915.274	2051.333
915.591	2007.000
915.907	1941.778
916.223	1872.889
916.539	1778.556
916.855	1671.111
917.172	1542.556
917.488	1421.000
917.804	1333.556
918.119	1267.778
918.435	1202.556
918.751	1123.889
919.067	1021.667
919.383	921.333
919.698	828.333
920.014	746.778
920.330	684.222
920.645	625.444
920.961	575.889
921.276	547.444
921.592	530.000
921.907	535.000
922.223	558.778
922.538	599.667
922.853	672.000
923.168	766.556
923.483	885.222
923.799	1011.889
924.114	1121.222
924.429	1229.667
924.744	1334.667
925.059	1416.889
925.373	1479.333
925.688	1524.333
926.003	1564.333
926.318	1620.333
926.632	1671.889
926.947	1721.667
927.262	1736.889
927.576	1695.667
927.891	1632.111
928.205	1567.667
928.520	1492.444
928.834	1409.444
929.148	1284.889
929.463	1145.333
929.777	1017.556
930.091	928.222
930.405	910.778
930.719	955.111
931.033	1018.556
931.347	1114.111
931.661	1253.333
931.975	1461.444
932.289	1760.778
932.603	2094.667
932.917	2382.222
933.230	2595.222
933.544	2721.667
933.858	2805.778
934.171	2859.444
934.485	2855.444
934.798	2802.667
935.112	2682.333
935.425	2506.778
935.738	2345.667
936.052	2197.111
936.365	2064.000
936.678	1941.889
936.991	1798.556
937.305	1642.889
937.618	1472.667
937.931	1284.333
938.244	1108.667
938.556	964.556
938.869	852.778
939.182	782.556
939.495	743.778
939.808	734.667
940.120	756.667
940.433	789.667
940.746	829.111
941.058	887.556
941.371	956.667
941.683	1033.556
941.996	1116.111
942.308	1182.000
942.620	1239.556
942.933	1290.889
943.245	1307.778
943.557	1314.333
943.869	1303.556
944.181	1257.444
944.493	1208.667
944.805	1160.222
945.117	1109.333
945.429	1078.444
945.741	1046.889
946.053	1021.444
946.365	1008.333
946.676	990.000
946.988	969.111
947.300	955.222
947.611	934.333
947.923	926.000
948.234	935.667
948.546	935.778
948.857	952.000
949.169	978.111
949.480	996.000
949.791	1030.889
950.102	1071.333
950.413	1105.222
950.725	1152.333
951.036	1179.111
951.347	1206.889
951.658	1257.444
951.969	1311.333
952.280	1381.556
952.590	1475.111
952.901	1557.444
953.212	1635.444
953.523	1705.889
953.833	1749.222
954.144	1775.667
954.454	1762.444
954.765	1706.667
955.075	1626.556
955.386	1510.778
955.696	1374.000
956.007	1243.000
956.317	1122.222
956.627	1017.222
956.937	953.444
957.247	928.000
957.558	926.667
957.868	950.889
958.178	989.000
958.488	1035.556
958.797	1088.111
959.107	1118.222
959.417	1143.333
959.727	1161.222
960.037	1161.778
960.346	1166.000
960.656	1185.222
960.966	1205.000
961.275	1218.667
961.585	1239.333
961.894	1252.333
962.203	1256.000
962.513	1260.444
962.822	1251.111
963.131	1227.556
963.441	1194.444
963.750	1144.000
964.059	1101.556
964.368	1063.889
964.677	1027.111
964.986	1012.667
965.295	998.333
965.604	996.889
965.913	985.000
966.221	972.111
966.530	961.222
966.839	971.667
967.148	992.111
967.456	1018.889
967.765	1048.778
968.073	1077.000
968.382	1085.333
968.690	1117.111
968.999	1136.111
969.307	1138.444
969.615	1123.778
969.924	1088.667
970.232	1053.667
970.540	1020.111
970.848	975.444
971.156	930.333
971.464	887.444
971.772	841.111
972.080	811.000
972.388	786.111
972.696	761.667
973.003	743.778
973.311	717.222
973.619	684.778
973.926	659.111
974.234	626.222
974.542	589.556
974.849	554.333
975.157	507.889
975.464	456.000
975.771	410.333
976.079	373.222
976.386	352.444
976.693	354.000
977.000	372.444
977.307	407.000
977.615	459.667
977.922	530.556
978.229	609.111
978.536	694.889
978.842	789.889
979.149	874.889
979.456	944.556
979.763	999.889
980.070	1032.778
980.376	1046.333
980.683	1047.111
980.989	1028.333
981.296	992.000
981.602	949.444
981.909	898.222
982.215	856.222
982.522	831.000
982.828	810.444
983.134	800.889
983.440	800.000
983.746	801.667
984.053	818.222
984.359	841.889
984.665	868.222
984.971	896.111
985.277	932.111
985.582	966.778
985.888	996.333
986.194	1028.444
986.500	1064.556
986.805	1091.111
987.111	1101.778
987.417	1109.556
987.722	1107.444
988.028	1091.889
988.333	1076.889
988.639	1058.778
988.944	1027.889
989.249	987.778
989.555	941.333
989.860	895.111
990.165	850.222
990.470	805.000
990.775	747.222
991.080	695.778
991.385	640.111
991.690	580.556
991.995	534.778
992.300	492.333
992.605	449.111
992.910	416.444
993.214	386.889
993.519	361.222
993.824	343.333
994.128	336.778
994.433	341.444
994.737	349.889
995.042	360.111
995.346	373.889
995.650	388.222
995.955	400.333
996.259	410.667
996.563	429.000
996.867	440.778
997.171	453.556
997.476	481.556
997.780	506.000
998.083	538.111
998.387	595.222
998.691	644.778
998.995	696.222
999.299	759.667
999.603	818.444
999.906	863.444
1000.210	906.222
1000.514	938.111
1000.817	952.889
1001.121	978.667
1001.424	1008.000
1001.728	1028.444
1002.031	1047.667
1002.334	1061.333
1002.638	1074.222
1002.941	1113.778
1003.244	1174.111
1003.547	1223.222
1003.850	1253.444
1004.153	1285.111
1004.456	1297.111
1004.759	1290.333
1005.062	1293.778
1005.365	1286.333
1005.668	1245.556
1005.971	1209.778
1006.273	1173.778
1006.576	1119.556
1006.879	1069.000
1007.181	1026.222
1007.484	983.000
1007.786	953.889
1008.089	928.111
1008.391	886.333
1008.693	841.889
1008.996	804.444
1009.298	756.667
1009.600	710.667
1009.902	682.444
1010.204	641.667
1010.507	588.889
1010.809	550.444
1011.111	512.778
1011.412	467.556
1011.714	437.222
1012.016	419.000
1012.318	401.778
1012.620	388.667
1012.921	384.000
1013.223	376.111
1013.525	367.222
1013.826	363.333
1014.128	358.667
1014.429	354.667
1014.731	350.667
1015.032	345.444
1015.333	345.000
1015.635	349.556
1015.936	351.333
1016.237	358.333
1016.538	374.778
1016.839	387.667
1017.140	406.333
1017.441	431.556
1017.742	447.889
1018.043	459.889
1018.344	473.222
1018.645	487.889
1018.946	496.333
1019.246	508.556
1019.547	528.667
1019.848	529.111
1020.148	541.222
1020.449	564.667
1020.749	574.889
1021.050	594.111
1021.350	619.000
1021.651	635.889
1021.951	651.889
1022.251	668.222
1022.551	687.222
1022.852	680.111
1023.152	677.333
1023.452	683.000
1023.752	664.667
1024.052	651.889
1024.352	650.222
1024.652	628.889
1024.952	604.333
1025.251	588.333
1025.551	573.556
1025.851	550.111
1026.150	527.778
1026.450	509.778
1026.750	481.111
1027.049	451.667
1027.349	428.667
1027.648	402.333
1027.947	372.333
1028.247	349.667
1028.546	326.444
1028.845	304.222
1029.144	287.111
1029.444	273.333
1029.743	255.000
1030.042	242.444
1030.341	233.778
1030.640	225.444
1030.939	218.444
1031.238	213.778
1031.536	210.889
1031.835	212.889
1032.134	220.222
1032.433	231.111
1032.731	246.556
1033.030	263.889
1033.328	276.889
1033.627	291.556
1033.925	312.444
1034.224	326.889
1034.522	348.111
1034.820	365.333
1035.119	380.556
1035.417	385.889
1035.715	398.333
1036.013	415.556
1036.311	419.667
1036.609	425.667
1036.907	439.778
1037.205	437.222
1037.503	432.111
1037.801	437.556
1038.099	440.778
1038.397	427.889
1038.694	425.111
1038.992	430.222
1039.290	419.111
1039.587	408.889
1039.885	412.111
1040.182	409.667
1040.479	394.556
1040.777	395.111
1041.074	399.000
1041.372	387.889
1041.669	380.333
1041.966	383.000
1042.263	375.444
1042.560	362.778
1042.857	363.889
1043.154	361.889
1043.451	347.778
1043.748	342.889
1044.045	339.333
1044.342	329.667
1044.639	314.778
1044.935	304.333
1045.232	287.778
1045.529	266.111
1045.825	252.111
1046.122	237.222
1046.418	217.778
1046.715	203.111
1047.011	190.333
1047.308	181.556
1047.604	174.889
1047.900	172.222
1048.197	167.111
1048.493	160.000
1048.789	158.333
1049.085	156.444
1049.381	154.556
1049.677	156.000
1049.973	159.444
1050.269	163.000
1050.565	168.444
1050.860	187.222
1051.156	203.333
1051.452	215.111
1051.748	235.778
1052.043	264.000
1052.339	285.556
1052.634	314.778
1052.930	347.667
1053.225	375.444
1053.521	391.222
1053.816	422.556
1054.111	460.000
1054.407	476.778
1054.702	497.778
1054.997	533.222
1055.292	547.333
1055.587	554.222
1055.882	579.778
1056.177	597.000
1056.472	590.444
1056.767	590.889
1057.062	607.111
1057.357	604.333
1057.651	588.778
1057.946	596.000
1058.241	592.444
1058.535	565.111
1058.830	558.667
1059.124	562.889
1059.419	545.667
1059.713	527.333
1060.008	518.000
1060.302	498.778
1060.596	463.000
1060.890	443.333
1061.185	432.000
1061.479	400.667
1061.773	366.333
1062.067	344.000
1062.361	313.333
1062.655	276.778
1062.949	256.000
1063.243	238.333
1063.536	214.556
1063.830	189.000
1064.124	174.444
1064.418	159.889
1064.711	144.222
1065.005	133.667
1065.298	126.111
1065.592	115.556
1065.885	108.444
1066.179	105.333
1066.472	103.778
1066.765	99.556
1067.058	99.667
1067.352	100.333
1067.645	101.889
1067.938	104.222
1068.231	108.111
1068.524	113.222
1068.817	114.889
1069.110	121.000
1069.403	127.222
1069.696	130.667
1069.989	136.444
1070.281	143.889
1070.574	149.000
1070.867	152.111
1071.159	155.111
1071.452	162.222
1071.744	163.444
1072.037	165.889
1072.329	172.667
1072.622	177.667
1072.914	177.222
1073.206	181.889
1073.498	189.444
1073.791	195.556
1074.083	197.556
1074.375	205.667
1074.667	210.778
1074.959	209.000
1075.251	209.778
1075.543	213.000
1075.835	209.778
1076.126	203.667
1076.418	199.222
1076.710	196.333
1077.002	188.556
1077.293	183.444
1077.585	185.111
1077.876	180.222
1078.168	174.778
1078.459	174.667
1078.751	173.889
1079.042	167.667
1079.333	162.667
1079.625	159.333
1079.916	153.111
1080.207	143.556
1080.498	137.222
1080.789	131.778
1081.080	123.556
1081.371	116.778
1081.662	112.667
1081.953	107.778
1082.244	100.778
1082.535	96.333
1082.826	92.111
1083.116	88.333
1083.407	85.556
1083.698	83.111
1083.988	80.778
1084.279	78.778
1084.569	77.333
1084.859	77.111
1085.150	77.556
1085.440	78.556
1085.730	80.111
1086.021	81.778
1086.311	83.111
1086.601	86.111
1086.891	89.111
1087.181	90.778
1087.471	92.111
1087.761	93.667
1088.051	95.556
1088.341	95.222
1088.631	95.889
1088.921	97.778
1089.210	97.222
1089.500	95.778
1089.790	95.333
1090.079	96.111
1090.369	95.667
1090.658	94.889
1090.948	96.111
1091.237	94.778
1091.526	92.111
1091.816	91.667
1092.105	92.333
1092.394	93.333
1092.683	91.667
1092.973	90.222
1093.262	88.444
1093.551	85.667
1093.840	84.556
1094.129	85.000
1094.417	84.778
1094.706	85.444
1094.995	84.556
1095.284	84.889
1095.573	85.333
1095.861	85.111
1096.150	87.111
1096.438	90.111
1096.727	90.667
1097.016	89.667
1097.304	88.667
1097.592	88.222
1097.881	88.444
1098.169	88.000
1098.457	88.778
1098.745	88.444
1099.034	84.667
1099.322	84.333
