520.430	0.000
520.800	0.000
521.169	61.000
521.539	57.000
521.909	53.000
522.278	73.000
522.648	61.000
523.017	73.000
523.387	68.000
523.756	70.000
524.125	62.000
524.494	75.000
524.864	57.000
525.233	60.000
525.602	62.000
525.971	61.000
526.340	64.000
526.709	64.000
527.078	60.000
527.447	71.000
527.816	84.889
528.185	174.889
528.553	287.333
528.922	423.889
529.291	579.111
529.659	774.222
530.028	985.222
530.396	1217.778
530.765	1453.778
531.133	1673.444
531.502	1829.000
531.870	1936.778
532.238	2020.889
532.606	2095.222
532.975	2102.222
533.343	2057.667
533.711	1964.000
534.079	1845.778
534.447	1709.889
534.815	1556.333
535.183	1413.556
535.551	1254.556
535.919	1082.778
536.286	938.111
536.654	827.889
537.022	749.667
537.389	703.889
537.757	690.667
538.125	722.889
538.492	789.556
538.859	906.333
539.227	1080.000
539.594	1296.556
539.961	1538.444
540.329	1814.889
540.696	2095.556
541.063	2349.222
541.430	2596.556
541.797	2819.556
542.164	2990.333
542.531	3074.889
542.898	3086.111
543.265	3039.889
543.632	2882.778
543.999	2679.778
544.366	2435.444
544.732	2128.778
545.099	1815.778
545.466	1513.222
545.832	1243.889
546.199	1005.667
546.565	812.778
546.932	711.444
547.298	654.000
547.664	674.333
548.031	764.889
548.397	876.333
548.763	1044.111
549.129	1224.444
549.495	1436.667
549.861	1651.444
550.227	1901.778
550.593	2088.778
550.959	2243.111
551.325	2375.444
551.691	2487.556
552.057	2500.111
552.422	2475.333
552.788	2365.444
553.154	2189.444
553.519	1945.333
553.885	1728.667
554.250	1501.889
554.616	1266.444
554.981	1062.000
555.347	931.778
555.712	840.889
556.077	831.667
556.443	905.556
556.808	1012.556
557.173	1154.778
557.538	1351.778
557.903	1503.222
558.268	1641.111
558.633	1739.667
558.998	1793.111
559.363	1802.667
559.727	1758.778
560.092	1684.333
560.457	1584.333
560.822	1455.000
561.186	1361.111
561.551	1257.667
561.915	1166.222
562.280	1084.667
562.644	1007.778
563.009	951.111
563.373	902.000
563.737	870.556
564.102	839.778
564.466	809.222
564.830	795.667
565.194	815.889
565.558	877.333
565.922	964.556
566.286	1105.889
566.650	1258.778
567.014	1417.000
567.378	1612.556
567.741	1781.556
568.105	1939.333
568.469	2065.667
568.833	2119.000
569.196	2166.111
569.560	2145.778
569.923	2080.444
570.287	1995.222
570.650	1834.222
571.013	1669.333
571.377	1487.778
571.740	1296.444
572.103	1142.000
572.466	979.556
572.830	840.000
573.193	746.000
573.556	687.333
573.919	669.778
574.282	708.333
574.645	800.222
575.007	941.556
575.370	1139.333
575.733	1393.222
576.096	1648.778
576.458	1901.000
576.821	2170.000
577.184	2383.778
577.546	2589.444
577.909	2748.556
578.271	2797.667
578.633	2803.222
578.996	2708.444
579.358	2563.556
579.720	2406.111
580.083	2169.000
580.445	1967.556
580.807	1770.667
581.169	1569.333
581.531	1443.222
581.893	1333.667
582.255	1255.222
582.617	1248.111
582.979	1268.222
583.340	1323.889
583.702	1383.556
584.064	1421.556
584.425	1471.778
584.787	1536.222
585.149	1567.889
585.510	1604.444
585.872	1609.000
586.233	1583.111
586.594	1609.556
586.956	1610.556
587.317	1604.667
587.678	1605.556
588.039	1562.333
588.401	1542.778
588.762	1521.778
589.123	1455.778
589.484	1392.000
589.845	1259.222
590.206	1134.778
590.566	1033.111
590.927	913.111
591.288	822.444
591.649	716.333
592.009	617.000
592.370	580.444
592.731	548.111
593.091	558.556
593.452	601.556
593.812	654.000
594.172	737.889
594.533	819.111
594.893	916.000
595.253	1006.000
595.614	1062.556
595.974	1110.333
596.334	1133.333
596.694	1124.667
597.054	1107.667
597.414	1052.556
597.774	997.000
598.134	927.000
598.494	848.667
598.853	782.222
599.213	715.222
599.573	643.333
599.932	597.889
600.292	543.000
600.652	518.778
601.011	494.111
601.371	482.667
601.730	511.111
602.089	549.333
602.449	623.111
602.808	707.333
603.167	798.778
603.526	902.000
603.886	962.556
604.245	1046.556
604.604	1106.778
604.963	1149.778
605.322	1177.222
605.681	1183.222
606.040	1176.222
606.398	1133.444
606.757	1077.333
607.116	1058.000
607.475	1005.111
607.833	990.889
608.192	952.778
608.550	925.333
608.909	898.444
609.267	874.222
609.626	889.333
609.984	880.000
610.342	881.000
610.701	888.556
611.059	872.222
611.417	877.111
611.775	880.111
612.133	913.556
612.491	945.889
612.849	1020.444
613.207	1145.111
613.565	1252.667
613.923	1372.889
614.281	1446.778
614.638	1516.556
614.996	1556.889
615.354	1551.444
615.711	1542.778
616.069	1444.444
616.427	1318.556
616.784	1186.556
617.141	1067.667
617.499	975.333
617.856	888.889
618.213	834.000
618.571	791.667
618.928	787.889
619.285	798.556
619.642	834.667
619.999	854.667
620.356	865.111
620.713	900.556
621.070	933.889
621.427	1008.556
621.784	1066.889
622.141	1155.556
622.497	1245.444
622.854	1356.889
623.211	1497.444
623.567	1599.778
623.924	1689.222
624.280	1741.000
624.637	1768.111
624.993	1768.333
625.349	1724.556
625.706	1657.667
626.062	1555.667
626.418	1429.667
626.774	1305.333
627.131	1202.111
627.487	1108.111
627.843	1000.778
628.199	919.556
628.555	848.000
628.911	806.889
629.266	776.000
629.622	755.778
629.978	775.000
630.334	796.778
630.689	835.778
631.045	893.111
631.401	941.000
631.756	982.444
632.112	1011.444
632.467	1045.556
632.822	1086.556
633.178	1135.333
633.533	1151.556
633.888	1176.444
634.243	1172.222
634.599	1174.889
634.954	1155.000
635.309	1128.000
635.664	1078.111
636.019	1009.778
636.374	916.667
636.729	827.778
637.083	735.778
637.438	651.222
637.793	585.667
638.148	521.222
638.502	479.444
638.857	435.444
639.211	405.667
639.566	381.778
639.920	375.000
640.275	387.667
640.629	386.667
640.983	384.333
641.338	379.444
641.692	382.778
642.046	383.333
642.400	397.333
642.754	423.222
643.108	446.333
643.462	460.333
643.816	489.000
644.170	532.889
644.524	578.000
644.878	627.333
645.232	663.000
645.585	704.000
645.939	728.000
646.293	777.222
646.646	806.889
647.000	852.889
647.353	875.889
647.707	922.667
648.060	944.222
648.413	993.889
648.767	1019.778
649.120	1043.778
649.473	1030.333
649.826	1014.444
650.179	988.889
650.533	959.556
650.885	911.000
651.239	860.556
651.591	788.556
651.944	709.333
652.297	633.000
652.650	563.111
653.003	512.889
653.355	461.111
653.708	440.667
654.061	425.556
654.413	452.444
654.766	487.889
655.118	574.000
655.471	662.000
655.823	798.667
656.175	901.000
656.528	1025.222
656.880	1103.556
657.232	1210.444
657.584	1260.333
657.936	1325.333
658.288	1312.778
658.640	1296.556
658.992	1205.889
659.344	1129.444
659.696	1001.222
660.048	897.556
660.400	763.000
660.751	677.778
661.103	571.444
661.455	507.556
661.806	438.111
662.158	414.000
662.509	407.333
662.861	444.111
663.212	478.667
663.563	525.778
663.915	553.000
664.266	608.556
664.617	665.111
664.968	768.556
665.319	856.111
665.670	978.444
666.021	1060.556
666.372	1158.222
666.723	1218.222
667.074	1299.778
667.425	1340.667
667.776	1387.444
668.127	1377.222
668.477	1380.333
668.828	1307.333
669.179	1244.667
669.529	1147.111
669.880	1053.667
670.230	927.556
670.581	820.444
670.931	699.889
671.281	595.444
671.632	474.000
671.982	393.444
672.332	328.333
672.682	286.667
673.032	264.111
673.382	253.556
673.732	250.889
674.082	266.111
674.432	300.889
674.782	354.333
675.132	439.000
675.482	503.000
675.831	591.333
676.181	641.667
676.531	708.111
676.880	754.222
677.230	807.000
677.579	839.000
677.929	852.111
678.278	814.667
678.628	775.222
678.977	707.778
679.326	671.111
679.675	616.111
680.024	570.667
680.374	511.111
680.723	463.222
681.072	455.778
681.421	457.000
681.770	504.333
682.119	536.667
682.467	591.667
682.816	647.222
683.165	708.222
683.514	767.444
683.862	807.889
684.211	831.444
684.559	839.556
684.908	830.556
685.256	828.000
685.605	825.778
685.953	801.000
686.302	780.000
686.650	746.556
686.998	745.000
687.346	733.111
687.694	750.778
688.043	760.889
688.391	773.667
688.739	780.222
689.087	775.000
689.435	754.111
689.782	721.444
690.130	660.333
690.478	588.444
690.826	510.000
691.173	432.111
691.521	381.444
691.869	334.000
692.216	338.889
692.564	372.111
692.911	393.444
693.259	415.778
693.606	425.778
693.953	431.778
694.300	437.222
694.648	440.444
694.995	429.000
695.342	402.778
695.689	357.778
696.036	333.333
696.383	320.000
696.730	321.778
697.077	337.889
697.424	348.778
697.771	343.222
698.117	341.667
698.464	345.111
698.811	360.889
699.157	390.889
699.504	441.111
699.850	490.333
700.197	558.111
700.543	673.111
700.890	831.889
701.236	1040.000
701.582	1179.778
701.929	1337.000
702.275	1462.556
702.621	1559.000
702.967	1639.667
703.313	1654.778
703.659	1640.333
704.005	1532.333
704.351	1364.222
704.697	1235.889
705.043	1064.556
705.388	918.556
705.734	770.222
706.080	642.556
706.426	548.778
706.771	451.333
707.117	409.556
707.462	396.333
707.808	422.111
708.153	441.778
708.498	474.222
708.844	489.667
709.189	506.111
709.534	522.556
709.879	535.444
710.225	557.556
710.570	560.667
710.915	584.778
711.260	608.444
711.605	632.889
711.950	676.444
712.294	725.667
712.639	794.000
712.984	837.222
713.329	882.000
713.673	895.667
714.018	862.778
714.363	842.556
714.707	796.333
715.052	754.222
715.396	691.222
715.740	606.778
716.085	538.667
716.429	457.778
716.773	419.444
717.117	390.000
717.462	395.333
717.806	411.222
718.150	422.889
718.494	452.444
718.838	491.111
719.182	548.556
719.526	603.333
719.869	643.556
720.213	697.444
720.557	716.778
720.901	771.222
721.244	818.333
721.588	860.333
721.932	911.667
722.275	913.222
722.618	942.556
722.962	936.111
723.305	914.333
723.649	887.889
723.992	814.556
724.335	744.778
724.678	663.778
725.021	570.556
725.365	519.222
725.708	436.000
726.051	395.556
726.393	354.333
726.736	320.111
727.079	314.556
727.422	317.222
727.765	363.444
728.108	400.556
728.450	440.222
728.793	503.222
729.135	529.222
729.478	568.778
729.820	592.333
730.163	587.222
730.505	579.778
730.848	534.667
731.190	507.000
731.532	475.333
731.874	428.111
732.217	418.778
732.559	388.556
732.901	371.333
733.243	369.111
733.585	360.333
733.927	353.556
734.269	336.556
734.610	308.333
734.952	278.444
735.294	240.778
735.636	216.889
735.977	205.000
736.319	199.889
736.660	217.111
737.002	241.667
737.343	275.000
737.685	329.778
738.026	375.111
738.368	416.222
738.709	450.000
739.050	461.889
739.391	464.889
739.732	448.111
740.073	423.333
740.415	391.889
740.756	342.667
741.096	308.111
741.437	280.889
741.778	256.667
742.119	256.889
742.460	258.889
742.801	260.556
743.141	267.667
743.482	268.667
743.823	278.778
744.163	289.778
744.504	294.111
744.844	308.889
745.184	319.667
745.525	325.222
745.865	334.111
746.205	333.222
746.545	343.333
746.886	355.667
747.226	359.667
747.566	392.444
747.906	424.222
748.246	437.889
748.586	476.889
748.926	508.889
749.266	529.111
749.605	532.444
749.945	517.111
750.285	500.667
750.624	463.111
750.964	410.667
751.304	369.222
751.643	309.889
751.983	258.333
752.322	228.444
752.661	213.222
753.001	203.111
753.340	200.889
753.679	198.222
754.018	197.333
754.358	208.111
754.697	220.667
755.036	230.444
755.375	243.000
755.714	253.222
756.053	264.667
756.392	285.333
756.730	295.222
757.069	304.222
757.408	313.000
757.747	316.000
758.085	322.444
758.424	333.333
758.762	334.889
759.101	337.111
759.439	323.778
759.778	310.000
760.116	304.000
760.454	288.889
760.793	274.444
761.131	266.333
761.469	248.444
761.807	238.333
762.145	238.333
762.483	238.444
762.821	247.333
763.159	260.444
763.497	269.778
763.835	277.444
764.173	284.778
764.510	289.222
764.848	289.667
765.186	287.111
765.523	284.222
765.861	278.333
766.198	276.889
766.536	281.111
766.873	298.444
767.211	334.000
767.548	363.000
767.885	384.111
768.223	398.333
768.560	406.667
768.897	411.111
769.234	412.778
769.571	411.778
769.908	400.667
770.245	369.667
770.582	346.889
770.919	332.222
771.256	327.889
771.593	339.667
771.929	349.111
772.266	358.444
772.603	366.222
772.939	368.889
773.276	373.222
773.612	373.889
773.949	370.000
774.285	348.778
774.622	319.000
774.958	296.000
775.294	266.778
775.630	244.667
775.966	229.222
776.303	211.667
776.639	206.556
776.975	215.111
777.311	251.333
777.647	296.333
777.983	330.444
778.318	360.111
778.654	389.222
778.990	413.778
779.326	431.333
779.661	448.889
779.997	457.000
780.333	446.778
780.668	438.000
781.004	436.111
781.339	430.333
781.674	429.333
782.010	428.222
782.345	431.778
782.680	429.778
783.016	431.333
783.351	423.000
783.686	402.667
784.021	386.444
784.356	372.111
784.691	354.667
785.026	343.667
785.361	327.333
785.695	310.556
786.030	312.333
786.365	329.333
786.700	358.444
787.034	417.444
787.369	486.778
787.703	532.000
788.038	579.000
788.372	633.111
788.707	675.556
789.041	701.111
789.376	723.556
789.710	720.111
790.044	682.444
790.378	651.111
790.712	637.222
791.046	616.889
791.380	613.111
791.714	625.000
792.048	613.222
792.382	591.111
792.716	582.667
793.050	571.222
793.384	541.667
793.718	515.111
794.051	499.667
794.385	468.111
794.718	437.778
795.052	455.000
795.385	507.111
795.719	557.889
796.052	619.000
796.386	709.889
796.719	801.778
797.052	878.667
797.385	980.667
797.719	1107.556
798.052	1194.333
798.385	1234.556
798.718	1274.556
799.051	1293.778
799.384	1269.778
799.716	1239.778
800.049	1224.000
800.382	1175.111
800.715	1091.222
801.048	1005.444
801.380	919.222
801.713	822.222
802.045	742.111
802.378	681.000
802.710	626.444
803.043	566.111
803.375	508.889
803.707	458.444
804.040	437.111
804.372	444.778
804.704	467.778
805.036	508.333
805.368	573.111
805.700	635.889
806.032	704.556
806.364	792.000
806.696	897.222
807.028	1005.556
807.360	1113.111
807.692	1201.444
808.023	1257.778
808.355	1279.556
808.687	1285.667
809.018	1279.556
809.350	1250.778
809.681	1200.111
810.013	1113.222
810.344	1002.889
810.676	906.889
811.007	842.222
811.338	822.556
811.669	815.889
812.001	810.889
812.332	832.444
812.663	872.222
812.994	909.000
813.325	945.222
813.656	984.889
813.987	1000.444
814.317	958.889
814.648	920.444
814.979	907.111
815.310	890.778
815.640	872.444
815.971	912.111
816.301	986.556
816.632	1046.444
816.962	1097.000
817.293	1173.222
817.623	1242.889
817.954	1265.667
818.284	1247.556
818.614	1206.667
818.944	1118.333
819.274	997.000
819.605	889.444
819.935	818.222
820.265	757.222
820.595	704.222
820.924	692.889
821.254	741.778
821.584	818.778
821.914	918.000
822.244	1086.222
822.573	1317.778
822.903	1515.333
823.233	1631.111
823.562	1712.000
823.892	1787.556
824.221	1818.667
824.550	1801.333
824.880	1800.444
825.209	1794.111
825.538	1724.111
825.868	1630.000
826.197	1620.111
826.526	1685.556
826.855	1717.778
827.184	1700.667
827.513	1682.667
827.842	1624.889
828.171	1487.333
828.500	1331.111
828.828	1203.444
829.157	1066.444
829.486	882.556
829.815	719.444
830.143	625.556
830.472	605.444
830.800	630.444
831.129	680.222
831.457	763.222
831.786	913.333
832.114	1081.556
832.442	1213.444
832.770	1328.556
833.099	1487.667
833.427	1649.556
833.755	1747.444
834.083	1802.000
834.411	1883.333
834.739	1964.667
835.067	1981.778
835.395	1968.778
835.723	1959.778
836.050	1915.556
836.378	1802.556
836.706	1678.444
837.033	1583.889
837.361	1457.111
837.689	1266.333
838.016	1090.111
838.344	976.000
838.671	882.667
838.998	769.444
839.326	665.222
839.653	597.333
839.980	560.667
840.307	544.667
840.634	550.222
840.961	575.444
841.289	642.444
841.615	793.778
841.942	1005.111
842.269	1203.667
842.596	1398.667
842.923	1705.000
843.250	2077.111
843.576	2399.000
843.903	2590.111
844.230	2717.111
844.556	2811.444
844.883	2830.000
845.209	2782.667
845.536	2686.889
845.862	2459.667
846.188	2128.778
846.515	1808.111
846.841	1611.444
847.167	1466.889
847.493	1325.000
847.819	1218.222
848.146	1159.778
848.472	1122.444
848.798	1092.667
849.123	1089.111
849.449	1112.444
849.775	1130.556
850.101	1138.333
850.427	1150.333
850.752	1193.889
851.078	1252.333
851.404	1307.778
851.729	1409.889
852.055	1594.667
852.380	1828.000
852.706	1998.222
853.031	2090.667
853.356	2147.667
853.682	2198.778
854.007	2249.778
854.332	2260.556
854.657	2175.444
854.982	2003.000
855.307	1786.778
855.632	1633.111
855.957	1515.111
856.282	1367.000
856.607	1196.889
856.932	1081.111
857.256	1031.111
857.581	996.889
857.906	951.556
858.230	916.111
858.555	907.111
858.880	920.667
859.204	920.889
859.529	923.333
859.853	974.333
860.177	1098.000
860.502	1227.778
860.826	1310.000
861.150	1397.333
861.474	1507.889
861.798	1610.556
862.122	1677.000
862.446	1668.667
862.770	1573.556
863.094	1422.222
863.418	1306.444
863.742	1229.556
864.066	1114.111
864.389	971.778
864.713	870.000
865.037	848.889
865.360	871.778
865.684	880.778
866.008	890.778
866.331	910.111
866.654	955.444
866.978	1008.556
867.301	1027.444
867.624	1017.667
867.948	1006.667
868.271	1072.444
868.594	1210.667
868.917	1334.333
869.240	1442.667
869.563	1617.000
869.886	1928.333
870.209	2284.556
870.532	2562.111
870.855	2691.667
871.177	2713.000
871.500	2703.111
871.823	2695.556
872.145	2646.000
872.468	2467.556
872.791	2137.111
873.113	1802.333
873.435	1575.667
873.758	1484.889
874.080	1406.889
874.402	1286.667
874.725	1186.556
875.047	1151.778
875.369	1175.889
875.691	1204.778
876.013	1191.556
876.335	1154.333
876.657	1122.111
876.979	1159.111
877.301	1219.667
877.623	1257.556
877.945	1261.444
878.266	1288.333
878.588	1422.889
878.910	1684.556
879.231	1959.444
879.553	2164.222
879.875	2285.222
880.196	2425.889
880.517	2628.000
880.839	2836.889
881.160	2937.667
881.481	2863.000
881.803	2625.222
882.124	2353.333
882.445	2122.556
882.766	1925.333
883.087	1697.556
883.408	1404.000
883.729	1111.333
884.050	884.667
884.371	749.111
884.692	679.556
885.012	624.889
885.333	582.778
885.654	555.444
885.974	566.222
886.295	625.222
886.616	686.333
886.936	743.000
887.257	785.889
887.577	831.111
887.897	908.667
888.218	1003.222
888.538	1112.889
888.858	1205.889
889.178	1267.444
889.498	1314.889
889.818	1358.444
890.139	1411.667
890.458	1454.444
890.778	1447.667
891.098	1401.333
891.418	1319.556
891.738	1249.333
892.058	1211.889
892.377	1200.778
892.697	1186.222
893.017	1148.667
893.336	1106.556
893.656	1079.333
893.975	1074.556
894.295	1098.667
894.614	1128.667
894.933	1138.444
895.253	1150.444
895.572	1200.222
895.891	1323.333
896.210	1521.444
896.529	1751.667
896.848	1947.889
897.167	2082.000
897.486	2168.889
897.805	2268.333
898.124	2376.889
898.443	2464.222
898.762	2474.333
899.081	2387.889
899.399	2256.667
899.718	2140.556
900.036	2052.778
900.355	1980.333
900.673	1874.889
900.992	1738.000
901.310	1583.778
901.629	1449.778
901.947	1347.333
902.265	1258.444
902.583	1181.889
902.902	1108.889
903.220	1030.222
903.538	961.333
903.856	911.778
904.174	906.222
904.492	952.111
904.810	1035.778
905.128	1159.222
905.445	1290.667
905.763	1433.111
906.081	1591.333
906.398	1757.889
906.716	1884.778
907.034	1981.222
907.351	2027.000
907.669	2011.222
907.986	1922.778
908.304	1799.556
908.621	1661.111
908.938	1504.333
909.255	1327.111
909.573	1168.111
909.890	1004.778
910.207	848.444
910.524	716.444
910.841	624.444
911.158	568.111
911.475	528.444
911.792	514.444
912.109	513.444
912.425	521.778
912.742	555.667
913.059	610.000
913.375	692.000
913.692	812.556
914.009	944.778
914.325	1086.333
914.641	1205.111
914.958	1311.444
915.274	1424.444
915.591	1515.556
915.907	1584.667
916.223	1618.556
916.539	1583.111
916.855	1526.333
917.172	1456.222
917.488	1378.333
917.804	1315.111
918.119	1241.333
918.435	1182.667
918.751	1136.111
919.067	1091.111
919.383	1072.889
919.698	1048.444
920.014	1015.000
920.330	1008.000
920.645	1004.778
920.961	1011.000
921.276	1022.111
921.592	1018.111
921.907	1014.222
922.223	1011.111
922.538	1017.667
922.853	1047.778
923.168	1097.111
923.483	1191.222
923.799	1355.667
924.114	1556.222
924.429	1775.889
924.744	1973.444
925.059	2121.000
925.373	2232.000
925.688	2332.000
926.003	2409.778
926.318	2454.556
926.632	2414.667
926.947	2299.556
927.262	2137.333
927.576	1962.000
927.891	1802.111
928.205	1657.111
928.520	1493.333
928.834	1319.000
929.148	1124.222
929.463	932.333
929.777	773.556
930.091	660.333
930.405	605.778
930.719	606.556
931.033	637.000
931.347	700.111
931.661	798.222
931.975	917.444
932.289	1059.333
932.603	1209.333
932.917	1343.889
933.230	1458.444
933.544	1537.444
933.858	1576.333
934.171	1585.222
934.485	1556.667
934.798	1516.889
935.112	1465.889
935.425	1386.333
935.738	1302.667
936.052	1215.333
936.365	1127.556
936.678	1067.667
936.991	1016.111
937.305	959.444
937.618	900.667
937.931	832.222
938.244	771.222
938.556	727.889
938.869	695.778
939.182	681.000
939.495	680.778
939.808	686.444
940.120	707.000
940.433	725.444
940.746	743.111
941.058	776.222
941.371	815.000
941.683	856.000
941.996	901.889
942.308	931.222
942.620	958.444
942.933	988.889
943.245	1003.333
943.557	1007.556
943.869	988.111
944.181	943.000
944.493	898.556
944.805	858.889
945.117	828.333
945.429	811.889
945.741	789.111
946.053	763.333
946.365	741.889
946.676	718.000
946.988	693.222
947.300	661.111
947.611	610.333
947.923	556.444
948.234	499.333
948.546	452.778
948.857	438.556
949.169	460.333
949.480	512.333
949.791	607.778
950.102	722.333
950.413	841.444
950.725	958.111
951.036	1056.111
951.347	1137.778
951.658	1219.667
951.969	1287.000
952.280	1353.889
952.590	1410.444
952.901	1445.222
953.212	1471.667
953.523	1494.111
953.833	1497.667
954.144	1486.000
954.454	1441.000
954.765	1357.111
955.075	1247.778
955.386	1117.667
955.696	985.667
956.007	870.667
956.317	766.556
956.627	686.444
956.937	639.111
957.247	613.111
957.558	607.000
957.868	617.222
958.178	624.000
958.488	636.444
958.797	649.333
959.107	657.556
959.417	671.556
959.727	686.000
960.037	692.556
960.346	709.889
960.656	734.667
960.966	764.889
961.275	799.111
961.585	841.667
961.894	879.222
962.203	913.778
962.513	933.889
962.822	935.889
963.131	923.000
963.441	892.111
963.750	844.556
964.059	791.556
964.368	727.222
964.677	658.778
964.986	602.111
965.295	561.556
965.604	557.111
965.913	556.889
966.221	571.000
966.530	594.556
966.839	629.889
967.148	663.889
967.456	688.556
967.765	706.444
968.073	713.222
968.382	698.889
968.690	707.000
968.999	713.444
969.307	711.778
969.615	716.000
969.924	724.556
970.232	748.889
970.540	795.333
970.848	849.889
971.156	904.667
971.464	968.444
971.772	1026.556
972.080	1085.889
972.388	1144.000
972.696	1183.889
973.003	1207.222
973.311	1210.222
973.619	1190.111
973.926	1162.444
974.234	1113.444
974.542	1048.667
974.849	984.667
975.157	918.444
975.464	858.000
975.771	814.778
976.079	779.778
976.386	754.556
976.693	737.889
977.000	728.000
977.307	729.444
977.615	742.889
977.922	757.333
978.229	781.000
978.536	807.556
978.842	832.333
979.149	857.333
979.456	873.000
979.763	877.444
980.070	873.889
980.376	862.889
980.683	839.444
980.989	807.222
981.296	770.556
981.602	730.556
981.909	692.222
982.215	668.222
982.522	656.778
982.828	647.667
983.134	637.556
983.440	628.667
983.746	619.333
984.053	615.333
984.359	620.000
984.665	616.556
984.971	611.222
985.277	609.000
985.582	609.556
985.888	621.333
986.194	655.667
986.500	696.333
986.805	735.333
987.111	775.333
987.417	823.556
987.722	863.111
988.028	904.556
988.333	943.667
988.639	961.889
988.944	963.000
989.249	956.333
989.555	938.444
989.860	913.778
990.165	888.111
990.470	868.222
990.775	836.000
991.080	808.444
991.385	788.000
991.690	770.556
991.995	760.778
992.300	758.222
992.605	760.778
992.910	769.778
993.214	769.556
993.519	764.111
993.824	762.444
994.128	757.889
994.433	746.889
994.737	734.333
995.042	712.889
995.346	674.778
995.650	637.667
995.955	606.111
996.259	571.222
996.563	539.444
996.867	515.778
997.171	486.889
997.476	464.889
997.780	450.444
998.083	436.000
998.387	418.111
998.691	404.111
998.995	389.889
999.299	370.667
999.603	355.778
999.906	342.222
1000.210	331.333
1000.514	324.333
1000.817	320.222
1001.121	322.111
1001.424	325.333
1001.728	331.111
1002.031	342.111
1002.334	346.889
1002.638	352.111
1002.941	364.333
1003.244	377.333
1003.547	389.778
1003.850	410.000
1004.153	432.444
1004.456	453.333
1004.759	479.556
1005.062	518.000
1005.365	555.556
1005.668	591.222
1005.971	634.333
1006.273	667.556
1006.576	692.778
1006.879	723.111
1007.181	745.444
1007.484	759.222
1007.786	777.444
1008.089	784.778
1008.391	775.444
1008.693	760.667
1008.996	747.556
1009.298	723.111
1009.600	694.000
1009.902	673.444
1010.204	645.333
1010.507	612.889
1010.809	593.778
1011.111	570.778
1011.412	548.667
1011.714	534.111
1012.016	522.222
1012.318	510.667
1012.620	505.000
1012.921	495.778
1013.223	478.222
1013.525	462.778
1013.826	451.000
1014.128	432.778
1014.429	413.667
1014.731	395.667
1015.032	372.444
1015.333	344.778
1015.635	325.667
1015.936	306.333
1016.237	285.556
1016.538	268.778
1016.839	253.556
1017.140	245.667
1017.441	238.778
1017.742	233.000
1018.043	229.444
1018.344	226.778
1018.645	224.778
1018.946	221.889
1019.246	221.333
1019.547	224.889
1019.848	221.444
1020.148	227.333
1020.449	237.111
1020.749	243.889
1021.050	256.889
1021.350	271.778
1021.651	285.000
1021.951	304.000
1022.251	324.444
1022.551	344.222
1022.852	356.667
1023.152	377.111
1023.452	399.778
1023.752	412.556
1024.052	440.333
1024.352	472.333
1024.652	492.667
1024.952	525.000
1025.251	560.000
1025.551	580.778
1025.851	599.333
1026.150	625.444
1026.450	642.889
1026.750	643.333
1027.049	650.889
1027.349	658.000
1027.648	644.111
1027.947	636.667
1028.247	646.444
1028.546	635.444
1028.845	622.111
1029.144	624.333
1029.444	615.000
1029.743	592.556
1030.042	582.778
1030.341	569.556
1030.640	543.778
1030.939	522.889
1031.238	511.444
1031.536	489.111
1031.835	467.667
1032.134	458.556
1032.433	443.667
1032.731	422.111
1033.030	409.778
1033.328	396.556
1033.627	373.111
1033.925	356.556
1034.224	341.889
1034.522	327.778
1034.820	307.444
1035.119	293.111
1035.417	274.000
1035.715	257.000
1036.013	246.222
1036.311	235.111
1036.609	223.778
1036.907	216.444
1037.205	204.889
1037.503	199.000
1037.801	199.556
1038.099	204.111
1038.397	203.889
1038.694	207.556
1038.992	216.222
1039.290	220.667
1039.587	223.556
1039.885	235.000
1040.182	244.556
1040.479	247.444
1040.777	258.667
1041.074	272.444
1041.372	278.778
1041.669	287.111
1041.966	304.889
1042.263	318.000
1042.560	324.667
1042.857	345.556
1043.154	365.222
1043.451	375.778
1043.748	396.333
1044.045	420.556
1044.342	431.111
1044.639	437.333
1044.935	453.111
1045.232	458.889
1045.529	448.889
1045.825	447.333
1046.122	442.556
1046.418	424.222
1046.715	410.556
1047.011	402.222
1047.308	388.556
1047.604	370.556
1047.900	361.889
1048.197	352.889
1048.493	335.222
1048.789	324.000
1049.085	314.667
1049.381	297.556
1049.677	282.556
1049.973	269.556
1050.269	255.000
1050.565	237.889
1050.860	228.111
1051.156	217.778
1051.452	204.000
1051.748	193.444
1052.043	186.333
1052.339	178.333
1052.634	173.000
1052.930	168.222
1053.225	163.222
1053.521	155.556
1053.816	152.889
1054.111	152.111
1054.407	150.111
1054.702	151.889
1054.997	157.667
1055.292	158.444
1055.587	162.222
1055.882	172.222
1056.177	180.556
1056.472	188.111
1056.767	202.444
1057.062	217.000
1057.357	224.667
1057.651	233.556
1057.946	250.444
1058.241	260.111
1058.535	262.556
1058.830	279.000
1059.124	295.778
1059.419	296.444
1059.713	302.556
1060.008	314.778
1060.302	318.778
1060.596	314.333
1060.890	321.444
1061.185	327.778
1061.479	316.556
1061.773	306.333
1062.067	308.444
1062.361	300.667
1062.655	287.556
1062.949	286.333
1063.243	285.444
1063.536	273.444
1063.830	265.000
1064.124	266.667
1064.418	259.556
1064.711	246.222
1065.005	238.889
1065.298	232.556
1065.592	216.000
1065.885	202.222
1066.179	193.778
1066.472	182.778
1066.765	165.444
1067.058	157.444
1067.352	150.889
1067.645	141.333
1067.938	133.111
1068.231	127.889
1068.524	122.111
1068.817	115.556
1069.110	111.222
1069.403	109.000
1069.696	103.556
1069.989	100.222
1070.281	97.778
1070.574	94.333
1070.867	91.667
1071.159	89.444
1071.452	88.889
1071.744	87.556
1072.037	86.667
1072.329	85.556
1072.622	85.000
1072.914	85.000
1073.206	84.667
1073.498	84.889
1073.791	88.556
1074.083	90.222
1074.375	94.000
1074.667	95.444
1074.959	97.556
1075.251	99.556
1075.543	101.778
1075.835	104.000
1076.126	106.778
1076.418	108.778
1076.710	110.667
1077.002	111.778
1077.293	116.222
1077.585	122.556
1077.876	126.111
1078.168	129.556
1078.459	135.556
1078.751	138.889
1079.042	139.222
1079.333	143.111
1079.625	146.667
1079.916	146.333
1080.207	146.444
1080.498	148.556
1080.789	150.444
1081.080	149.333
1081.371	150.556
1081.662	153.556
1081.953	153.333
1082.244	151.000
1082.535	151.778
1082.826	150.556
1083.116	146.889
1083.407	143.111
1083.698	140.111
1083.988	135.444
1084.279	129.444
1084.569	124.222
1084.859	120.889
1085.150	115.889
1085.440	110.889
1085.730	108.111
1086.021	104.778
1086.311	101.444
1086.601	99.000
1086.891	96.556
1087.181	93.111
1087.471	89.111
1087.761	86.333
1088.051	83.333
1088.341	80.333
1088.631	78.889
1088.921	77.889
1089.210	75.778
1089.500	74.222
1089.790	73.000
1090.079	71.444
1090.369	70.000
1090.658	69.778
1090.948	69.111
1091.237	68.000
1091.526	66.222
1091.816	67.333
1092.105	67.556
1092.394	68.444
1092.683	69.222
1092.973	70.667
1093.262	70.889
1093.551	71.111
1093.840	71.667
1094.129	73.333
1094.417	74.556
1094.706	76.889
1094.995	77.889
1095.284	79.222
1095.573	80.333
1095.861	80.889
1096.150	82.667
1096.438	84.778
1096.727	85.889
1097.016	84.444
1097.304	84.222
1097.592	85.444
1097.881	85.000
1098.169	83.889
1098.457	85.000
1098.745	84.889
1099.034	83.111
1099.322	84.556
