520.430	0.000
520.800	0.000
521.169	57.000
521.539	60.000
521.909	58.000
522.278	70.000
522.648	62.000
523.017	73.000
523.387	69.000
523.756	60.000
524.125	60.000
524.494	77.000
524.864	57.000
525.233	67.000
525.602	64.000
525.971	60.000
526.340	62.000
526.709	64.000
527.078	60.000
527.447	72.000
527.816	102.333
528.185	290.667
528.553	536.778
528.922	816.778
529.291	1145.111
529.659	1529.111
530.028	1921.111
530.396	2326.333
530.765	2729.000
531.133	3103.667
531.502	3310.111
531.870	3409.444
532.238	3452.000
532.606	3431.889
532.975	3300.222
533.343	3091.333
533.711	2822.111
534.079	2513.444
534.447	2169.333
534.815	1830.222
535.183	1536.333
535.551	1272.889
535.919	1030.333
536.286	867.222
536.654	794.889
537.022	784.111
537.389	848.222
537.757	975.556
538.125	1156.333
538.492	1361.333
538.859	1590.889
539.227	1844.556
539.594	2116.333
539.961	2356.778
540.329	2591.444
540.696	2801.000
541.063	2917.889
541.430	2999.667
541.797	3038.889
542.164	2987.444
542.531	2857.667
542.898	2630.333
543.265	2384.778
543.632	2098.556
543.999	1803.667
544.366	1565.667
544.732	1343.889
545.099	1171.556
545.466	1089.000
545.832	1094.778
546.199	1179.222
546.565	1313.556
546.932	1482.444
547.298	1636.556
547.664	1771.444
548.031	1892.444
548.397	1922.333
548.763	1924.333
549.129	1891.333
549.495	1840.889
549.861	1791.222
550.227	1776.778
550.593	1782.444
550.959	1799.111
551.325	1800.222
551.691	1879.222
552.057	1925.333
552.422	1934.889
552.788	1906.889
553.154	1824.889
553.519	1691.000
553.885	1542.778
554.250	1405.333
554.616	1307.111
554.981	1248.778
555.347	1266.111
555.712	1366.000
556.077	1607.111
556.443	1904.556
556.808	2241.111
557.173	2567.667
557.538	2907.333
557.903	3133.778
558.268	3301.111
558.633	3362.333
558.998	3299.111
559.363	3087.333
559.727	2792.111
560.092	2440.111
560.457	2101.222
560.822	1740.000
561.186	1454.889
561.551	1177.556
561.915	978.111
562.280	858.111
562.644	802.444
563.009	823.556
563.373	885.111
563.737	991.111
564.102	1145.222
564.466	1290.778
564.830	1483.778
565.194	1731.444
565.558	1986.778
565.922	2240.556
566.286	2517.333
566.650	2775.333
567.014	2995.444
567.378	3186.222
567.741	3303.778
568.105	3366.778
568.469	3332.000
568.833	3219.000
569.196	3085.111
569.560	2872.889
569.923	2652.667
570.287	2445.333
570.650	2247.000
571.013	2137.222
571.377	2067.556
571.740	2050.000
572.103	2043.444
572.466	2058.222
572.830	2084.444
573.193	2095.111
573.556	2119.000
573.919	2110.222
574.282	2103.111
574.645	2090.889
575.007	2082.000
575.370	2115.111
575.733	2155.667
576.096	2239.000
576.458	2342.111
576.821	2456.667
577.184	2524.778
577.546	2579.444
577.909	2589.222
578.271	2499.556
578.633	2407.444
578.996	2246.667
579.358	2041.889
579.720	1852.444
580.083	1616.000
580.445	1440.333
580.807	1293.333
581.169	1161.000
581.531	1119.333
581.893	1109.444
582.255	1149.111
582.617	1278.556
582.979	1400.111
583.340	1571.333
583.702	1756.222
584.064	1877.778
584.425	2005.778
584.787	2104.667
585.149	2122.222
585.510	2126.778
585.872	2061.333
586.233	1984.556
586.594	1864.333
586.956	1682.778
587.317	1513.889
587.678	1336.778
588.039	1152.000
588.401	1029.444
588.762	911.333
589.123	816.444
589.484	775.778
589.845	759.778
590.206	788.556
590.566	894.000
590.927	994.222
591.288	1124.222
591.649	1243.778
592.009	1329.778
592.370	1450.111
592.731	1491.778
593.091	1516.000
593.452	1517.778
593.812	1476.222
594.172	1461.667
594.533	1417.667
594.893	1380.000
595.253	1347.667
595.614	1252.333
595.974	1213.222
596.334	1197.889
596.694	1186.111
597.054	1196.444
597.414	1159.889
597.774	1139.333
598.134	1107.333
598.494	1096.000
598.853	1099.333
599.213	1089.333
599.573	1032.889
599.932	981.556
600.292	906.556
600.652	904.222
601.011	905.111
601.371	936.111
601.730	996.556
602.089	1063.111
602.449	1165.444
602.808	1284.778
603.167	1391.333
603.526	1521.556
603.886	1564.000
604.245	1611.444
604.604	1589.333
604.963	1544.556
605.322	1476.556
605.681	1353.556
606.040	1258.000
606.398	1188.111
606.757	1100.444
607.116	1060.222
607.475	1051.889
607.833	1170.444
608.192	1283.667
608.550	1505.333
608.909	1711.000
609.267	1842.333
609.626	2035.556
609.984	2179.333
610.342	2367.111
610.701	2489.333
611.059	2557.222
611.417	2671.889
611.775	2621.000
612.133	2651.444
612.491	2652.111
612.849	2654.222
613.207	2668.000
613.565	2594.000
613.923	2549.778
614.281	2432.222
614.638	2278.556
614.996	2172.111
615.354	2036.778
615.711	2005.000
616.069	1872.000
616.427	1815.222
616.784	1772.778
617.141	1747.889
617.499	1756.111
617.856	1767.778
618.213	1804.889
618.571	1796.778
618.928	1783.444
619.285	1771.556
619.642	1732.889
619.999	1686.556
620.356	1631.889
620.713	1625.000
621.070	1642.000
621.427	1700.778
621.784	1754.111
622.141	1792.333
622.497	1829.000
622.854	1884.333
623.211	1938.556
623.567	1954.111
623.924	1931.222
624.280	1834.889
624.637	1678.111
624.993	1513.333
625.349	1334.000
625.706	1174.444
626.062	988.222
626.418	848.556
626.774	739.000
627.131	686.889
627.487	674.222
627.843	722.222
628.199	782.556
628.555	902.556
628.911	992.222
629.266	1060.000
629.622	1078.444
629.978	1072.778
630.334	1029.889
630.689	969.667
631.045	881.222
631.401	822.222
631.756	740.000
632.112	691.333
632.467	655.111
632.822	665.444
633.178	709.333
633.533	747.000
633.888	774.889
634.243	789.444
634.599	806.667
634.954	814.333
635.309	830.333
635.664	868.889
636.019	870.556
636.374	870.111
636.729	838.000
637.083	829.333
637.438	814.556
637.793	792.333
638.148	753.111
638.502	716.778
638.857	663.333
639.211	630.778
639.566	588.000
639.920	568.111
640.275	560.556
640.629	559.333
640.983	588.556
641.338	625.556
641.692	704.556
642.046	770.000
642.400	875.333
642.754	1012.111
643.108	1167.222
643.462	1363.111
643.816	1540.778
644.170	1691.000
644.524	1819.778
644.878	1940.889
645.232	2031.000
645.585	2102.889
645.939	2086.889
646.293	2056.667
646.646	1920.667
647.000	1783.000
647.353	1601.000
647.707	1421.222
648.060	1205.222
648.413	1037.222
648.767	852.889
649.120	725.111
649.473	608.556
649.826	556.444
650.179	559.000
650.533	610.889
650.885	704.000
651.239	799.556
651.591	891.667
651.944	992.556
652.297	1130.556
652.650	1261.111
653.003	1417.333
653.355	1503.111
653.708	1568.556
654.061	1571.556
654.413	1608.444
654.766	1623.333
655.118	1646.111
655.471	1596.444
655.823	1535.333
656.175	1404.333
656.528	1319.778
656.880	1236.222
657.232	1186.333
657.584	1083.667
657.936	1009.889
658.288	896.889
658.640	811.778
658.992	723.111
659.344	668.444
659.696	594.111
660.048	541.444
660.400	479.111
660.751	438.000
661.103	394.000
661.455	393.333
661.806	416.222
662.158	486.222
662.509	576.111
662.861	722.333
663.212	856.333
663.563	1046.333
663.915	1185.778
664.266	1312.222
664.617	1358.778
664.968	1383.667
665.319	1358.333
665.670	1331.111
666.021	1263.556
666.372	1237.222
666.723	1143.444
667.074	1103.556
667.425	1023.222
667.776	988.556
668.127	968.556
668.477	1022.444
668.828	1045.556
669.179	1053.889
669.529	1005.444
669.880	993.556
670.230	985.333
670.581	1076.889
670.931	1176.222
671.281	1263.222
671.632	1279.778
671.982	1300.667
672.332	1339.000
672.682	1376.444
673.032	1406.556
673.382	1386.889
673.732	1324.000
674.082	1260.000
674.432	1223.444
674.782	1175.556
675.132	1157.000
675.482	1093.222
675.831	1053.778
676.181	976.556
676.531	944.667
676.880	890.111
677.230	830.556
677.579	731.111
677.929	655.000
678.278	568.778
678.628	546.000
678.977	534.667
679.326	545.000
679.675	559.667
680.024	557.000
680.374	557.889
680.723	555.222
681.072	554.111
681.421	536.000
681.770	490.444
682.119	433.444
682.467	399.000
682.816	362.556
683.165	373.444
683.514	385.778
683.862	421.778
684.211	462.444
684.559	478.556
684.908	493.556
685.256	510.222
685.605	530.000
685.953	547.222
686.302	575.333
686.650	602.000
686.998	648.778
687.346	701.000
687.694	819.444
688.043	942.667
688.391	1098.111
688.739	1284.111
689.087	1427.778
689.435	1587.556
689.782	1696.556
690.130	1815.222
690.478	1873.778
690.826	1876.889
691.173	1836.444
691.521	1715.556
691.869	1544.556
692.216	1390.111
692.564	1191.000
692.911	1034.444
693.259	844.667
693.606	700.444
693.953	592.556
694.300	523.889
694.648	520.000
694.995	535.000
695.342	580.667
695.689	662.889
696.036	727.778
696.383	818.556
696.730	883.778
697.077	914.556
697.424	935.889
697.771	942.556
698.117	940.222
698.464	942.333
698.811	955.444
699.157	976.444
699.504	1003.000
699.850	1022.667
700.197	1069.667
700.543	1136.333
700.890	1151.778
701.236	1151.778
701.582	1101.778
701.929	1006.111
702.275	939.556
702.621	844.444
702.967	796.778
703.313	729.000
703.659	666.667
704.005	657.778
704.351	673.000
704.697	710.111
705.043	738.333
705.388	752.333
705.734	762.333
706.080	770.000
706.426	800.889
706.771	853.444
707.117	893.333
707.462	954.222
707.808	1046.000
708.153	1134.667
708.498	1259.111
708.844	1363.111
709.189	1489.889
709.534	1566.222
709.879	1596.889
710.225	1625.222
710.570	1552.444
710.915	1474.778
711.260	1371.333
711.605	1239.000
711.950	1116.444
712.294	952.556
712.639	833.889
712.984	724.444
713.329	638.444
713.673	604.556
714.018	555.556
714.363	541.556
714.707	538.444
715.052	578.667
715.396	616.556
715.740	681.778
716.085	749.667
716.429	773.556
716.773	836.222
717.117	867.667
717.462	895.889
717.806	902.111
718.150	873.000
718.494	859.778
718.838	801.222
719.182	755.222
719.526	742.333
719.869	706.222
720.213	722.222
720.557	712.222
720.901	712.333
721.244	689.556
721.588	646.556
721.932	614.000
722.275	559.889
722.618	500.667
722.962	433.222
723.305	354.556
723.649	308.556
723.992	280.444
724.335	291.556
724.678	322.778
725.021	364.333
725.365	430.444
725.708	478.444
726.051	543.111
726.393	601.444
726.736	633.667
727.079	651.444
727.422	626.889
727.765	593.667
728.108	550.444
728.450	499.222
728.793	478.778
729.135	436.556
729.478	403.222
729.820	383.889
730.163	359.444
730.505	364.556
730.848	371.667
731.190	396.778
731.532	415.778
731.874	422.111
732.217	448.556
732.559	462.667
732.901	480.778
733.243	507.222
733.585	526.667
733.927	559.444
734.269	585.000
734.610	619.333
734.952	681.667
735.294	711.222
735.636	749.000
735.977	785.444
736.319	782.111
736.660	769.111
737.002	734.222
737.343	681.889
737.685	620.111
738.026	529.444
738.368	467.778
738.709	414.667
739.050	374.333
739.391	395.333
739.732	424.778
740.073	451.444
740.415	488.444
740.756	515.000
741.096	550.556
741.437	580.667
741.778	578.222
742.119	558.889
742.460	507.667
742.801	458.000
743.141	431.000
743.482	403.333
743.823	401.333
744.163	401.444
744.504	398.444
744.844	431.222
745.184	449.667
745.525	474.667
745.865	520.556
746.205	540.667
746.545	554.889
746.886	546.333
747.226	508.667
747.566	469.222
747.906	418.889
748.246	392.222
748.586	369.889
748.926	327.111
749.266	303.667
749.605	282.667
749.945	267.111
750.285	279.111
750.624	308.111
750.964	330.444
751.304	371.444
751.643	433.889
751.983	474.778
752.322	495.000
752.661	508.778
753.001	517.778
753.340	546.333
753.679	592.111
754.018	641.444
754.358	699.778
754.697	720.222
755.036	734.000
755.375	763.222
755.714	777.778
756.053	779.889
756.392	753.889
756.730	691.222
757.069	642.222
757.408	580.444
757.747	513.000
758.085	469.556
758.424	429.889
758.762	411.222
759.101	437.667
759.439	482.222
759.778	510.111
760.116	529.111
760.454	536.000
760.793	538.000
761.131	540.222
761.469	544.778
761.807	565.667
762.145	581.222
762.483	566.111
762.821	563.333
763.159	565.111
763.497	546.111
763.835	533.111
764.173	523.222
764.510	514.556
764.848	505.333
765.186	490.667
765.523	470.556
765.861	457.444
766.198	440.667
766.536	425.000
766.873	423.889
767.211	439.111
767.548	447.667
767.885	456.444
768.223	470.222
768.560	488.222
768.897	491.444
769.234	493.111
769.571	498.556
769.908	503.556
770.245	503.778
770.582	508.333
770.919	501.222
771.256	481.889
771.593	464.889
771.929	453.111
772.266	436.889
772.603	432.333
772.939	441.000
773.276	463.889
773.612	478.667
773.949	494.222
774.285	530.667
774.622	577.111
774.958	603.667
775.294	626.778
775.630	653.444
775.966	667.333
776.303	680.333
776.639	694.333
776.975	679.111
777.311	634.889
777.647	590.889
777.983	573.667
778.318	567.222
778.654	572.000
778.990	572.667
779.326	557.778
779.661	556.222
779.997	562.111
780.333	552.111
780.668	549.556
781.004	563.556
781.339	562.667
781.674	562.111
782.010	593.444
782.345	619.556
782.680	647.889
783.016	713.333
783.351	776.111
783.686	831.000
784.021	917.333
784.356	1032.444
784.691	1138.889
785.026	1248.333
785.361	1333.111
785.695	1359.333
786.030	1349.333
786.365	1335.222
786.700	1309.000
787.034	1237.222
787.369	1151.778
787.703	1050.889
788.038	905.444
788.372	776.667
788.707	687.444
789.041	609.778
789.376	552.889
789.710	504.889
790.044	460.889
790.378	423.111
790.712	400.667
791.046	402.333
791.380	446.000
791.714	511.556
792.048	558.778
792.382	592.222
792.716	655.556
793.050	766.778
793.384	885.111
793.718	1014.667
794.051	1170.444
794.385	1260.333
794.718	1280.556
795.052	1297.556
795.385	1329.111
795.719	1327.556
796.052	1276.444
796.386	1211.556
796.719	1113.333
797.052	982.556
797.385	898.222
797.719	883.667
798.052	923.889
798.385	981.444
798.718	1016.556
799.051	1008.222
799.384	969.000
799.716	942.333
800.049	919.889
800.382	882.333
800.715	834.778
801.048	757.556
801.380	661.889
801.713	594.000
802.045	593.444
802.378	653.333
802.710	738.444
803.043	831.222
803.375	914.333
803.707	967.889
804.040	997.000
804.372	1016.222
804.704	1034.667
805.036	1023.444
805.368	965.000
805.700	880.889
806.032	792.444
806.364	734.444
806.696	729.222
807.028	752.111
807.360	794.111
807.692	838.333
808.023	879.556
808.355	931.556
808.687	1009.778
809.018	1098.556
809.350	1154.222
809.681	1174.111
810.013	1179.889
810.344	1171.000
810.676	1161.111
811.007	1192.667
811.338	1253.222
811.669	1284.111
812.001	1273.778
812.332	1281.000
812.663	1308.889
812.994	1331.556
813.325	1359.222
813.656	1388.444
813.987	1364.778
814.317	1280.444
814.648	1190.000
814.979	1141.333
815.310	1104.889
815.640	1059.556
815.971	1042.889
816.301	1031.333
816.632	1002.556
816.962	999.111
817.293	1106.222
817.623	1319.111
817.954	1502.444
818.284	1642.889
818.614	1820.000
818.944	1984.000
819.274	2089.667
819.605	2199.778
819.935	2358.333
820.265	2455.000
820.595	2398.111
820.924	2321.111
821.254	2291.333
821.584	2214.667
821.914	2096.889
822.244	2006.556
822.573	1945.222
822.903	1813.556
823.233	1627.222
823.562	1484.444
823.892	1380.333
824.221	1259.000
824.550	1112.444
824.880	1000.000
825.209	911.667
825.538	809.111
825.868	732.889
826.197	737.111
826.526	833.111
826.855	947.556
827.184	1053.000
827.513	1250.889
827.842	1559.556
828.171	1892.444
828.500	2181.889
828.828	2482.889
829.157	2806.778
829.486	3007.889
829.815	3066.111
830.143	3084.889
830.472	3063.667
830.800	2934.111
831.129	2723.111
831.457	2510.333
831.786	2263.222
832.114	1945.444
832.442	1670.667
832.770	1524.333
833.099	1487.778
833.427	1457.111
833.755	1378.444
834.083	1301.556
834.411	1245.667
834.739	1204.000
835.067	1160.556
835.395	1118.111
835.723	1078.889
836.050	1044.889
836.378	1037.333
836.706	1094.667
837.033	1290.889
837.361	1662.556
837.689	2033.333
838.016	2410.556
838.344	2656.111
838.671	2877.111
838.998	3037.444
839.326	3090.667
839.653	3077.222
839.980	3023.667
840.307	2857.333
840.634	2636.889
840.961	2327.111
841.289	2118.889
841.615	1951.667
841.942	1807.444
842.269	1700.556
842.596	1614.222
842.923	1498.889
843.250	1356.333
843.576	1251.333
843.903	1209.889
844.230	1202.667
844.556	1191.333
844.883	1157.556
845.209	1125.667
845.536	1140.889
845.862	1230.556
846.188	1393.667
846.515	1529.667
846.841	1605.778
847.167	1636.222
847.493	1639.556
847.819	1626.222
848.146	1606.889
848.472	1564.000
848.798	1458.556
849.123	1304.333
849.449	1186.778
849.775	1113.556
850.101	1067.556
850.427	1035.444
850.752	1020.778
851.078	1003.444
851.404	973.333
851.729	931.000
852.055	912.556
852.380	977.556
852.706	1075.556
853.031	1174.000
853.356	1317.556
853.682	1509.667
854.007	1720.778
854.332	1892.444
854.657	2062.333
854.982	2337.000
855.307	2579.000
855.632	2829.333
855.957	3099.556
856.282	3118.222
856.607	3001.778
856.932	2867.444
857.256	2760.111
857.581	2610.000
857.906	2305.556
858.230	2007.667
858.555	1761.222
858.880	1503.778
859.204	1391.000
859.529	1352.778
859.853	1368.778
860.177	1407.778
860.502	1425.000
860.826	1395.889
861.150	1325.333
861.474	1254.000
861.798	1266.667
862.122	1327.667
862.446	1351.111
862.770	1373.222
863.094	1496.778
863.418	1756.667
863.742	2041.222
864.066	2255.444
864.389	2471.556
864.713	2716.333
865.037	2960.333
865.360	3242.111
865.684	3496.000
866.008	3487.889
866.331	3336.889
866.654	3167.333
866.978	3006.000
867.301	2748.556
867.624	2378.556
867.948	2034.556
868.271	1735.667
868.594	1434.000
868.917	1264.222
869.240	1121.222
869.563	983.889
869.886	897.667
870.209	863.667
870.532	853.111
870.855	820.778
871.177	772.333
871.500	798.333
871.823	908.111
872.145	1029.667
872.468	1121.111
872.791	1192.778
873.113	1300.889
873.435	1476.778
873.758	1704.111
874.080	1871.889
874.402	1909.111
874.725	1912.556
875.047	1969.667
875.369	2082.444
875.691	2166.556
876.013	2135.333
876.335	1997.556
876.657	1809.000
876.979	1711.333
877.301	1686.333
877.623	1627.000
877.945	1503.111
878.266	1363.111
878.588	1271.889
878.910	1254.778
879.231	1261.889
879.553	1278.667
879.875	1261.667
880.196	1309.333
880.517	1509.444
880.839	1816.222
881.160	2109.444
881.481	2317.333
881.803	2475.333
882.124	2652.556
882.445	2821.556
882.766	2952.667
883.087	2977.111
883.408	2856.111
883.729	2679.333
884.050	2578.889
884.371	2619.778
884.692	2713.667
885.012	2727.778
885.333	2665.222
885.654	2562.444
885.974	2473.222
886.295	2417.778
886.616	2330.667
886.936	2165.778
887.257	1915.333
887.577	1640.889
887.897	1431.111
888.218	1283.889
888.538	1206.889
888.858	1169.444
889.178	1150.222
889.498	1189.778
889.818	1328.556
890.139	1577.889
890.458	1877.333
890.778	2133.667
891.098	2338.444
891.418	2469.333
891.738	2555.000
892.058	2597.111
892.377	2570.778
892.697	2451.444
893.017	2230.000
893.336	1961.333
893.656	1736.556
893.975	1565.778
894.295	1446.444
894.614	1334.000
894.933	1208.000
895.253	1102.111
895.572	1006.556
895.891	939.222
896.210	908.222
896.529	877.889
896.848	856.889
897.167	837.444
897.486	827.000
897.805	866.000
898.124	926.444
898.443	1029.333
898.762	1178.111
899.081	1348.111
899.399	1544.889
899.718	1733.000
900.036	1893.444
900.355	2028.000
900.673	2113.889
900.992	2185.667
901.310	2214.778
901.629	2163.556
901.947	2078.778
902.265	1991.222
902.583	1946.333
902.902	1937.667
903.220	1919.889
903.538	1883.667
903.856	1799.778
904.174	1700.444
904.492	1624.000
904.810	1532.000
905.128	1425.222
905.445	1303.222
905.763	1193.000
906.081	1141.667
906.398	1155.222
906.716	1212.889
907.034	1317.778
907.351	1441.444
907.669	1589.556
907.986	1758.111
908.304	1958.778
908.621	2211.778
908.938	2493.222
909.255	2741.667
909.573	2937.889
909.890	3049.444
910.207	3122.889
910.524	3170.889
910.841	3181.444
911.158	3128.333
911.475	2994.000
911.792	2804.667
912.109	2600.444
912.425	2404.889
912.742	2233.333
913.059	2055.667
913.375	1864.222
913.692	1673.333
914.009	1485.222
914.325	1323.111
914.641	1184.333
914.958	1096.333
915.274	1096.556
915.591	1167.667
915.907	1298.111
916.223	1463.333
916.539	1627.778
916.855	1791.444
917.172	1909.889
917.488	1965.333
917.804	1974.222
918.119	1935.889
918.435	1888.667
918.751	1833.111
919.067	1751.778
919.383	1644.778
919.698	1517.222
920.014	1396.889
920.330	1315.222
920.645	1249.556
920.961	1181.667
921.276	1098.222
921.592	993.000
921.907	887.889
922.223	794.556
922.538	719.222
922.853	660.889
923.168	606.556
923.483	558.778
923.799	530.000
924.114	518.000
924.429	538.000
924.744	585.333
925.059	643.222
925.373	702.778
925.688	776.889
926.003	865.333
926.318	965.556
926.632	1051.333
926.947	1140.667
927.262	1230.000
927.576	1301.778
927.891	1367.333
928.205	1424.111
928.520	1457.889
928.834	1496.889
929.148	1528.667
929.463	1566.111
929.777	1569.556
930.091	1523.667
930.405	1459.667
930.719	1385.667
931.033	1306.333
931.347	1236.000
931.661	1148.778
931.975	1044.333
932.289	942.889
932.603	872.889
932.917	853.778
933.230	904.889
933.544	1005.889
933.858	1129.444
934.171	1256.333
934.485	1394.889
934.798	1608.000
935.112	1876.333
935.425	2152.444
935.738	2394.333
936.052	2561.667
936.365	2654.000
936.678	2726.889
936.991	2766.667
937.305	2757.222
937.618	2676.000
937.931	2515.889
938.244	2309.000
938.556	2106.111
938.869	1910.222
939.182	1738.889
939.495	1565.111
939.808	1399.000
940.120	1261.333
940.433	1130.889
940.746	1008.778
941.058	910.778
941.371	819.444
941.683	744.444
941.996	706.222
942.308	698.333
942.620	737.333
942.933	806.222
943.245	869.667
943.557	937.111
943.869	992.889
944.181	1033.111
944.493	1078.778
944.805	1121.778
945.117	1156.889
945.429	1186.556
945.741	1199.333
946.053	1207.111
946.365	1209.000
946.676	1200.778
946.988	1176.556
947.300	1144.111
947.611	1090.000
947.923	1030.667
948.234	975.222
948.546	914.000
948.857	869.556
949.169	850.667
949.480	834.000
949.791	854.111
950.102	892.556
950.413	926.111
950.725	967.444
951.036	985.667
951.347	985.333
951.658	994.222
951.969	990.333
952.280	990.222
952.590	1009.778
952.901	1024.111
953.212	1062.444
953.523	1131.333
953.833	1206.333
954.144	1299.111
954.454	1371.667
954.765	1418.889
955.075	1462.222
955.386	1478.889
955.696	1484.444
956.007	1494.444
956.317	1490.333
956.627	1478.444
956.937	1472.222
957.247	1468.111
957.558	1454.333
957.868	1432.778
958.178	1388.667
958.488	1328.333
958.797	1249.333
959.107	1146.778
959.417	1040.000
959.727	941.556
960.037	850.333
960.346	792.222
960.656	773.444
960.966	789.778
961.275	838.000
961.585	930.667
961.894	1033.000
962.203	1137.111
962.513	1230.444
962.822	1300.000
963.131	1350.111
963.441	1378.000
963.750	1371.889
964.059	1336.667
964.368	1265.444
964.677	1174.556
964.986	1099.889
965.295	1044.889
965.604	1028.000
965.913	1013.000
966.221	1009.667
966.530	1009.444
966.839	1029.556
967.148	1053.667
967.456	1065.111
967.765	1062.889
968.073	1042.222
968.382	991.333
968.690	966.667
968.999	946.444
969.307	928.889
969.615	922.556
969.924	923.556
970.232	946.111
970.540	993.111
970.848	1043.111
971.156	1098.000
971.464	1151.778
971.772	1186.778
972.080	1217.667
972.388	1236.889
972.696	1228.111
973.003	1200.333
973.311	1153.667
973.619	1091.889
973.926	1024.222
974.234	952.556
974.542	880.556
974.849	813.556
975.157	754.111
975.464	706.556
975.771	680.889
976.079	659.667
976.386	644.778
976.693	638.000
977.000	621.556
977.307	598.333
977.615	575.556
977.922	539.667
978.229	503.667
978.536	469.667
978.842	438.889
979.149	417.333
979.456	406.333
979.763	409.333
980.070	426.111
980.376	459.667
980.683	504.111
980.989	553.333
981.296	604.889
981.602	657.333
981.909	704.111
982.215	748.444
982.522	789.889
982.828	820.000
983.134	841.222
983.440	856.111
983.746	855.889
984.053	854.444
984.359	853.667
984.665	841.778
984.971	829.556
985.277	823.000
985.582	812.556
985.888	803.444
986.194	805.000
986.500	817.111
986.805	836.111
987.111	857.778
987.417	881.667
987.722	905.111
988.028	931.222
988.333	959.000
988.639	982.889
988.944	999.667
989.249	1004.333
989.555	999.778
989.860	996.000
990.165	995.111
990.470	996.222
990.775	984.667
991.080	977.444
991.385	963.667
991.690	944.444
991.995	930.222
992.300	907.667
992.605	878.000
992.910	851.222
993.214	809.889
993.519	758.778
993.824	708.444
994.128	660.667
994.433	610.889
994.737	565.556
995.042	525.000
995.346	479.222
995.650	437.111
995.955	404.778
996.259	379.556
996.563	362.889
996.867	351.889
997.171	346.667
997.476	350.778
997.780	348.889
998.083	350.778
998.387	358.000
998.691	359.556
998.995	362.889
999.299	370.333
999.603	380.222
999.906	388.000
1000.210	405.889
1000.514	431.778
1000.817	456.556
1001.121	500.111
1001.424	550.333
1001.728	595.778
1002.031	645.889
1002.334	685.444
1002.638	716.444
1002.941	760.333
1003.244	805.111
1003.547	837.000
1003.850	867.889
1004.153	899.889
1004.456	921.778
1004.759	946.222
1005.062	991.333
1005.365	1030.667
1005.668	1056.667
1005.971	1100.444
1006.273	1136.000
1006.576	1151.333
1006.879	1166.778
1007.181	1174.333
1007.484	1169.444
1007.786	1168.222
1008.089	1167.444
1008.391	1141.889
1008.693	1110.333
1008.996	1085.667
1009.298	1045.889
1009.600	1010.000
1009.902	990.889
1010.204	958.556
1010.507	915.333
1010.809	886.556
1011.111	853.111
1011.412	804.778
1011.714	770.333
1012.016	741.778
1012.318	705.778
1012.620	672.889
1012.921	641.667
1013.223	596.778
1013.525	549.778
1013.826	516.889
1014.128	481.889
1014.429	449.778
1014.731	425.889
1015.032	403.889
1015.333	383.889
1015.635	373.556
1015.936	367.444
1016.237	358.111
1016.538	350.000
1016.839	345.556
1017.140	340.000
1017.441	337.778
1017.742	332.778
1018.043	328.222
1018.344	328.556
1018.645	331.889
1018.946	336.444
1019.246	345.333
1019.547	360.667
1019.848	366.778
1020.148	380.444
1020.449	399.889
1020.749	410.333
1021.050	424.000
1021.350	443.444
1021.651	459.222
1021.951	479.667
1022.251	498.111
1022.551	520.556
1022.852	528.222
1023.152	541.333
1023.452	559.667
1023.752	562.111
1024.052	576.333
1024.352	599.222
1024.652	602.556
1024.952	611.667
1025.251	627.778
1025.551	633.222
1025.851	630.111
1026.150	632.889
1026.450	636.889
1026.750	619.778
1027.049	603.444
1027.349	597.333
1027.648	577.889
1027.947	556.000
1028.247	547.667
1028.546	531.667
1028.845	510.556
1029.144	495.889
1029.444	479.444
1029.743	451.333
1030.042	425.778
1030.341	402.333
1030.640	370.667
1030.939	342.222
1031.238	321.556
1031.536	297.444
1031.835	273.444
1032.134	258.333
1032.433	245.333
1032.731	232.556
1033.030	223.444
1033.328	218.667
1033.627	211.333
1033.925	205.222
1034.224	204.889
1034.522	214.333
1034.820	219.444
1035.119	229.000
1035.417	236.889
1035.715	251.889
1036.013	269.667
1036.311	281.000
1036.609	302.556
1036.907	325.222
1037.205	332.222
1037.503	344.222
1037.801	363.444
1038.099	377.444
1038.397	379.111
1038.694	387.667
1038.992	402.222
1039.290	397.667
1039.587	393.222
1039.885	400.778
1040.182	400.000
1040.479	388.889
1040.777	391.778
1041.074	398.222
1041.372	389.333
1041.669	385.111
1041.966	391.889
1042.263	388.778
1042.560	386.889
1042.857	397.333
1043.154	403.000
1043.451	399.667
1043.748	405.444
1044.045	412.889
1044.342	410.000
1044.639	405.000
1044.935	406.889
1045.232	394.333
1045.529	374.667
1045.825	365.556
1046.122	351.111
1046.418	327.000
1046.715	313.444
1047.011	302.111
1047.308	287.667
1047.604	272.556
1047.900	264.222
1048.197	252.000
1048.493	235.556
1048.789	227.111
1049.085	218.444
1049.381	204.667
1049.677	193.444
1049.973	183.556
1050.269	173.444
1050.565	164.000
1050.860	161.556
1051.156	156.222
1051.452	149.000
1051.748	145.778
1052.043	143.333
1052.339	141.222
1052.634	144.333
1052.930	147.556
1053.225	151.444
1053.521	153.333
1053.816	164.333
1054.111	178.000
1054.407	187.889
1054.702	206.667
1054.997	233.556
1055.292	251.111
1055.587	272.000
1055.882	303.778
1056.177	332.889
1056.472	350.556
1056.767	377.444
1057.062	412.667
1057.357	434.778
1057.651	447.556
1057.946	481.333
1058.241	500.000
1058.535	498.333
1058.830	514.889
1059.124	541.667
1059.419	540.111
1059.713	541.222
1060.008	552.556
1060.302	553.111
1060.596	531.222
1060.890	530.333
1061.185	538.889
1061.479	517.556
1061.773	495.000
1062.067	495.333
1062.361	475.444
1062.655	445.778
1062.949	438.000
1063.243	432.000
1063.536	406.556
1063.830	378.889
1064.124	369.778
1064.418	350.222
1064.711	319.889
1065.005	301.556
1065.298	286.111
1065.592	254.889
1065.885	226.667
1066.179	209.667
1066.472	192.556
1066.765	170.444
1067.058	154.556
1067.352	143.333
1067.645	130.333
1067.938	116.333
1068.231	109.000
1068.524	104.556
1068.817	99.333
1069.110	96.444
1069.403	94.556
1069.696	92.444
1069.989	90.889
1070.281	91.556
1070.574	93.000
1070.867	94.889
1071.159	96.556
1071.452	99.111
1071.744	101.222
1072.037	103.111
1072.329	107.889
1072.622	111.444
1072.914	113.556
1073.206	117.444
1073.498	122.000
1073.791	126.778
1074.083	129.667
1074.375	136.111
1074.667	140.333
1074.959	141.333
1075.251	144.556
1075.543	149.222
1075.835	150.444
1076.126	150.222
1076.418	151.889
1076.710	155.222
1077.002	154.111
1077.293	156.889
1077.585	163.889
1077.876	165.111
1078.168	164.111
1078.459	168.333
1078.751	171.111
1079.042	168.889
1079.333	169.000
1079.625	169.333
1079.916	165.889
1080.207	160.222
1080.498	159.222
1080.789	159.778
1081.080	155.889
1081.371	152.778
1081.662	153.222
1081.953	150.556
1082.244	144.889
1082.535	142.444
1082.826	139.222
1083.116	133.333
1083.407	127.111
1083.698	121.000
1083.988	115.778
1084.279	108.667
1084.569	101.333
1084.859	97.556
1085.150	92.667
1085.440	87.667
1085.730	84.444
1086.021	81.889
1086.311	79.778
1086.601	78.444
1086.891	77.444
1087.181	76.444
1087.471	75.667
1087.761	75.000
1088.051	76.111
1088.341	76.333
1088.631	77.889
1088.921	80.000
1089.210	80.778
1089.500	81.111
1089.790	82.667
1090.079	84.111
1090.369	85.889
1090.658	86.667
1090.948	89.000
1091.237	88.889
1091.526	88.000
1091.816	89.333
1092.105	91.667
1092.394	93.778
1092.683	93.556
1092.973	94.111
1093.262	94.333
1093.551	92.000
1093.840	91.444
1094.129	92.222
1094.417	91.889
1094.706	91.889
1094.995	90.667
1095.284	90.556
1095.573	89.778
1095.861	87.889
1096.150	88.556
1096.438	89.556
1096.727	88.111
1097.016	85.444
1097.304	83.222
1097.592	82.222
1097.881	80.778
1098.169	79.778
1098.457	80.667
1098.745	80.333
1099.034	78.000
1099.322	79.778
