520.430	0.000
520.800	0.000
521.169	49.000
521.539	54.000
521.909	54.000
522.278	74.000
522.648	61.000
523.017	66.000
523.387	65.000
523.756	53.000
524.125	58.000
524.494	69.000
524.864	56.000
525.233	63.000
525.602	64.000
525.971	62.000
526.340	61.000
526.709	59.000
527.078	57.000
527.447	68.000
527.816	77.556
528.185	145.111
528.553	217.889
528.922	303.444
529.291	403.889
529.659	538.000
530.028	699.000
530.396	893.222
530.765	1104.889
531.133	1320.222
531.502	1498.111
531.870	1649.111
532.238	1798.778
532.606	1954.667
532.975	2064.556
533.343	2120.667
533.711	2120.556
534.079	2083.111
534.447	2001.778
534.815	1887.778
535.183	1773.222
535.551	1625.444
535.919	1439.333
536.286	1255.111
536.654	1093.778
537.022	955.222
537.389	836.111
537.757	747.222
538.125	693.333
538.492	670.889
538.859	687.222
539.227	767.222
539.594	893.000
539.961	1056.000
540.329	1260.444
540.696	1499.111
541.063	1745.111
541.430	2010.778
541.797	2283.667
542.164	2545.222
542.531	2742.111
542.898	2903.778
543.265	3026.667
543.632	3048.000
543.999	3013.000
544.366	2898.778
544.732	2689.111
545.099	2435.333
545.466	2145.778
545.832	1854.222
546.199	1552.222
546.565	1251.222
546.932	1016.889
547.298	810.222
547.664	687.111
548.031	648.444
548.397	647.222
548.763	720.444
549.129	829.000
549.495	974.889
549.861	1154.778
550.227	1391.778
550.593	1594.444
550.959	1791.222
551.325	1994.889
551.691	2203.444
552.057	2335.111
552.422	2440.222
552.788	2474.222
553.154	2420.222
553.519	2282.889
553.885	2144.333
554.250	1953.222
554.616	1714.556
554.981	1459.222
555.347	1232.889
555.712	1028.000
556.077	883.444
556.443	837.111
556.808	827.444
557.173	864.889
557.538	982.444
557.903	1114.778
558.268	1279.444
558.633	1449.333
558.998	1584.889
559.363	1694.778
559.727	1735.000
560.092	1730.778
560.457	1687.778
560.822	1615.000
561.186	1536.333
561.551	1429.667
561.915	1324.556
562.280	1220.778
562.644	1116.778
563.009	1045.333
563.373	986.222
563.737	946.444
564.102	897.333
564.466	846.889
564.830	808.889
565.194	778.778
565.558	776.000
565.922	797.444
566.286	860.667
566.650	964.778
567.014	1086.333
567.378	1261.222
567.741	1422.333
568.105	1586.000
568.469	1761.778
568.833	1896.778
569.196	2029.222
569.560	2108.444
569.923	2126.556
570.287	2131.889
570.650	2050.222
571.013	1947.556
571.377	1820.111
571.740	1658.778
572.103	1493.889
572.466	1307.778
572.830	1121.222
573.193	969.000
573.556	821.778
573.919	713.889
574.282	661.667
574.645	638.778
575.007	653.778
575.370	743.556
575.733	884.667
576.096	1065.000
576.458	1286.333
576.821	1551.556
577.184	1802.778
577.546	2065.222
577.909	2331.222
578.271	2517.444
578.633	2670.667
578.996	2754.556
579.358	2749.889
579.720	2703.889
580.083	2548.889
580.445	2388.778
580.807	2186.556
581.169	1937.333
581.531	1744.222
581.893	1558.556
582.255	1384.667
582.617	1292.667
582.979	1210.444
583.340	1197.111
583.702	1223.444
584.064	1270.778
584.425	1336.444
584.787	1394.000
585.149	1434.333
585.510	1493.444
585.872	1538.333
586.233	1537.444
586.594	1558.000
586.956	1534.778
587.317	1508.889
587.678	1498.000
588.039	1463.444
588.401	1439.556
588.762	1412.667
589.123	1368.556
589.484	1371.222
589.845	1311.000
590.206	1235.333
590.566	1161.111
590.927	1055.333
591.288	979.667
591.649	886.667
592.009	784.556
592.370	697.778
592.731	595.667
593.091	534.556
593.452	517.889
593.812	516.556
594.172	555.889
594.533	600.222
594.893	668.444
595.253	744.667
595.614	806.000
595.974	876.556
596.334	940.222
596.694	975.556
597.054	996.333
597.414	976.667
597.774	957.556
598.134	926.778
598.494	885.667
598.853	855.444
599.213	804.778
599.573	737.444
599.932	685.111
600.292	619.889
600.652	580.667
601.011	533.333
601.371	490.222
601.730	473.889
602.089	468.222
602.449	496.556
602.808	539.333
603.167	598.333
603.526	694.333
603.886	769.778
604.245	879.889
604.604	962.222
604.963	1040.000
605.322	1104.444
605.681	1151.000
606.040	1188.333
606.398	1188.111
606.757	1160.444
607.116	1147.333
607.475	1086.778
607.833	1065.333
608.192	1015.333
608.550	968.889
608.909	928.667
609.267	891.444
609.626	894.111
609.984	873.222
610.342	869.333
610.701	882.889
611.059	879.333
611.417	900.222
611.775	895.889
612.133	899.778
612.491	892.889
612.849	909.333
613.207	974.778
613.565	1049.889
613.923	1166.667
614.281	1250.222
614.638	1333.556
614.996	1418.000
615.354	1481.889
615.711	1534.667
616.069	1522.556
616.427	1495.333
616.784	1417.222
617.141	1309.889
617.499	1208.333
617.856	1100.556
618.213	1001.556
618.571	900.889
618.928	844.778
619.285	804.667
619.642	774.444
619.999	759.556
620.356	741.889
620.713	755.444
621.070	769.556
621.427	826.333
621.784	869.778
622.141	933.333
622.497	996.778
622.854	1077.889
623.211	1180.556
623.567	1267.111
623.924	1384.000
624.280	1483.889
624.637	1589.667
624.993	1649.000
625.349	1682.889
625.706	1688.556
626.062	1683.889
626.418	1649.222
626.774	1581.778
627.131	1480.000
627.487	1365.889
627.843	1228.778
628.199	1128.667
628.555	1029.222
628.911	942.444
629.266	833.556
629.622	746.111
629.978	716.000
630.334	699.000
630.689	712.778
631.045	726.556
631.401	754.889
631.756	799.889
632.112	854.556
632.467	928.000
632.822	979.222
633.178	1011.556
633.533	1034.556
633.888	1073.556
634.243	1108.000
634.599	1149.556
634.954	1167.333
635.309	1173.111
635.664	1151.889
636.019	1123.667
636.374	1094.778
636.729	1042.556
637.083	967.333
637.438	875.556
637.793	792.889
638.148	698.556
638.502	626.667
638.857	557.444
639.211	507.889
639.566	457.333
639.920	423.111
640.275	395.000
640.629	374.667
640.983	361.333
641.338	349.111
641.692	346.222
642.046	337.556
642.400	340.333
642.754	341.444
643.108	353.778
643.462	378.111
643.816	406.556
644.170	439.000
644.524	470.889
644.878	506.556
645.232	537.444
645.585	583.444
645.939	618.444
646.293	661.556
646.646	683.111
647.000	720.444
647.353	736.778
647.707	778.000
648.060	803.556
648.413	856.556
648.767	889.222
649.120	939.111
649.473	966.222
649.826	997.889
650.179	1015.444
650.533	1024.111
650.885	1001.778
651.239	971.222
651.591	932.889
651.944	875.778
652.297	806.000
652.650	731.667
653.003	659.333
653.355	573.444
653.708	507.778
654.061	456.111
654.413	432.778
654.766	401.556
655.118	408.333
655.471	432.444
655.823	510.778
656.175	587.333
656.528	719.444
656.880	820.333
657.232	939.778
657.584	1019.222
657.936	1141.222
658.288	1218.444
658.640	1303.333
658.992	1310.889
659.344	1320.111
659.696	1239.778
660.048	1179.556
660.400	1068.778
660.751	977.333
661.103	840.667
661.455	740.111
661.806	619.667
662.158	539.444
662.509	450.333
662.861	414.778
663.212	389.333
663.563	414.000
663.915	442.667
664.266	483.222
664.617	506.667
664.968	547.889
665.319	597.556
665.670	689.778
666.021	769.889
666.372	885.222
666.723	963.667
667.074	1068.111
667.425	1142.667
667.776	1235.667
668.127	1285.000
668.477	1331.333
668.828	1333.667
669.179	1345.000
669.529	1296.222
669.880	1252.556
670.230	1156.111
670.581	1055.667
670.931	929.556
671.281	834.333
671.632	722.667
671.982	616.444
672.332	502.778
672.682	413.556
673.032	339.333
673.382	289.778
673.732	266.333
674.082	253.778
674.432	241.667
674.782	249.000
675.132	281.000
675.482	318.556
675.831	378.000
676.181	425.778
676.531	514.889
676.880	578.556
677.230	650.000
677.579	699.778
677.929	748.667
678.278	789.667
678.628	811.111
678.977	806.556
679.326	785.000
679.675	721.444
680.024	672.000
680.374	613.444
680.723	570.000
681.072	518.222
681.421	457.667
681.770	437.778
682.119	423.333
682.467	462.111
682.816	508.556
683.165	557.111
683.514	607.889
683.862	659.000
684.211	735.000
684.559	786.222
684.908	830.444
685.256	843.556
685.605	838.667
685.953	819.556
686.302	824.444
686.650	808.333
686.998	794.222
687.346	753.556
687.694	744.000
688.043	729.000
688.391	737.556
688.739	755.556
689.087	769.333
689.435	776.556
689.782	770.444
690.130	757.444
690.478	729.111
690.826	680.556
691.173	611.556
691.521	544.000
691.869	458.556
692.216	400.333
692.564	348.444
692.911	336.333
693.259	352.556
693.606	364.333
693.953	382.222
694.300	398.444
694.648	407.778
694.995	411.333
695.342	413.556
695.689	407.444
696.036	392.889
696.383	365.333
696.730	342.111
697.077	325.889
697.424	314.444
697.771	318.111
698.117	331.000
698.464	331.778
698.811	331.333
699.157	334.444
699.504	340.889
699.850	359.778
700.197	393.667
700.543	442.444
700.890	502.778
701.236	585.444
701.582	672.556
701.929	818.111
702.275	981.111
702.621	1174.778
702.967	1355.000
703.313	1445.222
703.659	1535.222
704.005	1566.556
704.351	1581.333
704.697	1567.444
705.043	1483.000
705.388	1372.667
705.734	1178.444
706.080	986.556
706.426	861.667
706.771	730.333
707.117	637.889
707.462	537.667
707.808	472.222
708.153	419.111
708.498	387.444
708.844	391.444
709.189	416.111
709.534	436.556
709.879	448.556
710.225	475.000
710.570	486.111
710.915	504.444
711.260	516.444
711.605	536.333
711.950	567.778
712.294	593.556
712.639	640.222
712.984	686.000
713.329	750.889
713.673	805.222
714.018	847.222
714.363	876.778
714.707	862.222
715.052	848.333
715.396	815.444
715.740	764.889
716.085	715.444
716.429	627.889
716.773	563.556
717.117	490.000
717.462	436.889
717.806	410.778
718.150	391.444
718.494	403.000
718.838	414.889
719.182	434.778
719.526	465.667
719.869	501.667
720.213	560.889
720.557	601.778
720.901	653.222
721.244	686.778
721.588	717.778
721.932	776.333
722.275	806.444
722.618	869.000
722.962	887.444
723.305	897.667
723.649	909.222
723.992	886.111
724.335	866.222
724.678	823.000
725.021	745.000
725.365	687.222
725.708	583.889
726.051	522.333
726.393	454.556
726.736	394.556
727.079	362.667
727.422	322.778
727.765	303.111
728.108	297.333
728.450	313.667
728.793	359.556
729.135	388.778
729.478	445.556
729.820	487.000
730.163	512.222
730.505	551.778
730.848	559.333
731.190	559.889
731.532	537.444
731.874	494.444
732.217	471.000
732.559	423.111
732.901	395.222
733.243	379.667
733.585	350.222
733.927	342.222
734.269	335.444
734.610	326.111
734.952	319.111
735.294	302.333
735.636	279.333
735.977	250.667
736.319	219.778
736.660	205.667
737.002	198.444
737.343	203.111
737.685	226.000
738.026	249.111
738.368	284.667
738.709	332.222
739.050	370.000
739.391	409.111
739.732	433.111
740.073	438.222
740.415	433.333
740.756	411.000
741.096	386.889
741.437	354.889
741.778	314.889
742.119	293.333
742.460	267.000
742.801	251.000
743.141	257.111
743.482	258.111
743.823	262.222
744.163	265.556
744.504	267.556
744.844	279.556
745.184	286.889
745.525	290.222
745.865	300.889
746.205	300.667
746.545	303.778
746.886	309.556
747.226	312.000
747.566	324.778
747.906	336.000
748.246	342.889
748.586	380.111
748.926	409.222
749.266	440.667
749.605	483.556
749.945	506.222
750.285	519.889
750.624	520.444
750.964	502.111
751.304	483.667
751.643	440.444
751.983	389.667
752.322	338.333
752.661	280.778
753.001	242.111
753.340	222.444
753.679	208.111
754.018	198.667
754.358	194.222
754.697	191.333
755.036	195.333
755.375	206.556
755.714	218.222
756.053	227.889
756.392	239.556
756.730	247.444
757.069	259.333
757.408	275.889
757.747	285.000
758.085	292.111
758.424	302.222
758.762	303.889
759.101	311.000
759.439	314.889
759.778	313.333
760.116	309.444
760.454	295.667
760.793	283.333
761.131	274.667
761.469	255.556
761.807	241.889
762.145	232.444
762.483	219.222
762.821	214.000
763.159	222.556
763.497	231.889
763.835	243.222
764.173	255.000
764.510	261.667
764.848	269.556
765.186	275.333
765.523	279.111
765.861	278.556
766.198	273.000
766.536	265.556
766.873	260.111
767.211	266.000
767.548	279.222
767.885	294.556
768.223	323.111
768.560	347.333
768.897	360.778
769.234	373.111
769.571	382.667
769.908	389.222
770.245	388.556
770.582	388.000
770.919	378.333
771.256	354.556
771.593	338.111
771.929	331.667
772.266	330.333
772.603	340.222
772.939	348.889
773.276	357.889
773.612	364.778
773.949	368.667
774.285	367.000
774.622	363.000
774.958	354.778
775.294	331.889
775.630	304.556
775.966	280.111
776.303	248.000
776.639	222.778
776.975	209.222
777.311	203.556
777.647	206.889
777.983	221.778
778.318	258.556
778.654	304.333
778.990	338.000
779.326	367.667
779.661	398.556
779.997	425.444
780.333	441.333
780.668	456.222
781.004	468.111
781.339	459.778
781.674	447.667
782.010	444.000
782.345	444.778
782.680	441.222
783.016	440.333
783.351	438.000
783.686	434.000
784.021	430.778
784.356	421.000
784.691	402.889
785.026	388.889
785.361	369.889
785.695	348.556
786.030	333.667
786.365	321.778
786.700	308.556
787.034	311.889
787.369	339.667
787.703	371.778
788.038	424.889
788.372	493.000
788.707	545.333
789.041	588.111
789.376	642.778
789.710	686.889
790.044	704.444
790.378	713.444
790.712	707.444
791.046	674.667
791.380	643.778
791.714	639.556
792.048	628.444
792.382	621.222
792.716	631.000
793.050	631.556
793.384	609.778
793.718	597.111
794.051	586.333
794.385	557.111
794.718	520.889
795.052	500.556
795.385	474.889
795.719	443.667
796.052	443.556
796.386	488.889
796.719	546.222
797.052	608.667
797.385	696.667
797.719	796.444
798.052	879.556
798.385	965.111
798.718	1088.000
799.051	1201.556
799.384	1249.222
799.716	1266.000
800.049	1277.000
800.382	1257.222
800.715	1224.000
801.048	1200.000
801.380	1168.333
801.713	1086.444
802.045	985.556
802.378	901.444
802.710	826.889
803.043	753.778
803.375	693.000
803.707	630.000
804.040	567.889
804.372	504.000
804.704	450.889
805.036	425.778
805.368	436.667
805.700	465.000
806.032	499.778
806.364	553.889
806.696	627.444
807.028	702.222
807.360	791.889
807.692	896.556
808.023	1004.111
808.355	1111.111
808.687	1205.556
809.018	1269.222
809.350	1292.667
809.681	1291.444
810.013	1283.444
810.344	1257.111
810.676	1199.111
811.007	1109.333
811.338	995.444
811.669	882.222
812.001	804.556
812.332	773.444
812.663	776.333
812.994	774.111
813.325	777.556
813.656	821.000
813.987	886.333
814.317	929.333
814.648	964.333
814.979	993.333
815.310	985.444
815.640	936.222
815.971	917.000
816.301	930.222
816.632	927.556
816.962	927.778
817.293	987.444
817.623	1063.667
817.954	1114.444
818.284	1162.889
818.614	1231.333
818.944	1266.111
819.274	1238.889
819.605	1181.333
819.935	1108.444
820.265	997.778
820.595	879.778
820.924	792.556
821.254	743.667
821.584	703.778
821.914	674.778
822.244	693.444
822.573	787.000
822.903	911.222
823.233	1042.111
823.562	1220.111
823.892	1445.444
824.221	1615.333
824.550	1692.778
824.880	1758.000
825.209	1830.444
825.538	1842.556
825.868	1804.333
826.197	1785.778
826.526	1779.778
826.855	1718.444
827.184	1642.333
827.513	1650.444
827.842	1698.111
828.171	1693.778
828.500	1643.444
828.828	1583.444
829.157	1493.556
829.486	1333.222
829.815	1160.667
830.143	1028.333
830.472	893.444
830.800	742.333
831.129	614.333
831.457	557.444
831.786	591.222
832.114	688.000
832.442	781.556
832.770	876.444
833.099	1022.333
833.427	1193.778
833.755	1328.333
834.083	1436.444
834.411	1565.556
834.739	1705.778
835.067	1778.667
835.395	1813.778
835.723	1874.889
836.050	1938.222
836.378	1951.333
836.706	1924.444
837.033	1894.889
837.361	1846.667
837.689	1728.556
838.016	1580.444
838.344	1465.111
838.671	1331.667
838.998	1147.667
839.326	968.778
839.653	852.000
839.980	772.111
840.307	675.667
840.634	578.222
840.961	521.889
841.289	505.000
841.615	536.667
841.942	598.222
842.269	665.444
842.596	744.222
842.923	910.556
843.250	1181.111
843.576	1456.111
843.903	1670.444
844.230	1898.333
844.556	2195.667
844.883	2462.889
845.209	2627.889
845.536	2713.778
845.862	2727.667
846.188	2656.222
846.515	2527.000
846.841	2396.667
847.167	2206.333
847.493	1904.333
847.819	1611.000
848.146	1420.778
848.472	1306.111
848.798	1214.000
849.123	1142.222
849.449	1105.556
849.775	1083.222
850.101	1075.222
850.427	1093.778
850.752	1146.000
851.078	1195.444
851.404	1218.778
851.729	1231.889
852.055	1271.889
852.380	1383.222
852.706	1502.667
853.031	1598.889
853.356	1726.556
853.682	1903.444
854.007	2087.444
854.332	2203.778
854.657	2227.444
854.982	2204.778
855.307	2148.000
855.632	2103.111
855.957	2036.222
856.282	1885.444
856.607	1647.889
856.932	1430.000
857.256	1297.111
857.581	1202.333
857.906	1090.889
858.230	989.556
858.555	931.333
858.880	918.333
859.204	899.222
859.529	878.778
859.853	865.222
860.177	885.111
860.502	924.111
860.826	948.778
861.150	996.444
861.474	1122.000
861.798	1305.222
862.122	1469.556
862.446	1557.111
862.770	1605.444
863.094	1627.778
863.418	1645.444
863.742	1643.667
864.066	1563.000
864.389	1389.556
864.713	1183.333
865.037	1039.444
865.360	965.889
865.684	895.667
866.008	834.889
866.331	809.778
866.654	840.111
866.978	894.556
867.301	924.667
867.624	936.778
867.948	944.889
868.271	979.000
868.594	1025.778
868.917	1051.444
869.240	1051.556
869.563	1067.889
869.886	1205.333
870.209	1450.667
870.532	1684.222
870.855	1849.556
871.177	2012.889
871.500	2262.111
871.823	2542.556
872.145	2747.444
872.468	2806.111
872.791	2697.222
873.113	2507.444
873.435	2348.444
873.758	2242.889
874.080	2089.000
874.402	1818.778
874.725	1535.778
875.047	1353.333
875.369	1295.444
875.691	1281.000
876.013	1234.333
876.335	1175.000
876.657	1145.111
876.979	1182.000
877.301	1235.000
877.623	1252.333
877.945	1219.111
878.266	1168.667
878.588	1161.000
878.910	1242.222
879.231	1357.556
879.553	1455.111
879.875	1516.667
880.196	1645.333
880.517	1889.667
880.839	2208.444
881.160	2488.111
881.481	2662.111
881.803	2720.667
882.124	2740.667
882.445	2742.556
882.766	2698.444
883.087	2550.444
883.408	2273.889
883.729	1938.556
884.050	1632.000
884.371	1396.111
884.692	1212.778
885.012	1027.222
885.333	850.111
885.654	712.889
885.974	629.556
886.295	606.222
886.616	598.889
886.936	598.333
887.257	593.333
887.577	602.111
887.897	645.889
888.218	711.000
888.538	798.000
888.858	876.222
889.178	931.111
889.498	983.889
889.818	1045.889
890.139	1138.889
890.458	1242.778
890.778	1326.000
891.098	1375.444
891.418	1375.111
891.738	1360.889
892.058	1351.444
892.377	1337.556
892.697	1309.444
893.017	1250.111
893.336	1172.556
893.656	1100.111
893.975	1052.889
894.295	1036.444
894.614	1033.000
894.933	1030.556
895.253	1035.444
895.572	1041.889
895.891	1073.222
896.210	1147.556
896.529	1253.000
896.848	1370.000
897.167	1478.333
897.486	1578.444
897.805	1701.111
898.124	1855.111
898.443	2045.889
898.762	2213.556
899.081	2304.222
899.399	2315.111
899.718	2287.667
900.036	2258.000
900.355	2226.333
900.673	2159.556
900.992	2055.444
901.310	1905.222
901.629	1747.111
901.947	1617.778
902.265	1521.111
902.583	1446.222
902.902	1377.667
903.220	1309.111
903.538	1238.444
903.856	1144.667
904.174	1055.778
904.492	986.667
904.810	927.111
905.128	895.889
905.445	888.778
905.763	919.556
906.081	1000.889
906.398	1143.111
906.716	1316.556
907.034	1503.778
907.351	1666.222
907.669	1805.000
907.986	1895.111
908.304	1940.111
908.621	1944.222
908.938	1909.444
909.255	1811.333
909.573	1683.889
909.890	1514.778
910.207	1344.111
910.524	1179.778
910.841	1034.778
911.158	906.222
911.475	785.111
911.792	678.556
912.109	591.444
912.425	523.000
912.742	499.222
913.059	497.667
913.375	515.111
913.692	559.222
914.009	610.444
914.325	677.889
914.641	744.444
914.958	820.222
915.274	927.667
915.591	1050.000
915.907	1197.111
916.223	1348.778
916.539	1453.000
916.855	1527.889
917.172	1561.667
917.488	1557.111
917.804	1541.667
918.119	1486.667
918.435	1414.222
918.751	1324.000
919.067	1223.889
919.383	1158.889
919.698	1111.778
920.014	1071.778
920.330	1054.778
920.645	1038.889
920.961	1035.667
921.276	1042.556
921.592	1037.556
921.907	1027.889
922.223	1002.889
922.538	973.444
922.853	963.111
923.168	964.556
923.483	970.889
923.799	1003.556
924.114	1061.556
924.429	1161.111
924.744	1284.333
925.059	1405.222
925.373	1531.000
925.688	1682.111
926.003	1861.333
926.318	2066.444
926.632	2244.889
926.947	2366.222
927.262	2405.222
927.576	2373.556
927.891	2307.889
928.205	2220.111
928.520	2087.222
928.834	1915.667
929.148	1707.778
929.463	1475.000
929.777	1240.444
930.091	1039.889
930.405	886.000
930.719	779.667
931.033	697.333
931.347	640.333
931.661	609.111
931.975	614.222
932.289	685.444
932.603	806.222
932.917	940.667
933.230	1080.667
933.544	1200.333
933.858	1292.333
934.171	1366.778
934.485	1415.000
934.798	1444.778
935.112	1449.556
935.425	1426.667
935.738	1396.111
936.052	1353.556
936.365	1299.000
936.678	1264.556
936.991	1230.444
937.305	1187.222
937.618	1139.889
937.931	1067.222
938.244	981.889
938.556	902.556
938.869	826.444
939.182	769.778
939.495	732.222
939.808	699.333
940.120	680.444
940.433	661.333
940.746	643.333
941.058	642.556
941.371	659.222
941.683	697.778
941.996	769.333
942.308	834.444
942.620	897.667
942.933	958.222
943.245	990.222
943.557	1013.444
943.869	1022.000
944.181	1002.444
944.493	971.000
944.805	927.333
945.117	884.889
945.429	863.667
945.741	851.556
946.053	850.667
946.365	852.778
946.676	842.333
946.988	824.556
947.300	799.667
947.611	754.333
947.923	700.889
948.234	637.778
948.546	568.556
948.857	508.444
949.169	462.444
949.480	429.556
949.791	427.000
950.102	444.444
950.413	477.222
950.725	527.889
951.036	578.333
951.347	633.222
951.658	710.556
951.969	799.222
952.280	910.333
952.590	1034.000
952.901	1157.000
953.212	1278.111
953.523	1391.000
953.833	1479.222
954.144	1542.667
954.454	1562.556
954.765	1536.222
955.075	1474.889
955.386	1381.889
955.696	1262.889
956.007	1141.556
956.317	1021.778
956.627	911.000
956.937	829.444
957.247	773.222
957.558	735.444
957.868	717.667
958.178	701.444
958.488	690.000
958.797	676.333
959.107	649.556
959.417	631.222
959.727	614.778
960.037	595.333
960.346	595.667
960.656	608.556
960.966	630.556
961.275	664.333
961.585	714.222
961.894	768.333
962.203	824.222
962.513	878.333
962.822	919.444
963.131	943.667
963.441	945.444
963.750	926.000
964.059	897.778
964.368	854.444
964.677	798.222
964.986	746.556
965.295	687.222
965.604	650.556
965.913	607.889
966.221	572.556
966.530	548.778
966.839	543.000
967.148	550.556
967.456	570.778
967.765	592.667
968.073	612.111
968.382	607.778
968.690	624.000
968.999	639.556
969.307	647.222
969.615	654.667
969.924	652.333
970.232	651.222
970.540	667.222
970.848	688.556
971.156	715.444
971.464	756.444
971.772	800.889
972.080	855.333
972.388	918.222
972.696	977.000
973.003	1024.556
973.311	1063.444
973.619	1083.444
973.926	1098.667
974.234	1100.778
974.542	1085.889
974.849	1057.111
975.157	1016.778
975.464	964.556
975.771	922.111
976.079	879.889
976.386	846.889
976.693	822.111
977.000	803.333
977.307	787.222
977.615	782.000
977.922	773.000
978.229	773.333
978.536	776.889
978.842	777.667
979.149	785.778
979.456	795.333
979.763	794.889
980.070	798.333
980.376	803.000
980.683	804.222
980.989	801.889
981.296	795.000
981.602	781.000
981.909	761.556
982.215	741.444
982.522	727.444
982.828	711.444
983.134	693.333
983.440	678.667
983.746	665.000
984.053	655.222
984.359	652.111
984.665	640.000
984.971	623.222
985.277	606.333
985.582	589.444
985.888	577.000
986.194	576.444
986.500	578.111
986.805	576.333
987.111	584.444
987.417	604.667
987.722	631.889
988.028	673.444
988.333	723.111
988.639	763.222
988.944	794.444
989.249	825.333
989.555	850.667
989.860	868.222
990.165	881.000
990.470	888.667
990.775	877.444
991.080	864.556
991.385	849.333
991.690	830.444
991.995	814.222
992.300	800.333
992.605	788.889
992.910	791.000
993.214	785.222
993.519	776.222
993.824	772.222
994.128	770.667
994.433	773.556
994.737	779.444
995.042	778.222
995.346	759.111
995.650	736.556
995.955	715.778
996.259	685.556
996.563	657.444
996.867	630.889
997.171	592.778
997.476	557.889
997.780	530.556
998.083	507.444
998.387	485.333
998.691	471.444
998.995	460.556
999.299	441.222
999.603	428.000
999.906	409.889
1000.210	387.333
1000.514	367.333
1000.817	348.333
1001.121	331.000
1001.424	317.889
1001.728	312.222
1002.031	309.556
1002.334	306.444
1002.638	307.000
1002.941	312.778
1003.244	322.667
1003.547	331.889
1003.850	340.222
1004.153	346.556
1004.456	347.333
1004.759	353.222
1005.062	366.889
1005.365	382.889
1005.668	405.222
1005.971	437.000
1006.273	462.778
1006.576	491.667
1006.879	530.556
1007.181	564.444
1007.484	599.111
1007.786	642.222
1008.089	678.333
1008.391	700.000
1008.693	719.000
1008.996	740.111
1009.298	743.000
1009.600	741.667
1009.902	744.667
1010.204	732.667
1010.507	710.333
1010.809	696.111
1011.111	672.111
1011.412	642.667
1011.714	619.111
1012.016	599.222
1012.318	576.444
1012.620	560.667
1012.921	541.222
1013.223	516.667
1013.525	498.667
1013.826	488.444
1014.128	472.778
1014.429	461.000
1014.731	451.778
1015.032	436.222
1015.333	416.889
1015.635	406.778
1015.936	393.778
1016.237	374.444
1016.538	358.222
1016.839	342.333
1017.140	324.556
1017.441	307.778
1017.742	290.556
1018.043	273.667
1018.344	258.222
1018.645	247.000
1018.946	236.000
1019.246	227.111
1019.547	221.111
1019.848	211.556
1020.148	207.444
1020.449	208.667
1020.749	208.556
1021.050	212.778
1021.350	218.333
1021.651	220.778
1021.951	227.333
1022.251	237.889
1022.551	246.556
1022.852	253.111
1023.152	264.778
1023.452	278.111
1023.752	286.333
1024.052	303.889
1024.352	328.111
1024.652	344.000
1024.952	370.778
1025.251	403.333
1025.551	423.556
1025.851	446.556
1026.150	479.556
1026.450	505.667
1026.750	520.333
1027.049	545.111
1027.349	567.111
1027.648	571.333
1027.947	583.778
1028.247	610.889
1028.546	618.111
1028.845	620.889
1029.144	635.000
1029.444	635.778
1029.743	621.111
1030.042	618.556
1030.341	610.889
1030.640	585.000
1030.939	564.889
1031.238	552.111
1031.536	526.222
1031.835	503.000
1032.134	494.000
1032.433	477.000
1032.731	457.778
1033.030	449.889
1033.328	440.111
1033.627	421.333
1033.925	410.667
1034.224	402.556
1034.522	391.778
1034.820	376.667
1035.119	367.111
1035.417	348.889
1035.715	329.222
1036.013	317.111
1036.311	301.556
1036.609	280.444
1036.907	264.778
1037.205	245.111
1037.503	228.333
1037.801	217.000
1038.099	210.556
1038.397	199.667
1038.694	192.000
1038.992	190.000
1039.290	188.333
1039.587	185.222
1039.885	188.444
1040.182	191.778
1040.479	192.333
1040.777	199.778
1041.074	212.000
1041.372	219.000
1041.669	227.778
1041.966	244.333
1042.263	255.889
1042.560	265.444
1042.857	283.333
1043.154	299.444
1043.451	309.333
1043.748	327.000
1044.045	347.333
1044.342	357.444
1044.639	365.889
1044.935	386.000
1045.232	397.333
1045.529	397.778
1045.825	407.333
1046.122	414.333
1046.418	407.333
1046.715	407.111
1047.011	413.444
1047.308	410.000
1047.604	401.444
1047.900	402.667
1048.197	402.444
1048.493	388.222
1048.789	380.111
1049.085	375.444
1049.381	359.222
1049.677	341.222
1049.973	329.000
1050.269	313.111
1050.565	291.889
1050.860	279.667
1051.156	270.111
1051.452	253.444
1051.748	239.667
1052.043	230.667
1052.339	220.778
1052.634	210.333
1052.930	201.111
1053.225	191.222
1053.521	177.333
1053.816	168.111
1054.111	163.889
1054.407	156.333
1054.702	151.111
1054.997	147.889
1055.292	143.556
1055.587	140.222
1055.882	140.778
1056.177	142.000
1056.472	143.778
1056.767	149.000
1057.062	157.111
1057.357	160.778
1057.651	166.889
1057.946	178.889
1058.241	188.000
1058.535	193.889
1058.830	210.222
1059.124	225.333
1059.419	229.444
1059.713	240.000
1060.008	257.000
1060.302	266.889
1060.596	269.000
1060.890	280.444
1061.185	292.556
1061.479	287.889
1061.773	286.444
1062.067	296.111
1062.361	293.111
1062.655	283.000
1062.949	286.667
1063.243	290.222
1063.536	283.000
1063.830	278.556
1064.124	285.444
1064.418	282.667
1064.711	272.556
1065.005	269.889
1065.298	268.889
1065.592	253.333
1065.885	240.333
1066.179	234.222
1066.472	223.444
1066.765	205.778
1067.058	196.444
1067.352	189.333
1067.645	176.778
1067.938	165.556
1068.231	159.556
1068.524	153.444
1068.817	143.444
1069.110	137.000
1069.403	131.222
1069.696	123.778
1069.989	116.222
1070.281	112.000
1070.574	106.889
1070.867	102.000
1071.159	97.778
1071.452	95.556
1071.744	92.333
1072.037	90.000
1072.329	87.222
1072.622	85.000
1072.914	83.111
1073.206	81.222
1073.498	79.778
1073.791	81.778
1074.083	81.111
1074.375	82.333
1074.667	83.111
1074.959	83.111
1075.251	83.778
1075.543	84.889
1075.835	86.111
1076.126	87.889
1076.418	87.556
1076.710	89.000
1077.002	89.333
1077.293	91.333
1077.585	96.000
1077.876	99.000
1078.168	102.111
1078.459	107.111
1078.751	110.889
1079.042	112.778
1079.333	116.556
1079.625	121.667
1079.916	123.111
1080.207	124.667
1080.498	128.222
1080.789	130.667
1081.080	131.667
1081.371	133.667
1081.662	138.333
1081.953	141.000
1082.244	139.222
1082.535	141.778
1082.826	143.889
1083.116	142.111
1083.407	140.778
1083.698	138.556
1083.988	135.778
1084.279	130.556
1084.569	126.889
1084.859	126.333
1085.150	123.778
1085.440	120.111
1085.730	118.667
1086.021	117.111
1086.311	114.556
1086.601	112.778
1086.891	111.556
1087.181	107.667
1087.471	102.889
1087.761	99.000
1088.051	95.000
1088.341	91.222
1088.631	88.000
1088.921	86.111
1089.210	82.444
1089.500	78.778
1089.790	76.556
1090.079	75.444
1090.369	74.333
1090.658	73.222
1090.948	71.778
1091.237	69.444
1091.526	67.889
1091.816	68.333
1092.105	68.333
1092.394	68.778
1092.683	68.111
1092.973	66.778
1093.262	66.111
1093.551	65.222
1093.840	66.444
1094.129	67.111
1094.417	67.333
1094.706	69.444
1094.995	70.667
1095.284	70.889
1095.573	72.333
1095.861	72.667
1096.150	74.444
1096.438	76.333
1096.727	77.444
1097.016	77.000
1097.304	76.222
1097.592	76.222
1097.881	76.333
1098.169	75.778
1098.457	77.889
1098.745	79.333
1099.034	77.111
1099.322	78.889
