520.430	0.000
520.800	0.000
521.169	50.000
521.539	52.000
521.909	56.000
522.278	69.000
522.648	59.000
523.017	61.000
523.387	69.000
523.756	66.000
524.125	59.000
524.494	75.000
524.864	58.000
525.233	66.000
525.602	63.000
525.971	63.000
526.340	59.000
526.709	63.000
527.078	62.000
527.447	72.000
527.816	86.111
528.185	174.111
528.553	247.778
528.922	313.111
529.291	369.556
529.659	432.000
530.028	500.222
530.396	587.556
530.765	691.667
531.133	811.111
531.502	914.889
531.870	1069.667
532.238	1281.778
532.606	1570.889
532.975	1894.222
533.343	2204.556
533.711	2504.000
534.079	2806.333
534.447	3076.667
534.815	3300.333
535.183	3460.778
535.551	3525.000
535.919	3448.667
536.286	3286.667
536.654	3087.333
537.022	2820.667
537.389	2499.444
537.757	2147.444
538.125	1781.333
538.492	1436.333
538.859	1143.444
539.227	939.556
539.594	800.778
539.961	724.667
540.329	739.000
540.696	826.556
541.063	944.444
541.430	1114.000
541.797	1331.000
542.164	1559.667
542.531	1795.667
542.898	2032.667
543.265	2288.778
543.632	2476.778
543.999	2636.556
544.366	2800.111
544.732	2868.222
545.099	2862.667
545.466	2793.222
545.832	2662.222
546.199	2463.222
546.565	2197.333
546.932	1946.889
547.298	1676.111
547.664	1400.222
548.031	1203.667
548.397	1061.222
548.763	1003.333
549.129	1027.556
549.495	1120.889
549.861	1262.222
550.227	1443.333
550.593	1618.556
550.959	1752.444
551.325	1863.444
551.691	1935.222
552.057	1937.444
552.422	1886.778
552.788	1803.222
553.154	1716.556
553.519	1629.889
553.885	1590.000
554.250	1568.111
554.616	1532.889
554.981	1520.000
555.347	1530.444
555.712	1524.556
556.077	1510.556
556.443	1458.556
556.808	1384.889
557.173	1275.444
557.538	1191.333
557.903	1136.778
558.268	1118.111
558.633	1167.111
558.998	1271.444
559.363	1446.222
559.727	1694.111
560.092	1952.778
560.457	2223.667
560.822	2500.000
561.186	2683.444
561.551	2820.000
561.915	2875.333
562.280	2836.111
562.644	2711.778
563.009	2511.333
563.373	2255.667
563.737	1980.444
564.102	1671.333
564.466	1428.222
564.830	1195.444
565.194	1005.778
565.558	879.222
565.922	802.000
566.286	769.778
566.650	812.556
567.014	894.333
567.378	1051.222
567.741	1221.444
568.105	1429.111
568.469	1688.222
568.833	1949.000
569.196	2242.778
569.560	2562.222
569.923	2829.111
570.287	3074.667
570.650	3223.778
571.013	3300.889
571.377	3320.222
571.740	3243.333
572.103	3106.667
572.466	2898.778
572.830	2616.778
573.193	2339.333
573.556	2072.444
573.919	1873.111
574.282	1741.111
574.645	1650.889
575.007	1598.000
575.370	1613.556
575.733	1663.111
576.096	1724.111
576.458	1796.000
576.821	1854.333
577.184	1870.556
577.546	1905.444
577.909	1948.333
578.271	1966.778
578.633	1992.667
578.996	2020.889
579.358	2040.111
579.720	2122.000
580.083	2189.000
580.445	2257.778
580.807	2317.000
581.169	2281.333
581.531	2255.778
581.893	2175.222
582.255	2035.556
582.617	1904.222
582.979	1722.556
583.340	1542.556
583.702	1375.000
584.064	1184.667
584.425	1057.444
584.787	941.222
585.149	859.778
585.510	857.778
585.872	899.444
586.233	952.111
586.594	1064.556
586.956	1173.333
587.317	1313.778
587.678	1475.000
588.039	1587.889
588.401	1692.778
588.762	1720.556
589.123	1709.889
589.484	1695.556
589.845	1653.778
590.206	1565.333
590.566	1449.222
590.927	1290.222
591.288	1157.667
591.649	1036.000
592.009	939.111
592.370	881.000
592.731	812.111
593.091	759.556
593.452	786.778
593.812	831.556
594.172	913.444
594.533	1003.778
594.893	1068.667
595.253	1172.889
595.614	1240.778
595.974	1320.556
596.334	1365.667
596.694	1354.889
597.054	1341.889
597.414	1278.111
597.774	1248.333
598.134	1228.111
598.494	1174.111
598.853	1129.556
599.213	1071.667
599.573	1012.778
599.932	1005.889
600.292	978.000
600.652	1015.667
601.011	1007.000
601.371	1002.667
601.730	1003.222
602.089	1004.667
602.449	1021.889
602.808	1017.667
603.167	989.333
603.526	963.333
603.886	908.556
604.245	906.889
604.604	919.889
604.963	965.333
605.322	1036.333
605.681	1105.889
606.040	1227.444
606.398	1309.556
606.757	1405.333
607.116	1486.333
607.475	1499.111
607.833	1526.667
608.192	1489.556
608.550	1426.222
608.909	1337.000
609.267	1217.222
609.626	1145.222
609.984	1065.111
610.342	1009.333
610.701	994.111
611.059	1004.444
611.417	1089.667
611.775	1171.667
612.133	1346.333
612.491	1475.111
612.849	1649.778
613.207	1803.000
613.565	1943.222
613.923	2112.667
614.281	2217.333
614.638	2346.111
614.996	2477.556
615.354	2567.444
615.711	2691.778
616.069	2688.111
616.427	2752.444
616.784	2756.333
617.141	2737.556
617.499	2669.778
617.856	2513.889
618.213	2347.889
618.571	2116.556
618.928	1929.889
619.285	1784.556
619.642	1629.111
619.999	1496.000
620.356	1353.667
620.713	1274.778
621.070	1237.000
621.427	1249.333
621.784	1268.444
622.141	1270.889
622.497	1276.000
622.854	1276.000
623.211	1306.556
623.567	1352.000
623.924	1391.889
624.280	1439.778
624.637	1502.000
624.993	1583.333
625.349	1687.333
625.706	1759.333
626.062	1837.889
626.418	1903.667
626.774	1926.667
627.131	1956.000
627.487	1922.000
627.843	1823.556
628.199	1668.556
628.555	1469.889
628.911	1309.889
629.266	1111.667
629.622	931.556
629.978	776.111
630.334	647.444
630.689	569.111
631.045	528.556
631.401	547.778
631.756	610.111
632.112	678.111
632.467	760.889
632.822	812.778
633.178	850.889
633.533	853.111
633.888	832.444
634.243	789.333
634.599	752.444
634.954	692.889
635.309	652.111
635.664	619.889
636.019	615.889
636.374	635.556
636.729	663.000
637.083	717.111
637.438	759.111
637.793	785.000
638.148	798.222
638.502	807.556
638.857	839.667
639.211	855.222
639.566	863.333
639.920	862.444
640.275	859.111
640.629	844.667
640.983	848.667
641.338	828.889
641.692	823.222
642.046	780.778
642.400	759.111
642.754	716.889
643.108	683.333
643.462	643.778
643.816	620.667
644.170	597.667
644.524	596.778
644.878	608.556
645.232	630.222
645.585	683.222
645.939	755.778
646.293	870.444
646.646	994.111
647.000	1175.889
647.353	1321.778
647.707	1495.889
648.060	1603.667
648.413	1721.333
648.767	1806.556
649.120	1891.111
649.473	1893.444
649.826	1880.444
650.179	1782.111
650.533	1678.222
650.885	1510.222
651.239	1365.889
651.591	1187.000
651.944	1008.667
652.297	835.111
652.650	708.000
653.003	592.444
653.355	505.778
653.708	467.222
654.061	464.667
654.413	514.889
654.766	567.222
655.118	635.333
655.471	695.556
655.823	796.000
656.175	898.333
656.528	1067.333
656.880	1189.444
657.232	1298.889
657.584	1329.333
657.936	1396.222
658.288	1441.556
658.640	1519.778
658.992	1524.889
659.344	1519.778
659.696	1411.000
660.048	1343.444
660.400	1280.556
660.751	1281.667
661.103	1227.667
661.455	1174.222
661.806	1058.556
662.158	969.667
662.509	865.778
662.861	795.778
663.212	706.000
663.563	627.556
663.915	524.111
664.266	459.333
664.617	397.444
664.968	373.222
665.319	365.889
665.670	393.667
666.021	438.556
666.372	531.222
666.723	637.778
667.074	828.222
667.425	966.333
667.776	1092.889
668.127	1157.111
668.477	1199.556
668.828	1204.111
669.179	1213.000
669.529	1193.889
669.880	1181.222
670.230	1082.667
670.581	1009.333
670.931	926.111
671.281	877.222
671.632	830.778
671.982	825.000
672.332	823.333
672.682	816.444
673.032	788.000
673.382	746.333
673.732	734.889
674.082	748.333
674.432	804.222
674.782	867.667
675.132	954.000
675.482	987.000
675.831	1020.222
676.181	1017.444
676.531	1046.333
676.880	1053.556
677.230	1069.111
677.579	1056.222
677.929	1054.667
678.278	1002.667
678.628	979.333
678.977	952.667
679.326	935.111
679.675	923.222
680.024	903.889
680.374	884.111
680.723	836.667
681.072	780.222
681.421	712.556
681.770	643.556
682.119	571.667
682.467	537.333
682.816	488.667
683.165	470.444
683.514	441.667
683.862	438.667
684.211	437.222
684.559	435.778
684.908	440.111
685.256	435.444
685.605	415.889
685.953	394.778
686.302	374.778
686.650	360.222
686.998	376.889
687.346	384.222
687.694	415.333
688.043	441.556
688.391	460.778
688.739	485.222
689.087	498.222
689.435	502.111
689.782	507.556
690.130	516.556
690.478	530.556
690.826	556.778
691.173	584.778
691.521	663.222
691.869	772.333
692.216	945.111
692.564	1210.222
692.911	1393.667
693.259	1587.778
693.606	1716.889
693.953	1850.111
694.300	1969.667
694.648	2025.667
694.995	2017.000
695.342	1895.333
695.689	1677.222
696.036	1507.222
696.383	1288.222
696.730	1125.778
697.077	943.556
697.424	776.667
697.771	643.667
698.117	543.444
698.464	510.333
698.811	513.000
699.157	532.222
699.504	590.889
699.850	640.333
700.197	677.556
700.543	735.333
700.890	765.556
701.236	792.111
701.582	801.667
701.929	793.778
702.275	797.667
702.621	802.000
702.967	826.222
703.313	874.222
703.659	935.444
704.005	998.889
704.351	1085.222
704.697	1134.222
705.043	1148.000
705.388	1148.000
705.734	1089.111
706.080	1029.222
706.426	950.333
706.771	846.222
707.117	758.444
707.462	646.000
707.808	588.444
708.153	552.333
708.498	541.333
708.844	556.222
709.189	577.111
709.534	590.778
709.879	606.222
710.225	645.111
710.570	686.222
710.915	763.333
711.260	806.222
711.605	857.444
711.950	912.667
712.294	991.556
712.639	1111.667
712.984	1201.889
713.329	1296.556
713.673	1337.444
714.018	1332.889
714.363	1338.000
714.707	1287.778
715.052	1243.667
715.396	1146.222
715.740	1015.778
716.085	901.778
716.429	756.444
716.773	673.444
717.117	585.778
717.462	533.333
717.806	510.889
718.150	474.889
718.494	470.444
718.838	477.222
719.182	524.333
719.526	583.111
719.869	640.444
720.213	731.667
720.557	771.222
720.901	826.333
721.244	869.222
721.588	878.778
721.932	879.333
722.275	829.000
722.618	792.333
722.962	739.889
723.305	674.444
723.649	649.778
723.992	612.111
724.335	594.111
724.678	587.222
725.021	563.889
725.365	552.778
725.708	512.333
726.051	478.111
726.393	427.444
726.736	369.889
727.079	319.778
727.422	266.556
727.765	239.556
728.108	234.111
728.450	248.667
728.793	296.667
729.135	335.778
729.478	403.111
729.820	457.889
730.163	499.778
730.505	547.333
730.848	561.000
731.190	561.556
731.532	537.778
731.874	487.667
732.217	448.333
732.559	387.000
732.901	348.889
733.243	328.889
733.585	302.667
733.927	301.000
734.269	303.778
734.610	309.444
734.952	323.667
735.294	338.889
735.636	362.778
735.977	387.111
736.319	400.333
736.660	433.444
737.002	467.556
737.343	484.000
737.685	505.444
738.026	522.444
738.368	559.111
738.709	594.000
739.050	616.222
739.391	668.333
739.732	687.667
740.073	683.000
740.415	689.556
740.756	671.111
741.096	646.667
741.437	598.778
741.778	538.556
742.119	489.333
742.460	416.444
742.801	364.444
743.141	343.000
743.482	327.778
743.823	347.556
744.163	368.000
744.504	377.333
744.844	394.667
745.184	401.556
745.525	405.444
745.865	409.556
746.205	390.889
746.545	370.778
746.886	344.556
747.226	322.000
747.566	312.222
747.906	306.111
748.246	303.222
748.586	314.778
748.926	319.444
749.266	332.889
749.605	349.333
749.945	360.889
750.285	378.778
750.624	396.333
750.964	389.889
751.304	382.222
751.643	357.444
751.983	332.444
752.322	319.778
752.661	313.778
753.001	299.556
753.340	282.333
753.679	265.222
754.018	262.000
754.358	270.444
754.697	277.000
755.036	294.222
755.375	326.556
755.714	352.333
756.053	379.222
756.392	413.000
756.730	430.111
757.069	445.000
757.408	469.667
757.747	507.111
758.085	559.111
758.424	622.333
758.762	658.000
759.101	700.222
759.439	723.889
759.778	732.556
760.116	727.889
760.454	699.000
760.793	660.222
761.131	614.444
761.469	539.667
761.807	480.444
762.145	421.444
762.483	371.333
762.821	352.889
763.159	364.667
763.497	380.444
763.835	395.556
764.173	412.667
764.510	419.444
764.848	419.667
765.186	415.778
765.523	410.889
765.861	411.778
766.198	417.778
766.536	420.444
766.873	419.444
767.211	405.444
767.548	381.889
767.885	376.444
768.223	382.556
768.560	389.444
768.897	399.000
769.234	402.667
769.571	396.333
769.908	393.333
770.245	386.889
770.582	387.333
770.919	390.000
771.256	394.111
771.593	403.222
771.929	415.444
772.266	433.333
772.603	453.889
772.939	458.889
773.276	465.222
773.612	471.444
773.949	474.667
774.285	473.889
774.622	470.778
774.958	457.000
775.294	438.444
775.630	423.667
775.966	412.000
776.303	395.556
776.639	388.889
776.975	387.222
777.311	407.000
777.647	439.333
777.983	465.444
778.318	501.111
778.654	553.111
778.990	589.111
779.326	612.556
779.661	636.556
779.997	650.556
780.333	651.333
780.668	653.778
781.004	648.667
781.339	610.444
781.674	571.556
782.010	554.111
782.345	549.222
782.680	545.778
783.016	552.111
783.351	536.333
783.686	516.222
784.021	513.222
784.356	508.000
784.691	488.444
785.026	479.556
785.361	479.667
785.695	474.333
786.030	492.333
786.365	557.000
786.700	605.889
787.034	653.667
787.369	744.333
787.703	828.889
788.038	899.222
788.372	1002.222
788.707	1140.333
789.041	1243.222
789.376	1321.556
789.710	1390.778
790.044	1411.444
790.378	1371.889
790.712	1331.556
791.046	1296.889
791.380	1218.222
791.714	1113.222
792.048	1005.333
792.382	867.333
792.716	734.444
793.050	648.667
793.384	590.000
793.718	540.111
794.051	496.667
794.385	456.000
794.718	419.889
795.052	410.889
795.385	420.556
795.719	456.778
796.052	516.444
796.386	574.444
796.719	620.333
797.052	678.333
797.385	777.556
797.719	902.778
798.052	1014.222
798.385	1125.667
798.718	1220.556
799.051	1258.222
799.384	1257.556
799.716	1263.333
800.049	1264.222
800.382	1218.778
800.715	1132.778
801.048	1047.667
801.380	960.222
801.713	891.111
802.045	875.000
802.378	904.444
802.710	960.444
803.043	1008.667
803.375	1024.778
803.707	1014.778
804.040	995.333
804.372	976.556
804.704	932.556
805.036	867.444
805.368	803.222
805.700	725.000
806.032	653.333
806.364	631.000
806.696	665.444
807.028	736.111
807.360	829.222
807.692	931.444
808.023	1014.333
808.355	1068.222
808.687	1101.000
809.018	1115.444
809.350	1109.333
809.681	1077.556
810.013	1008.444
810.344	920.667
810.676	831.667
811.007	784.778
811.338	786.000
811.669	806.889
812.001	845.111
812.332	927.222
812.663	1031.444
812.994	1130.778
813.325	1231.333
813.656	1344.333
813.987	1413.889
814.317	1417.444
814.648	1420.556
814.979	1446.778
815.310	1454.111
815.640	1428.111
815.971	1436.000
816.301	1455.222
816.632	1435.333
816.962	1417.778
817.293	1465.556
817.623	1524.222
817.954	1525.000
818.284	1479.111
818.614	1422.222
818.944	1321.556
819.274	1194.556
819.605	1093.111
819.935	1039.556
820.265	978.889
820.595	891.222
820.924	841.778
821.254	868.333
821.584	951.000
821.914	1055.444
822.244	1205.000
822.573	1415.889
822.903	1589.667
823.233	1686.000
823.562	1795.778
823.892	1965.111
824.221	2103.444
824.550	2147.556
824.880	2184.111
825.209	2216.444
825.538	2166.889
825.868	2070.444
826.197	2037.778
826.526	2045.000
826.855	1967.111
827.184	1816.222
827.513	1699.889
827.842	1599.222
828.171	1460.000
828.500	1322.667
828.828	1225.889
829.157	1126.889
829.486	976.000
829.815	835.333
830.143	759.889
830.472	728.778
830.800	712.111
831.129	714.556
831.457	779.222
831.786	950.111
832.114	1175.889
832.442	1398.111
832.770	1644.222
833.099	2013.000
833.427	2386.222
833.755	2700.889
834.083	2873.222
834.411	2988.556
834.739	3020.556
835.067	2949.222
835.395	2849.778
835.723	2737.667
836.050	2503.667
836.378	2189.222
836.706	1874.889
837.033	1701.889
837.361	1616.556
837.689	1555.667
838.016	1492.444
838.344	1434.667
838.671	1366.667
838.998	1276.000
839.326	1212.778
839.653	1173.889
839.980	1143.889
840.307	1079.222
840.634	1001.778
840.961	972.556
841.289	1041.000
841.615	1255.667
841.942	1550.556
842.269	1805.333
842.596	2016.778
842.923	2283.556
843.250	2562.667
843.576	2753.444
843.903	2844.667
844.230	2862.222
844.556	2798.778
844.883	2659.222
845.209	2506.667
845.536	2350.111
845.862	2106.333
846.188	1829.778
846.515	1618.889
846.841	1500.444
847.167	1406.778
847.493	1282.333
847.819	1168.333
848.146	1098.778
848.472	1070.889
848.798	1074.000
849.123	1084.556
849.449	1092.111
849.775	1087.444
850.101	1087.667
850.427	1149.000
850.752	1286.778
851.078	1425.333
851.404	1507.333
851.729	1554.889
852.055	1578.333
852.380	1590.556
852.706	1586.222
853.031	1549.778
853.356	1435.667
853.682	1282.667
854.007	1170.556
854.332	1101.111
854.657	1030.000
854.982	970.889
855.307	937.333
855.632	937.556
855.957	930.444
856.282	906.222
856.607	869.667
856.932	875.222
857.256	917.222
857.581	955.000
857.906	999.000
858.230	1104.667
858.555	1258.222
858.880	1426.778
859.204	1570.333
859.529	1774.111
859.853	2087.111
860.177	2397.667
860.502	2732.111
860.826	3028.444
861.150	3050.444
861.474	3008.667
861.798	2947.222
862.122	2871.333
862.446	2679.778
862.770	2341.333
863.094	2046.111
863.418	1795.000
863.742	1546.444
864.066	1448.444
864.389	1364.333
864.713	1324.222
865.037	1331.889
865.360	1337.889
865.684	1305.778
866.008	1233.778
866.331	1155.778
866.654	1147.889
866.978	1206.556
867.301	1229.333
867.624	1231.111
867.948	1287.444
868.271	1489.111
868.594	1766.222
868.917	2001.778
869.240	2173.000
869.563	2361.000
869.886	2621.000
870.209	2923.778
870.532	3190.000
870.855	3229.444
871.177	3091.889
871.500	2887.667
871.823	2689.667
872.145	2492.778
872.468	2205.556
872.791	1828.778
873.113	1475.889
873.435	1183.667
873.758	1052.333
874.080	953.222
874.402	847.889
874.725	770.889
875.047	727.444
875.369	731.333
875.691	757.333
876.013	751.222
876.335	736.111
876.657	765.333
876.979	882.667
877.301	1013.222
877.623	1118.222
877.945	1195.444
878.266	1259.111
878.588	1358.778
878.910	1529.667
879.231	1703.222
879.553	1811.778
879.875	1816.111
880.196	1812.667
880.517	1835.000
880.839	1854.889
881.160	1840.444
881.481	1749.222
881.803	1599.222
882.124	1486.556
882.445	1436.333
882.766	1436.667
883.087	1416.444
883.408	1356.333
883.729	1309.111
884.050	1285.667
884.371	1330.667
884.692	1423.667
885.012	1492.333
885.333	1535.444
885.654	1611.556
885.974	1822.778
886.295	2156.556
886.616	2486.667
886.936	2727.889
887.257	2830.778
887.577	2841.444
887.897	2840.556
888.218	2843.778
888.538	2850.222
888.858	2772.333
889.178	2593.667
889.498	2397.444
889.818	2259.333
890.139	2212.000
890.458	2195.111
890.778	2140.222
891.098	2044.889
891.418	1889.778
891.738	1735.778
892.058	1612.667
892.377	1511.444
892.697	1412.222
893.017	1292.556
893.336	1177.222
893.656	1110.444
893.975	1114.667
894.295	1202.889
894.614	1345.000
894.933	1490.667
895.253	1646.111
895.572	1817.333
895.891	2013.667
896.210	2226.667
896.529	2393.556
896.848	2472.889
897.167	2435.222
897.486	2296.333
897.805	2148.222
898.124	1993.000
898.443	1838.000
898.762	1665.444
899.081	1464.222
899.399	1274.111
899.718	1117.111
900.036	1004.111
900.355	932.111
900.673	855.667
900.992	797.556
901.310	751.444
901.629	723.556
901.947	721.556
902.265	725.000
902.583	750.667
902.902	801.556
903.220	865.667
903.538	977.333
903.856	1118.444
904.174	1291.889
904.492	1476.111
904.810	1616.000
905.128	1734.889
905.445	1827.444
905.763	1902.889
906.081	1958.111
906.398	1973.667
906.716	1935.111
907.034	1881.778
907.351	1824.778
907.669	1791.000
907.986	1749.556
908.304	1698.444
908.621	1636.000
908.938	1563.111
909.255	1462.222
909.573	1364.111
909.890	1235.000
910.207	1106.000
910.524	1009.889
910.841	966.556
911.158	967.000
911.475	998.556
911.792	1053.333
912.109	1132.778
912.425	1219.000
912.742	1335.556
913.059	1499.111
913.375	1733.778
913.692	2039.556
914.009	2340.444
914.325	2579.111
914.641	2735.222
914.958	2844.333
915.274	2954.778
915.591	3040.222
915.907	3060.111
916.223	2969.222
916.539	2765.444
916.855	2524.222
917.172	2299.333
917.488	2103.667
917.804	1928.667
918.119	1735.333
918.435	1539.556
918.751	1346.889
919.067	1170.222
919.383	1030.778
919.698	935.000
920.014	886.111
920.330	916.111
920.645	1004.778
920.961	1148.778
921.276	1326.889
921.592	1504.556
921.907	1674.556
922.223	1806.889
922.538	1884.667
922.853	1923.889
923.168	1921.778
923.483	1894.111
923.799	1855.556
924.114	1786.111
924.429	1696.333
924.744	1588.778
925.059	1473.778
925.373	1379.111
925.688	1307.556
926.003	1231.556
926.318	1150.667
926.632	1041.444
926.947	929.333
927.262	831.667
927.576	749.667
927.891	694.111
928.205	651.222
928.520	603.778
928.834	573.222
929.148	554.556
929.463	566.556
929.777	616.889
930.091	693.222
930.405	769.778
930.719	827.222
931.033	870.000
931.347	910.444
931.661	949.889
931.975	982.556
932.289	1009.444
932.603	1038.000
932.917	1070.111
933.230	1123.444
933.544	1177.444
933.858	1218.667
934.171	1240.667
934.485	1242.667
934.798	1244.000
935.112	1233.111
935.425	1189.667
935.738	1123.889
936.052	1035.889
936.365	949.778
936.678	887.222
936.991	839.556
937.305	802.556
937.618	769.889
937.931	734.444
938.244	725.778
938.556	779.000
938.869	893.333
939.182	1077.222
939.495	1290.222
939.808	1484.000
940.120	1645.667
940.433	1779.333
940.746	1910.556
941.058	2047.667
941.371	2153.889
941.683	2222.000
941.996	2259.222
942.308	2253.222
942.620	2247.000
942.933	2245.889
943.245	2208.556
943.557	2133.222
943.869	1995.667
944.181	1808.333
944.493	1604.889
944.805	1384.444
945.117	1173.778
945.429	1000.000
945.741	859.667
946.053	766.000
946.365	710.556
946.676	676.889
946.988	655.667
947.300	647.667
947.611	641.667
947.923	656.889
948.234	686.778
948.546	731.222
948.857	805.778
949.169	891.111
949.480	967.333
949.791	1048.000
950.102	1111.778
950.413	1152.333
950.725	1177.333
951.036	1170.778
951.347	1139.444
951.658	1089.333
951.969	1017.889
952.280	954.000
952.590	902.556
952.901	852.444
953.212	815.889
953.523	792.444
953.833	768.222
954.144	748.778
954.454	731.667
954.765	715.111
955.075	711.889
955.386	716.889
955.696	728.222
956.007	755.556
956.317	792.667
956.627	819.667
956.937	860.444
957.247	903.889
957.558	940.111
957.868	987.222
958.178	1027.778
958.488	1063.889
958.797	1099.222
959.107	1108.444
959.417	1127.556
959.727	1150.889
960.037	1159.000
960.346	1182.667
960.656	1216.000
960.966	1246.667
961.275	1287.444
961.585	1344.556
961.894	1393.000
962.203	1431.000
962.513	1444.444
962.822	1433.778
963.131	1401.111
963.441	1338.333
963.750	1250.333
964.059	1148.778
964.368	1031.222
964.677	923.667
964.986	841.889
965.295	783.222
965.604	768.222
965.913	757.222
966.221	768.778
966.530	812.222
966.839	892.667
967.148	977.889
967.456	1058.222
967.765	1122.667
968.073	1165.111
968.382	1170.222
968.690	1190.444
968.999	1188.556
969.307	1153.556
969.615	1096.111
969.924	1027.111
970.232	963.556
970.540	922.889
970.848	899.333
971.156	889.556
971.464	893.889
971.772	897.000
972.080	912.778
972.388	940.333
972.696	957.000
973.003	959.778
973.311	958.222
973.619	938.889
973.926	920.111
974.234	908.889
974.542	901.556
974.849	899.222
975.157	905.556
975.464	914.778
975.771	943.778
976.079	983.556
976.386	1030.111
976.693	1078.000
977.000	1123.111
977.307	1157.556
977.615	1184.667
977.922	1190.667
978.229	1187.000
978.536	1165.111
978.842	1132.667
979.149	1088.111
979.456	1029.333
979.763	960.667
980.070	895.667
980.376	839.111
980.683	787.111
980.989	748.667
981.296	724.111
981.602	691.556
981.909	665.444
982.215	649.778
982.522	625.333
982.828	600.000
983.134	569.222
983.440	527.889
983.746	490.000
984.053	458.889
984.359	432.000
984.665	413.333
984.971	408.667
985.277	414.222
985.582	431.111
985.888	459.778
986.194	497.333
986.500	537.556
986.805	577.333
987.111	615.000
987.417	645.667
987.722	666.889
988.028	678.889
988.333	681.444
988.639	680.444
988.944	678.889
989.249	666.556
989.555	651.444
989.860	640.333
990.165	632.778
990.470	635.556
990.775	644.444
991.080	661.222
991.385	670.667
991.690	682.333
991.995	698.667
992.300	712.889
992.605	739.222
992.910	770.333
993.214	791.667
993.519	810.556
993.824	835.667
994.128	866.778
994.433	901.111
994.737	935.444
995.042	962.889
995.346	975.889
995.650	988.333
995.955	988.222
996.259	982.222
996.563	974.111
996.867	951.222
997.171	920.111
997.476	891.778
997.780	853.667
998.083	808.444
998.387	767.556
998.691	728.444
998.995	692.556
999.299	652.556
999.603	619.111
999.906	579.222
1000.210	541.778
1000.514	515.778
1000.817	488.667
1001.121	458.556
1001.424	438.556
1001.728	415.111
1002.031	393.556
1002.334	376.444
1002.638	360.889
1002.941	345.333
1003.244	333.889
1003.547	321.222
1003.850	307.333
1004.153	296.778
1004.456	286.000
1004.759	275.778
1005.062	274.444
1005.365	274.444
1005.668	277.222
1005.971	291.667
1006.273	308.111
1006.576	327.667
1006.879	354.889
1007.181	383.333
1007.484	413.556
1007.786	451.667
1008.089	488.333
1008.391	516.556
1008.693	548.778
1008.996	581.444
1009.298	603.667
1009.600	633.667
1009.902	671.111
1010.204	694.333
1010.507	724.444
1010.809	770.222
1011.111	804.333
1011.412	836.222
1011.714	881.444
1012.016	922.444
1012.318	954.444
1012.620	995.000
1012.921	1021.333
1013.223	1021.444
1013.525	1023.222
1013.826	1031.556
1014.128	1016.667
1014.429	1001.222
1014.731	984.556
1015.032	947.000
1015.333	904.444
1015.635	881.889
1015.936	852.111
1016.237	814.778
1016.538	784.889
1016.839	759.222
1017.140	733.333
1017.441	715.889
1017.742	695.889
1018.043	662.444
1018.344	631.000
1018.645	604.444
1018.946	566.333
1019.246	532.778
1019.547	507.111
1019.848	466.000
1020.148	432.556
1020.449	416.111
1020.749	400.111
1021.050	384.556
1021.350	376.667
1021.651	368.778
1021.951	357.111
1022.251	344.556
1022.551	333.889
1022.852	317.667
1023.152	301.444
1023.452	287.444
1023.752	274.111
1024.052	266.667
1024.352	267.222
1024.652	266.778
1024.952	276.111
1025.251	291.111
1025.551	302.444
1025.851	316.000
1026.150	336.444
1026.450	351.556
1026.750	360.778
1027.049	374.444
1027.349	389.333
1027.648	395.333
1027.947	407.222
1028.247	429.000
1028.546	440.111
1028.845	452.222
1029.144	479.111
1029.444	493.889
1029.743	501.444
1030.042	524.667
1030.341	541.444
1030.640	541.556
1030.939	550.444
1031.238	567.111
1031.536	564.000
1031.835	555.778
1032.134	563.556
1032.433	556.111
1032.731	538.000
1033.030	532.111
1033.328	525.444
1033.627	500.778
1033.925	483.222
1034.224	473.444
1034.522	460.333
1034.820	441.000
1035.119	433.222
1035.417	413.222
1035.715	389.889
1036.013	374.444
1036.311	357.667
1036.609	333.778
1036.907	314.889
1037.205	294.111
1037.503	272.556
1037.801	257.111
1038.099	247.778
1038.397	234.667
1038.694	222.889
1038.992	216.444
1039.290	208.667
1039.587	200.000
1039.885	194.111
1040.182	190.222
1040.479	185.556
1040.777	187.333
1041.074	190.222
1041.372	193.000
1041.669	198.667
1041.966	211.444
1042.263	222.222
1042.560	237.778
1042.857	260.333
1043.154	276.444
1043.451	292.000
1043.748	318.000
1044.045	340.556
1044.342	355.667
1044.639	371.000
1044.935	393.000
1045.232	400.667
1045.529	403.889
1045.825	414.667
1046.122	415.778
1046.418	408.222
1046.715	413.222
1047.011	419.667
1047.308	415.333
1047.604	410.889
1047.900	417.556
1048.197	416.111
1048.493	406.778
1048.789	411.444
1049.085	411.778
1049.381	399.778
1049.677	393.111
1049.973	393.444
1050.269	383.333
1050.565	371.000
1050.860	370.222
1051.156	365.778
1051.452	348.000
1051.748	336.111
1052.043	327.556
1052.339	312.111
1052.634	297.222
1052.930	285.889
1053.225	270.000
1053.521	248.778
1053.816	235.444
1054.111	226.333
1054.407	212.889
1054.702	202.222
1054.997	194.111
1055.292	180.556
1055.587	170.111
1055.882	164.222
1056.177	158.000
1056.472	150.111
1056.767	145.111
1057.062	141.889
1057.357	135.111
1057.651	129.778
1057.946	128.222
1058.241	125.111
1058.535	120.556
1058.830	120.778
1059.124	122.778
1059.419	122.000
1059.713	125.111
1060.008	131.556
1060.302	137.333
1060.596	143.000
1060.890	155.000
1061.185	168.889
1061.479	176.667
1061.773	188.889
1062.067	209.556
1062.361	223.889
1062.655	233.778
1062.949	256.000
1063.243	277.889
1063.536	287.111
1063.830	300.333
1064.124	327.111
1064.418	341.222
1064.711	344.111
1065.005	357.667
1065.298	374.111
1065.592	369.111
1065.885	369.000
1066.179	381.444
1066.472	380.889
1066.765	368.667
1067.058	372.889
1067.352	378.444
1067.645	365.111
1067.938	353.889
1068.231	354.778
1068.524	346.111
1068.817	329.222
1069.110	324.444
1069.403	319.333
1069.696	298.111
1069.989	279.333
1070.281	274.333
1070.574	261.111
1070.867	243.000
1071.159	228.778
1071.452	217.333
1071.744	199.000
1072.037	181.111
1072.329	169.778
1072.622	157.556
1072.914	141.778
1073.206	130.000
1073.498	121.222
1073.791	114.667
1074.083	106.778
1074.375	101.778
1074.667	96.444
1074.959	90.778
1075.251	86.667
1075.543	84.556
1075.835	83.222
1076.126	81.667
1076.418	79.556
1076.710	78.333
1077.002	77.444
1077.293	78.111
1077.585	81.222
1077.876	83.000
1078.168	83.889
1078.459	85.444
1078.751	86.889
1079.042	87.111
1079.333	89.444
1079.625	92.111
1079.916	93.778
1080.207	94.222
1080.498	95.667
1080.789	98.333
1081.080	100.333
1081.371	103.222
1081.662	107.889
1081.953	110.889
1082.244	110.333
1082.535	113.000
1082.826	115.889
1083.116	117.444
1083.407	118.444
1083.698	119.222
1083.988	119.556
1084.279	117.889
1084.569	117.000
1084.859	119.333
1085.150	119.000
1085.440	118.111
1085.730	120.222
1086.021	121.778
1086.311	121.556
1086.601	121.444
1086.891	123.000
1087.181	122.222
1087.471	119.778
1087.761	119.333
1088.051	118.889
1088.341	115.444
1088.631	112.889
1088.921	111.556
1089.210	108.444
1089.500	103.889
1089.790	101.111
1090.079	98.889
1090.369	95.889
1090.658	92.111
1090.948	89.556
1091.237	85.333
1091.526	81.444
1091.816	80.556
1092.105	79.333
1092.394	77.889
1092.683	75.778
1092.973	73.333
1093.262	72.333
1093.551	70.000
1093.840	70.111
1094.129	70.333
1094.417	70.556
1094.706	72.000
1094.995	73.111
1095.284	74.000
1095.573	74.889
1095.861	75.222
1096.150	77.111
1096.438	79.889
1096.727	81.556
1097.016	80.556
1097.304	80.000
1097.592	80.222
1097.881	80.889
1098.169	80.889
1098.457	82.222
1098.745	82.667
1099.034	80.444
1099.322	81.111
