520.430	0.000
520.800	0.000
521.169	58.000
521.539	56.000
521.909	57.000
522.278	70.000
522.648	62.000
523.017	67.000
523.387	70.000
523.756	63.000
524.125	59.000
524.494	76.000
524.864	58.000
525.233	60.000
525.602	64.000
525.971	64.000
526.340	62.000
526.709	61.000
527.078	60.000
527.447	71.000
527.816	80.667
528.185	149.333
528.553	222.111
528.922	313.000
529.291	437.111
529.659	604.889
530.028	830.222
530.396	1106.444
530.765	1409.333
531.133	1750.000
531.502	2066.889
531.870	2374.667
532.238	2679.111
532.606	2983.778
532.975	3236.778
533.343	3383.000
533.711	3445.333
534.079	3453.111
534.447	3362.444
534.815	3196.556
535.183	2973.444
535.551	2679.222
535.919	2316.111
536.286	1945.556
536.654	1620.222
537.022	1331.222
537.389	1083.222
537.757	896.000
538.125	782.000
538.492	746.556
538.859	784.667
539.227	893.556
539.594	1057.556
539.961	1246.000
540.329	1475.556
540.696	1737.444
541.063	1962.222
541.430	2189.667
541.797	2420.222
542.164	2616.333
542.531	2770.444
542.898	2875.889
543.265	2963.111
543.632	2921.444
543.999	2797.556
544.366	2648.111
544.732	2413.000
545.099	2143.111
545.466	1870.778
545.832	1611.778
546.199	1378.333
546.565	1173.000
546.932	1091.778
547.298	1063.333
547.664	1098.667
548.031	1234.000
548.397	1352.667
548.763	1519.778
549.129	1693.000
549.495	1820.444
549.861	1902.556
550.227	1923.778
550.593	1899.889
550.959	1840.333
551.325	1752.889
551.691	1748.000
552.057	1731.333
552.422	1719.111
552.788	1720.444
553.154	1709.889
553.519	1717.444
553.885	1746.778
554.250	1746.000
554.616	1706.667
554.981	1613.889
555.347	1489.111
555.712	1342.333
556.077	1234.667
556.443	1198.333
556.808	1202.333
557.173	1251.667
557.538	1420.889
557.903	1643.222
558.268	1945.222
558.633	2292.111
558.998	2611.444
559.363	2886.333
559.727	3060.333
560.092	3127.333
560.457	3112.778
560.822	3002.667
561.186	2800.333
561.551	2500.000
561.915	2146.222
562.280	1804.778
562.644	1479.778
563.009	1221.889
563.373	1033.556
563.737	901.667
564.102	809.556
564.466	775.333
564.830	793.333
565.194	876.778
565.558	993.444
565.922	1145.889
566.286	1327.111
566.650	1552.556
567.014	1803.000
567.378	2122.556
567.741	2413.444
568.105	2702.000
568.469	2974.667
568.833	3158.222
569.196	3315.222
569.560	3403.444
569.923	3392.667
570.287	3340.889
570.650	3156.111
571.013	2950.222
571.377	2712.889
571.740	2445.444
572.103	2239.556
572.466	2061.111
572.830	1936.778
573.193	1852.556
573.556	1820.778
573.919	1814.778
574.282	1851.444
574.645	1890.778
575.007	1911.889
575.370	1952.000
575.733	1978.444
576.096	1987.222
576.458	2017.111
576.821	2037.556
577.184	2063.000
577.546	2112.889
577.909	2220.556
578.271	2308.333
578.633	2405.778
578.996	2459.111
579.358	2452.778
579.720	2446.778
580.083	2344.667
580.445	2236.000
580.807	2094.556
581.169	1862.889
581.531	1679.889
581.893	1473.000
582.255	1287.333
582.617	1169.444
582.979	1038.778
583.340	989.222
583.702	1006.778
584.064	1041.333
584.425	1150.889
584.787	1273.222
585.149	1392.000
585.510	1548.889
585.872	1686.667
586.233	1809.667
586.594	1911.444
586.956	1910.556
587.317	1898.111
587.678	1849.556
588.039	1762.889
588.401	1669.556
588.762	1505.333
589.123	1323.667
589.484	1166.778
589.845	999.889
590.206	890.667
590.566	816.000
590.927	751.556
591.288	724.111
591.649	739.556
592.009	767.556
592.370	870.889
592.731	946.333
593.091	1046.000
593.452	1166.778
593.812	1273.444
594.172	1375.222
594.533	1439.556
594.893	1445.889
595.253	1468.222
595.614	1423.222
595.974	1428.778
596.334	1413.000
596.694	1342.556
597.054	1273.889
597.414	1182.222
597.774	1128.333
598.134	1121.222
598.494	1115.444
598.853	1124.111
599.213	1101.667
599.573	1058.333
599.932	1065.778
600.292	1047.556
600.652	1054.778
601.011	1024.222
601.371	978.444
601.730	922.333
602.089	874.778
602.449	882.444
602.808	931.333
603.167	967.333
603.526	1050.889
603.886	1116.444
604.245	1246.000
604.604	1347.000
604.963	1472.222
605.322	1584.444
605.681	1618.778
606.040	1625.222
606.398	1589.444
606.757	1517.667
607.116	1432.556
607.475	1298.000
607.833	1218.889
608.192	1118.333
608.550	1054.889
608.909	1015.889
609.267	1002.333
609.626	1102.667
609.984	1231.556
610.342	1429.778
610.701	1607.556
611.059	1778.556
611.417	1982.556
611.775	2091.444
612.133	2260.000
612.491	2386.111
612.849	2527.556
613.207	2649.000
613.565	2700.444
613.923	2783.000
614.281	2780.778
614.638	2782.333
614.996	2810.889
615.354	2799.444
615.711	2788.889
616.069	2618.222
616.427	2461.222
616.784	2285.556
617.141	2116.111
617.499	1992.000
617.856	1843.556
618.213	1732.333
618.571	1589.111
618.928	1507.889
619.285	1464.667
619.642	1443.222
619.999	1432.444
620.356	1424.333
620.713	1418.778
621.070	1422.667
621.427	1449.000
621.784	1472.222
622.141	1463.667
622.497	1497.000
622.854	1567.556
623.211	1651.333
623.567	1736.000
623.924	1823.556
624.280	1885.222
624.637	1938.556
624.993	1962.667
625.349	1995.000
625.706	1949.444
626.062	1836.222
626.418	1690.000
626.774	1503.000
627.131	1315.111
627.487	1137.778
627.843	945.333
628.199	806.222
628.555	683.111
628.911	640.444
629.266	615.889
629.622	644.333
629.978	703.889
630.334	808.444
630.689	877.444
631.045	949.222
631.401	964.556
631.756	954.222
632.112	914.556
632.467	855.667
632.822	799.667
633.178	755.222
633.533	681.333
633.888	646.889
634.243	627.444
634.599	655.000
634.954	696.667
635.309	735.333
635.664	775.444
636.019	786.333
636.374	794.889
636.729	812.556
637.083	845.222
637.438	854.333
637.793	861.333
638.148	846.667
638.502	837.111
638.857	821.111
639.211	811.667
639.566	790.111
639.920	755.667
640.275	720.000
640.629	678.667
640.983	648.889
641.338	613.111
641.692	596.667
642.046	578.222
642.400	578.333
642.754	592.889
643.108	629.000
643.462	681.333
643.816	755.556
644.170	856.333
644.524	975.444
644.878	1139.444
645.232	1284.000
645.585	1477.778
645.939	1619.333
646.293	1776.889
646.646	1880.778
647.000	2008.667
647.353	2038.667
647.707	2081.556
648.060	2011.778
648.413	1950.667
648.767	1786.889
649.120	1637.556
649.473	1424.667
649.826	1235.333
650.179	1027.667
650.533	878.444
650.885	711.778
651.239	607.333
651.591	531.556
651.944	506.556
652.297	532.000
652.650	589.000
653.003	676.778
653.355	744.222
653.708	837.889
654.061	940.111
654.413	1095.222
654.766	1209.111
655.118	1335.778
655.471	1389.667
655.823	1446.444
656.175	1461.000
656.528	1529.778
656.880	1552.444
657.232	1563.111
657.584	1474.222
657.936	1413.889
658.288	1317.556
658.640	1277.667
658.992	1222.889
659.344	1187.333
659.696	1070.444
660.048	982.889
660.400	877.444
660.751	808.333
661.103	724.222
661.455	661.111
661.806	577.889
662.158	512.222
662.509	436.667
662.861	399.444
663.212	371.778
663.563	387.778
663.915	425.444
664.266	508.111
664.617	609.667
664.968	784.333
665.319	926.778
665.670	1087.778
666.021	1184.667
666.372	1256.333
666.723	1269.556
667.074	1282.667
667.425	1259.556
667.776	1245.889
668.127	1170.333
668.477	1141.222
668.828	1055.444
669.179	1004.556
669.529	947.556
669.880	939.222
670.230	933.222
670.581	955.556
670.931	937.333
671.281	903.444
671.632	842.556
671.982	848.111
672.332	894.556
672.682	977.000
673.032	1057.000
673.382	1101.444
673.732	1140.778
674.082	1156.333
674.432	1195.222
674.782	1208.444
675.132	1214.000
675.482	1183.667
675.831	1149.556
676.181	1093.556
676.531	1085.333
676.880	1033.000
677.230	1015.000
677.579	968.000
677.929	948.667
678.278	915.444
678.628	881.889
678.977	832.889
679.326	767.778
679.675	673.889
680.024	604.889
680.374	549.778
680.723	517.556
681.072	518.444
681.421	499.778
681.770	502.556
682.119	488.000
682.467	495.111
682.816	499.556
683.165	493.222
683.514	471.667
683.862	445.333
684.211	395.667
684.559	374.889
684.908	364.111
685.256	375.222
685.605	410.333
685.953	426.889
686.302	463.444
686.650	482.000
686.998	498.000
687.346	511.667
687.694	531.111
688.043	545.222
688.391	569.556
688.739	594.556
689.087	639.000
689.435	701.556
689.782	791.778
690.130	958.000
690.478	1111.333
690.826	1303.556
691.173	1475.000
691.521	1625.667
691.869	1773.333
692.216	1892.667
692.564	2006.778
692.911	2004.111
693.259	1910.778
693.606	1783.778
693.953	1592.111
694.300	1411.556
694.648	1218.889
694.995	1004.778
695.342	833.556
695.689	650.444
696.036	566.000
696.383	513.667
696.730	504.778
697.077	549.667
697.424	591.889
697.771	651.778
698.117	738.000
698.464	778.556
698.811	823.778
699.157	855.222
699.504	876.778
699.850	891.889
700.197	880.333
700.543	889.778
700.890	912.889
701.236	934.889
701.582	966.556
701.929	1032.222
702.275	1091.778
702.621	1146.111
702.967	1180.333
703.313	1151.222
703.659	1100.667
704.005	1030.222
704.351	947.222
704.697	888.000
705.043	779.889
705.388	710.333
705.734	635.889
706.080	593.778
706.426	606.667
706.771	638.222
707.117	658.889
707.462	670.667
707.808	690.778
708.153	715.556
708.498	747.889
708.844	789.556
709.189	853.889
709.534	905.556
709.879	977.889
710.225	1103.667
710.570	1196.333
710.915	1342.778
711.260	1415.444
711.605	1480.222
711.950	1497.111
712.294	1456.778
712.639	1415.333
712.984	1324.111
713.329	1210.222
713.673	1109.333
714.018	940.444
714.363	835.222
714.707	714.111
715.052	649.000
715.396	602.778
715.740	561.556
716.085	536.333
716.429	502.444
716.773	514.556
717.117	537.333
717.462	632.667
717.806	718.333
718.150	776.889
718.494	858.333
718.838	895.444
719.182	923.778
719.526	937.000
719.869	916.778
720.213	903.889
720.557	810.444
720.901	747.222
721.244	697.000
721.588	646.778
721.932	656.778
722.275	649.111
722.618	663.556
722.962	651.889
723.305	616.444
723.649	584.444
723.992	538.000
724.335	489.111
724.678	425.000
725.021	345.444
725.365	298.444
725.708	245.556
726.051	243.556
726.393	262.889
726.736	305.444
727.079	379.111
727.422	428.111
727.765	498.889
728.108	558.222
728.450	597.444
728.793	635.667
729.135	628.556
729.478	604.000
729.820	559.222
730.163	489.444
730.505	456.000
730.848	404.667
731.190	376.889
731.532	360.111
731.874	333.556
732.217	334.222
732.559	338.778
732.901	354.667
733.243	377.000
733.585	394.333
733.927	424.556
734.269	444.667
734.610	462.111
734.952	496.000
735.294	524.444
735.636	547.667
735.977	572.000
736.319	588.667
736.660	631.111
737.002	661.444
737.343	695.889
737.685	755.333
738.026	766.889
738.368	759.222
738.709	746.556
739.050	711.778
739.391	673.667
739.732	605.667
740.073	536.444
740.415	471.222
740.756	390.778
741.096	363.556
741.437	369.556
741.778	383.444
742.119	415.111
742.460	436.111
742.801	453.778
743.141	479.333
743.482	484.111
743.823	481.333
744.163	460.778
744.504	423.222
744.844	397.444
745.184	369.000
745.525	351.111
745.865	346.778
746.205	334.778
746.545	349.000
746.886	373.778
747.226	377.556
747.566	397.444
747.906	420.556
748.246	431.778
748.586	447.556
748.926	443.667
749.266	433.111
749.605	401.889
749.945	361.000
750.285	352.444
750.624	341.667
750.964	313.778
751.304	298.333
751.643	280.444
751.983	270.444
752.322	274.556
752.661	293.333
753.001	310.556
753.340	343.111
753.679	386.333
754.018	416.333
754.358	439.667
754.697	451.111
755.036	467.111
755.375	507.111
755.714	545.667
756.053	600.667
756.392	675.667
756.730	700.889
757.069	735.778
757.408	775.667
757.747	791.222
758.085	786.333
758.424	747.222
758.762	697.778
759.101	654.111
759.439	575.667
759.778	514.222
760.116	461.222
760.454	408.000
760.793	389.222
761.131	409.111
761.469	434.889
761.807	453.889
762.145	469.667
762.483	472.333
762.821	471.000
763.159	473.778
763.497	475.556
763.835	483.778
764.173	491.333
764.510	492.889
764.848	493.778
765.186	481.889
765.523	457.667
765.861	446.000
766.198	441.333
766.536	436.667
766.873	439.889
767.211	439.556
767.548	424.333
767.885	416.444
768.223	409.000
768.560	405.111
768.897	408.000
769.234	417.444
769.571	427.222
769.908	439.222
770.245	454.111
770.582	470.556
770.919	473.333
771.256	475.111
771.593	482.333
771.929	486.889
772.266	489.556
772.603	491.000
772.939	480.556
773.276	460.333
773.612	444.778
773.949	434.000
774.285	420.333
774.622	415.556
774.958	423.000
775.294	443.333
775.630	467.444
775.966	481.778
776.303	514.444
776.639	563.333
776.975	591.111
777.311	611.667
777.647	634.222
777.983	647.889
778.318	654.556
778.654	663.111
778.990	652.444
779.326	614.444
779.661	578.111
779.997	563.111
780.333	557.333
780.668	563.111
781.004	566.111
781.339	548.556
781.674	537.444
782.010	539.889
782.345	534.444
782.680	515.333
783.016	516.111
783.351	517.111
783.686	508.556
784.021	533.778
784.356	574.778
784.691	610.778
785.026	683.667
785.361	767.556
785.695	833.222
786.030	914.889
786.365	1042.667
786.700	1166.556
787.034	1268.778
787.369	1371.333
787.703	1424.556
788.038	1409.889
788.372	1373.778
788.707	1353.222
789.041	1301.111
789.376	1203.000
789.710	1100.444
790.044	970.222
790.378	819.000
790.712	708.222
791.046	632.889
791.380	571.333
791.714	521.000
792.048	471.778
792.382	430.000
792.716	407.444
793.050	409.667
793.384	435.444
793.718	496.556
794.051	559.000
794.385	604.111
794.718	647.778
795.052	734.111
795.385	864.778
795.719	986.667
796.052	1111.333
796.386	1235.000
796.719	1289.333
797.052	1296.778
797.385	1307.222
797.719	1319.222
798.052	1286.556
798.385	1203.222
798.718	1117.667
799.051	1019.333
799.384	915.222
799.716	867.000
800.049	883.889
800.382	945.667
800.715	1011.667
801.048	1041.111
801.380	1029.778
801.713	996.222
802.045	966.556
802.378	930.667
802.710	879.778
803.043	817.000
803.375	726.000
803.707	630.000
804.040	585.556
804.372	604.444
804.704	680.889
805.036	784.333
805.368	893.556
805.700	983.889
806.032	1039.333
806.364	1072.778
806.696	1095.222
807.028	1103.000
807.360	1080.111
807.692	1006.667
808.023	904.333
808.355	806.778
808.687	755.111
809.018	758.444
809.350	786.333
809.681	837.667
810.013	907.222
810.344	986.556
810.676	1065.556
811.007	1164.778
811.338	1272.000
811.669	1326.222
812.001	1325.222
812.332	1320.000
812.663	1312.111
812.994	1292.444
813.325	1291.000
813.656	1334.889
813.987	1354.556
814.317	1324.667
814.648	1322.000
814.979	1374.222
815.310	1428.444
815.640	1449.556
815.971	1461.444
816.301	1430.000
816.632	1333.111
816.962	1220.222
817.293	1152.889
817.623	1116.000
817.954	1055.333
818.284	984.111
818.614	950.444
818.944	944.556
819.274	962.556
819.605	1045.556
819.935	1256.556
820.265	1487.111
820.595	1628.667
820.924	1745.778
821.254	1915.000
821.584	2072.889
821.914	2170.556
822.244	2266.111
822.573	2371.778
822.903	2355.444
823.233	2240.000
823.562	2157.667
823.892	2143.333
824.221	2085.222
824.550	1962.444
824.880	1860.667
825.209	1767.000
825.538	1608.667
825.868	1437.333
826.197	1325.222
826.526	1235.667
826.855	1092.333
827.184	935.333
827.513	837.000
827.842	772.222
828.171	707.778
828.500	681.778
828.828	735.222
829.157	890.000
829.486	1065.222
829.815	1228.222
830.143	1463.889
830.472	1833.333
830.800	2218.222
831.129	2516.667
831.457	2740.889
831.786	2938.222
832.114	3014.000
832.442	2987.778
832.770	2945.667
833.099	2893.333
833.427	2720.556
833.755	2451.000
834.083	2193.222
834.411	1982.222
834.739	1782.444
835.067	1611.111
835.395	1512.778
835.723	1470.889
836.050	1403.667
836.378	1288.111
836.706	1197.889
837.033	1155.000
837.361	1137.222
837.689	1095.000
838.016	1039.111
838.344	1011.111
838.671	1069.778
838.998	1214.556
839.326	1386.778
839.653	1547.556
839.980	1807.222
840.307	2147.778
840.634	2436.556
840.961	2617.444
841.289	2737.889
841.615	2808.222
841.942	2793.222
842.269	2726.667
842.596	2651.889
842.923	2498.667
843.250	2237.444
843.576	1980.778
843.903	1821.889
844.230	1723.778
844.556	1637.778
844.883	1533.778
845.209	1434.333
845.536	1364.000
845.862	1299.111
846.188	1268.667
846.515	1256.111
846.841	1241.778
847.167	1208.333
847.493	1159.000
847.819	1157.222
848.146	1198.667
848.472	1255.889
848.798	1357.222
849.123	1474.556
849.449	1560.444
849.775	1594.444
850.101	1595.444
850.427	1560.778
850.752	1497.778
851.078	1427.444
851.404	1350.000
851.729	1237.444
852.055	1120.222
852.380	1061.000
852.706	1033.667
853.031	1012.222
853.356	981.667
853.682	943.889
854.007	930.889
854.332	929.222
854.657	931.333
854.982	996.778
855.307	1142.667
855.632	1316.111
855.957	1431.778
856.282	1522.444
856.607	1682.333
856.932	1965.667
857.256	2267.889
857.581	2478.444
857.906	2613.556
858.230	2753.222
858.555	2886.222
858.880	2978.111
859.204	2975.667
859.529	2843.222
859.853	2593.667
860.177	2357.333
860.502	2173.000
860.826	1944.778
861.150	1647.889
861.474	1430.333
861.798	1372.111
862.122	1382.222
862.446	1377.667
862.770	1340.889
863.094	1280.889
863.418	1253.444
863.742	1250.778
864.066	1222.000
864.389	1175.000
864.713	1174.111
865.037	1273.667
865.360	1411.667
865.684	1522.778
866.008	1668.000
866.331	1933.444
866.654	2279.889
866.978	2629.667
867.301	2940.111
867.624	3050.778
867.948	3116.556
868.271	3222.667
868.594	3306.667
868.917	3255.889
869.240	3004.444
869.563	2645.000
869.886	2293.444
870.209	1953.222
870.532	1726.556
870.855	1476.778
871.177	1202.778
871.500	1003.778
871.823	891.778
872.145	830.111
872.468	785.778
872.791	734.556
873.113	707.889
873.435	740.222
873.758	811.222
874.080	867.778
874.402	893.000
874.725	948.333
875.047	1051.111
875.369	1199.667
875.691	1367.556
876.013	1481.111
876.335	1532.222
876.657	1592.556
876.979	1747.222
877.301	1925.889
877.623	2031.667
877.945	2036.333
878.266	1965.333
878.588	1869.556
878.910	1807.778
879.231	1757.444
879.553	1673.556
879.875	1510.778
880.196	1367.222
880.517	1308.111
880.839	1302.778
881.160	1313.556
881.481	1304.556
881.803	1276.778
882.124	1304.000
882.445	1425.111
882.766	1632.000
883.087	1823.444
883.408	1952.667
883.729	2103.111
884.050	2331.333
884.371	2615.778
884.692	2867.778
885.012	2984.222
885.333	2955.111
885.654	2818.778
885.974	2706.556
886.295	2695.556
886.616	2715.778
886.936	2666.111
887.257	2529.111
887.577	2383.333
887.897	2299.222
888.218	2260.000
888.538	2245.889
888.858	2171.333
889.178	2002.444
889.498	1789.444
889.818	1594.556
890.139	1459.000
890.458	1351.444
890.778	1243.222
891.098	1158.667
891.418	1101.778
891.738	1137.556
892.058	1287.222
892.377	1516.111
892.697	1755.222
893.017	1963.222
893.336	2144.111
893.656	2327.222
893.975	2490.778
894.295	2611.556
894.614	2638.444
894.933	2526.889
895.253	2320.556
895.572	2083.889
895.891	1880.222
896.210	1727.333
896.529	1572.778
896.848	1410.444
897.167	1246.778
897.486	1108.000
897.805	1027.333
898.124	964.889
898.443	922.667
898.762	886.667
899.081	840.778
899.399	810.556
899.718	790.222
900.036	793.667
900.355	828.667
900.673	882.778
900.992	988.556
901.310	1130.222
901.629	1299.778
901.947	1494.889
902.265	1667.333
902.583	1807.111
902.902	1917.778
903.220	1993.111
903.538	2049.000
903.856	2038.111
904.174	1983.333
904.492	1922.778
904.810	1866.778
905.128	1842.889
905.445	1831.667
905.763	1801.222
906.081	1755.111
906.398	1705.000
906.716	1635.778
907.034	1555.556
907.351	1435.778
907.669	1301.333
907.986	1176.778
908.304	1093.778
908.621	1070.000
908.938	1091.444
909.255	1124.556
909.573	1213.667
909.890	1316.444
910.207	1442.667
910.524	1599.778
910.841	1823.111
911.158	2106.333
911.475	2402.444
911.792	2654.333
912.109	2828.444
912.425	2941.778
912.742	3041.444
913.059	3117.111
913.375	3134.778
913.692	3064.333
914.009	2896.222
914.325	2681.667
914.641	2457.778
914.958	2258.667
915.274	2076.778
915.591	1885.667
915.907	1688.000
916.223	1500.556
916.539	1311.111
916.855	1162.000
917.172	1048.778
917.488	989.778
917.804	1014.667
918.119	1102.889
918.435	1246.778
918.751	1415.444
919.067	1583.111
919.383	1742.000
919.698	1854.556
920.014	1911.222
920.330	1933.444
920.645	1911.889
920.961	1870.556
921.276	1821.111
921.592	1745.778
921.907	1648.667
922.223	1530.889
922.538	1412.333
922.853	1326.667
923.168	1252.889
923.483	1176.778
923.799	1088.778
924.114	977.333
924.429	869.444
924.744	779.889
925.059	709.000
925.373	656.778
925.688	609.778
926.003	567.000
926.318	546.111
926.632	541.333
926.947	567.444
927.262	632.111
927.576	701.889
927.891	769.778
928.205	829.444
928.520	882.444
928.834	945.222
929.148	999.444
929.463	1051.556
929.777	1100.556
930.091	1146.444
930.405	1201.889
930.719	1258.667
931.033	1299.778
931.347	1334.556
931.661	1361.556
931.975	1382.667
932.289	1393.222
932.603	1379.000
932.917	1326.889
933.230	1255.111
933.544	1172.778
933.858	1098.333
934.171	1031.444
934.485	954.000
934.798	882.222
935.112	815.444
935.425	765.444
935.738	783.444
936.052	876.889
936.365	1025.667
936.678	1209.333
936.991	1376.556
937.305	1543.000
937.618	1733.778
937.931	1948.667
938.244	2185.222
938.556	2397.444
938.869	2540.444
939.182	2634.667
939.495	2689.000
939.808	2713.333
940.120	2700.000
940.433	2613.111
940.746	2454.000
941.058	2241.556
941.371	1990.000
941.683	1730.556
941.996	1490.667
942.308	1261.667
942.620	1077.556
942.933	950.222
943.245	856.000
943.557	794.556
943.869	745.222
944.181	698.444
944.493	672.000
944.805	661.667
945.117	682.222
945.429	741.222
945.741	814.444
946.053	901.889
946.365	992.333
946.676	1060.111
946.988	1107.667
947.300	1145.444
947.611	1156.778
947.923	1159.444
948.234	1145.667
948.546	1120.222
948.857	1097.556
949.169	1075.889
949.480	1054.111
949.791	1049.333
950.102	1041.556
950.413	1028.556
950.725	1010.111
951.036	972.000
951.347	910.667
951.658	857.889
951.969	809.667
952.280	782.111
952.590	793.000
952.901	814.667
953.212	841.556
953.523	880.778
953.833	911.000
954.144	944.444
954.454	966.444
954.765	971.444
955.075	979.444
955.386	976.778
955.696	974.333
956.007	999.111
956.317	1041.111
956.627	1092.556
956.937	1182.111
957.247	1287.333
957.558	1395.222
957.868	1502.333
958.178	1577.222
958.488	1622.111
958.797	1643.556
959.107	1615.556
959.417	1575.444
959.727	1509.556
960.037	1411.333
960.346	1308.333
960.656	1202.778
960.966	1101.889
961.275	1021.667
961.585	960.333
961.894	916.000
962.203	883.889
962.513	858.778
962.822	841.667
963.131	837.778
963.441	846.667
963.750	866.000
964.059	893.556
964.368	924.889
964.677	956.444
964.986	1000.667
965.295	1052.000
965.604	1120.000
965.913	1168.889
966.221	1209.000
966.530	1227.667
966.839	1240.667
967.148	1237.111
967.456	1218.222
967.765	1186.667
968.073	1139.778
968.382	1070.333
968.690	1029.889
968.999	991.333
969.307	954.444
969.615	930.444
969.924	909.111
970.232	892.222
970.540	887.222
970.848	879.667
971.156	871.222
971.464	870.222
971.772	873.333
972.080	897.111
972.388	940.111
972.696	988.667
973.003	1040.556
973.311	1095.333
973.619	1147.556
973.926	1192.556
974.234	1225.000
974.542	1233.556
974.849	1219.889
975.157	1186.444
975.464	1133.667
975.771	1083.111
976.079	1028.778
976.386	969.778
976.693	918.444
977.000	873.778
977.307	834.222
977.615	812.667
977.922	792.333
978.229	782.000
978.536	773.111
978.842	758.556
979.149	742.000
979.456	720.778
979.763	682.000
980.070	643.667
980.376	601.111
980.683	544.000
980.989	488.000
981.296	439.111
981.602	392.222
981.909	362.000
982.215	354.333
982.522	360.556
982.828	385.000
983.134	424.556
983.440	477.000
983.746	535.222
984.053	600.000
984.359	665.333
984.665	722.111
984.971	771.444
985.277	818.000
985.582	840.333
985.888	848.333
986.194	857.222
986.500	854.778
986.805	844.889
987.111	838.556
987.417	822.222
987.722	802.556
988.028	790.333
988.333	784.111
988.639	782.111
988.944	780.556
989.249	775.222
989.555	769.444
989.860	767.222
990.165	774.667
990.470	789.667
990.775	805.778
991.080	834.778
991.385	858.778
991.690	883.778
991.995	916.444
992.300	947.667
992.605	978.333
992.910	1010.556
993.214	1029.333
993.519	1031.889
993.824	1027.444
994.128	1021.889
994.433	1008.556
994.737	990.778
995.042	960.889
995.346	916.222
995.650	872.111
995.955	821.222
996.259	768.111
996.563	718.667
996.867	663.667
997.171	605.556
997.476	556.111
997.780	510.778
998.083	466.667
998.387	427.000
998.691	398.889
998.995	377.111
999.299	357.000
999.603	350.444
999.906	343.222
1000.210	334.556
1000.514	330.111
1000.817	325.667
1001.121	322.000
1001.424	319.667
1001.728	317.333
1002.031	319.556
1002.334	318.444
1002.638	320.000
1002.941	336.111
1003.244	360.222
1003.547	383.444
1003.850	417.222
1004.153	457.667
1004.456	493.444
1004.759	530.889
1005.062	576.778
1005.365	611.000
1005.668	638.444
1005.971	678.222
1006.273	707.333
1006.576	730.667
1006.879	762.444
1007.181	785.556
1007.484	810.000
1007.786	852.667
1008.089	899.333
1008.391	931.667
1008.693	967.222
1008.996	1006.556
1009.298	1030.000
1009.600	1052.222
1009.902	1086.333
1010.204	1093.333
1010.507	1086.556
1010.809	1090.667
1011.111	1081.889
1011.412	1054.333
1011.714	1037.667
1012.016	1018.111
1012.318	987.222
1012.620	958.667
1012.921	931.667
1013.223	888.667
1013.525	847.667
1013.826	819.000
1014.128	780.444
1014.429	745.222
1014.731	714.000
1015.032	672.667
1015.333	633.778
1015.635	608.333
1015.936	575.667
1016.237	538.000
1016.538	508.889
1016.839	483.111
1017.140	454.778
1017.441	435.111
1017.742	423.111
1018.043	404.222
1018.344	385.222
1018.645	375.111
1018.946	359.889
1019.246	342.556
1019.547	331.667
1019.848	316.222
1020.148	301.889
1020.449	292.111
1020.749	282.667
1021.050	283.667
1021.350	289.222
1021.651	297.000
1021.951	312.000
1022.251	329.778
1022.551	347.667
1022.852	359.111
1023.152	375.556
1023.452	392.111
1023.752	397.889
1024.052	410.333
1024.352	429.444
1024.652	435.556
1024.952	449.000
1025.251	465.889
1025.551	477.778
1025.851	486.889
1026.150	507.333
1026.450	523.333
1026.750	529.667
1027.049	542.778
1027.349	560.000
1027.648	563.111
1027.947	573.444
1028.247	597.000
1028.546	604.889
1028.845	605.889
1029.144	619.889
1029.444	622.667
1029.743	606.111
1030.042	600.222
1030.341	592.444
1030.640	568.556
1030.939	545.889
1031.238	532.333
1031.536	506.222
1031.835	473.556
1032.134	453.556
1032.433	432.444
1032.731	402.111
1033.030	379.556
1033.328	358.667
1033.627	330.444
1033.925	306.889
1034.224	290.889
1034.522	281.222
1034.820	266.222
1035.119	258.556
1035.417	248.333
1035.715	237.667
1036.013	234.333
1036.311	229.556
1036.609	222.889
1036.907	219.222
1037.205	211.778
1037.503	208.111
1037.801	210.000
1038.099	213.667
1038.397	215.889
1038.694	223.000
1038.992	234.333
1039.290	241.556
1039.587	252.778
1039.885	268.444
1040.182	280.111
1040.479	288.778
1040.777	309.778
1041.074	330.000
1041.372	338.667
1041.669	350.889
1041.966	372.889
1042.263	380.667
1042.560	388.333
1042.857	407.889
1043.154	419.889
1043.451	422.778
1043.748	431.222
1044.045	441.889
1044.342	440.111
1044.639	434.556
1044.935	442.556
1045.232	435.778
1045.529	424.667
1045.825	424.333
1046.122	415.556
1046.418	400.222
1046.715	394.778
1047.011	394.222
1047.308	386.778
1047.604	376.333
1047.900	377.333
1048.197	368.889
1048.493	351.556
1048.789	344.667
1049.085	336.333
1049.381	318.111
1049.677	302.111
1049.973	290.333
1050.269	274.667
1050.565	256.000
1050.860	246.556
1051.156	235.778
1051.452	220.222
1051.748	209.444
1052.043	200.778
1052.339	190.556
1052.634	183.667
1052.930	176.667
1053.225	167.889
1053.521	157.000
1053.816	151.889
1054.111	149.111
1054.407	144.222
1054.702	141.889
1054.997	141.111
1055.292	136.000
1055.587	133.667
1055.882	136.889
1056.177	139.667
1056.472	141.889
1056.767	148.667
1057.062	159.889
1057.357	169.333
1057.651	181.333
1057.946	204.000
1058.241	222.111
1058.535	232.444
1058.830	254.667
1059.124	282.444
1059.419	297.778
1059.713	317.222
1060.008	345.333
1060.302	363.000
1060.596	366.333
1060.890	385.667
1061.185	412.222
1061.479	415.778
1061.773	419.000
1062.067	439.889
1062.361	442.333
1062.655	432.667
1062.949	445.889
1063.243	461.111
1063.536	452.444
1063.830	443.889
1064.124	456.333
1064.418	451.778
1064.711	434.111
1065.005	430.556
1065.298	431.000
1065.592	404.889
1065.885	383.889
1066.179	377.111
1066.472	360.667
1066.765	333.778
1067.058	322.111
1067.352	311.111
1067.645	288.333
1067.938	266.000
1068.231	253.444
1068.524	236.778
1068.817	215.556
1069.110	200.889
1069.403	186.333
1069.696	166.000
1069.989	147.556
1070.281	136.556
1070.574	123.444
1070.867	113.444
1071.159	105.778
1071.452	99.778
1071.744	94.556
1072.037	90.333
1072.329	87.444
1072.622	86.111
1072.914	85.556
1073.206	86.778
1073.498	87.111
1073.791	89.111
1074.083	91.000
1074.375	93.889
1074.667	95.889
1074.959	98.111
1075.251	99.667
1075.543	102.111
1075.835	102.778
1076.126	103.333
1076.418	103.444
1076.710	105.000
1077.002	105.000
1077.293	107.444
1077.585	111.556
1077.876	113.778
1078.168	115.333
1078.459	120.111
1078.751	125.111
1079.042	127.333
1079.333	130.889
1079.625	135.556
1079.916	136.889
1080.207	137.333
1080.498	140.667
1080.789	143.444
1081.080	144.000
1081.371	143.889
1081.662	147.333
1081.953	147.556
1082.244	144.778
1082.535	145.444
1082.826	146.111
1083.116	143.222
1083.407	141.000
1083.698	139.556
1083.988	137.333
1084.279	131.556
1084.569	127.889
1084.859	127.333
1085.150	125.333
1085.440	122.222
1085.730	120.556
1086.021	118.667
1086.311	114.556
1086.601	111.111
1086.891	109.222
1087.181	105.333
1087.471	99.667
1087.761	94.778
1088.051	90.556
1088.341	87.111
1088.631	84.000
1088.921	82.000
1089.210	80.111
1089.500	77.333
1089.790	75.667
1090.079	74.889
1090.369	74.333
1090.658	73.444
1090.948	73.333
1091.237	72.222
1091.526	71.889
1091.816	73.444
1092.105	75.222
1092.394	77.222
1092.683	78.667
1092.973	79.889
1093.262	81.444
1093.551	81.000
1093.840	82.556
1094.129	84.111
1094.417	85.444
1094.706	87.556
1094.995	88.444
1095.284	88.778
1095.573	89.778
1095.861	89.556
1096.150	91.444
1096.438	93.556
1096.727	93.778
1097.016	91.111
1097.304	88.889
1097.592	88.111
1097.881	87.111
1098.169	85.333
1098.457	85.111
1098.745	83.333
1099.034	80.333
1099.322	80.556
