520.430	0.000
520.800	0.000
521.169	51.000
521.539	52.000
521.909	59.000
522.278	75.000
522.648	64.000
523.017	65.000
523.387	67.000
523.756	62.000
524.125	56.000
524.494	73.000
524.864	58.000
525.233	59.000
525.602	67.000
525.971	61.000
526.340	59.000
526.709	65.000
527.078	60.000
527.447	67.000
527.816	164.000
528.185	523.667
528.553	859.444
528.922	1142.667
529.291	1392.222
529.659	1601.556
530.028	1764.667
530.396	1882.111
530.765	1963.556
531.133	1932.333
531.502	1638.444
531.870	1376.889
532.238	1179.667
532.606	1037.111
532.975	958.111
533.343	957.889
533.711	1029.778
534.079	1174.444
534.447	1371.222
534.815	1623.889
535.183	1899.778
535.551	2199.333
535.919	2461.111
536.286	2709.556
536.654	2926.667
537.022	3098.667
537.389	3237.444
537.757	3335.556
538.125	3332.556
538.492	3236.889
538.859	3067.556
539.227	2844.444
539.594	2571.444
539.961	2276.889
540.329	1989.333
540.696	1704.111
541.063	1440.778
541.430	1258.000
541.797	1169.333
542.164	1145.222
542.531	1204.000
542.898	1329.111
543.265	1478.889
543.632	1641.000
543.999	1804.556
544.366	1936.667
544.732	2023.778
545.099	2059.444
545.466	2067.556
545.832	2087.667
546.199	2108.111
546.565	2172.111
546.932	2249.556
547.298	2304.111
547.664	2363.111
548.031	2413.000
548.397	2400.111
548.763	2379.889
549.129	2321.333
549.495	2191.778
549.861	1989.222
550.227	1761.667
550.593	1570.444
550.959	1413.333
551.325	1347.778
551.691	1449.000
552.057	1609.778
552.422	1849.556
552.788	2164.000
553.154	2494.000
553.519	2849.556
553.885	3187.222
554.250	3420.889
554.616	3525.444
554.981	3509.889
555.347	3371.556
555.712	3123.111
556.077	2792.556
556.443	2451.000
556.808	2093.556
557.173	1717.556
557.538	1424.111
557.903	1191.667
558.268	1017.889
558.633	922.556
558.998	877.000
559.363	888.889
559.727	955.667
560.092	1049.444
560.457	1197.556
560.822	1376.111
561.186	1584.111
561.551	1823.444
561.915	2134.111
562.280	2437.111
562.644	2765.333
563.009	3062.222
563.373	3333.333
563.737	3557.000
564.102	3692.444
564.466	3678.667
564.830	3597.667
565.194	3423.000
565.558	3213.333
565.922	2962.222
566.286	2713.556
566.650	2470.111
567.014	2262.667
567.378	2165.556
567.741	2149.111
568.105	2164.222
568.469	2213.778
568.833	2260.667
569.196	2297.222
569.560	2307.556
569.923	2298.444
570.287	2282.778
570.650	2253.889
571.013	2256.667
571.377	2270.889
571.740	2307.111
572.103	2354.111
572.466	2476.222
572.830	2632.667
573.193	2737.444
573.556	2846.667
573.919	2847.111
574.282	2802.000
574.645	2721.556
575.007	2548.000
575.370	2384.556
575.733	2155.444
576.096	1904.222
576.458	1731.222
576.821	1575.778
577.184	1491.667
577.546	1516.222
577.909	1557.000
578.271	1638.111
578.633	1796.111
578.996	1996.556
579.358	2195.556
579.720	2421.889
580.083	2553.667
580.445	2656.333
580.807	2706.333
581.169	2690.444
581.531	2670.889
581.893	2567.222
582.255	2405.556
582.617	2239.778
582.979	2000.333
583.340	1793.000
583.702	1620.444
584.064	1441.444
584.425	1310.667
584.787	1199.111
585.149	1094.444
585.510	1038.556
585.872	1002.222
586.233	993.444
586.594	1022.556
586.956	1024.000
587.317	1037.111
587.678	1053.111
588.039	1059.000
588.401	1102.333
588.762	1141.111
589.123	1153.222
589.484	1165.667
589.845	1155.667
590.206	1178.444
590.566	1226.556
590.927	1254.000
591.288	1288.444
591.649	1286.333
592.009	1253.333
592.370	1294.778
592.731	1332.111
593.091	1396.889
593.452	1430.444
593.812	1386.444
594.172	1353.111
594.533	1302.556
594.893	1261.889
595.253	1233.444
595.614	1129.333
595.974	1028.778
596.334	919.889
596.694	823.778
597.054	828.778
597.414	840.222
597.774	886.111
598.134	946.444
598.494	1008.778
598.853	1122.111
599.213	1228.889
599.573	1290.111
599.932	1376.000
600.292	1371.333
600.652	1382.556
601.011	1327.222
601.371	1271.667
601.730	1204.000
602.089	1125.444
602.449	1079.889
602.808	1069.889
603.167	1081.556
603.526	1150.889
603.886	1231.778
604.245	1478.667
604.604	1718.444
604.963	2033.000
605.322	2307.778
605.681	2518.556
606.040	2725.556
606.398	2826.667
606.757	2913.889
607.116	3009.556
607.475	2955.111
607.833	2955.111
608.192	2798.222
608.550	2651.889
608.909	2534.000
609.267	2371.556
609.626	2293.667
609.984	2162.222
610.342	2017.556
610.701	1895.667
611.059	1715.667
611.417	1686.000
611.775	1635.444
612.133	1641.667
612.491	1639.667
612.849	1694.889
613.207	1807.222
613.565	1924.778
613.923	2081.000
614.281	2195.667
614.638	2284.333
614.996	2332.000
615.354	2361.556
615.711	2432.667
616.069	2417.889
616.427	2401.111
616.784	2344.222
617.141	2350.444
617.499	2363.444
617.856	2349.333
618.213	2353.111
618.571	2301.000
618.928	2288.889
619.285	2215.889
619.642	2132.444
619.999	2018.778
620.356	1808.222
620.713	1624.222
621.070	1422.444
621.427	1264.556
621.784	1131.444
622.141	980.556
622.497	902.000
622.854	842.000
623.211	846.778
623.567	855.444
623.924	893.778
624.280	963.667
624.637	1087.444
624.993	1142.000
625.349	1177.000
625.706	1167.333
626.062	1154.444
626.418	1114.667
626.774	1064.222
627.131	1004.222
627.487	926.111
627.843	829.667
628.199	789.889
628.555	785.333
628.911	807.778
629.266	828.000
629.622	841.889
629.978	847.889
630.334	853.556
630.689	856.111
631.045	868.444
631.401	884.111
631.756	915.667
632.112	913.000
632.467	891.778
632.822	873.000
633.178	883.222
633.533	870.000
633.888	848.667
634.243	804.667
634.599	787.222
634.954	733.111
635.309	704.556
635.664	682.778
636.019	664.000
636.374	650.667
636.729	656.000
637.083	692.556
637.438	725.444
637.793	773.667
638.148	831.889
638.502	923.000
638.857	1072.667
639.211	1222.000
639.566	1376.667
639.920	1496.444
640.275	1650.556
640.629	1787.778
640.983	1950.444
641.338	2006.222
641.692	2044.667
642.046	1966.444
642.400	1893.667
642.754	1775.000
643.108	1672.111
643.462	1496.889
643.816	1327.222
644.170	1123.889
644.524	998.778
644.878	864.444
645.232	788.556
645.585	751.111
645.939	767.556
646.293	851.556
646.646	946.111
647.000	1096.333
647.353	1201.667
647.707	1369.111
648.060	1560.000
648.413	1794.111
648.767	1972.222
649.120	2098.667
649.473	2089.778
649.826	2083.667
650.179	2081.889
650.533	2119.556
650.885	2098.111
651.239	2027.000
651.591	1870.111
651.944	1713.333
652.297	1576.000
652.650	1497.889
653.003	1408.778
653.355	1258.222
653.708	1110.222
654.061	952.556
654.413	819.444
654.766	714.667
655.118	633.556
655.471	553.556
655.823	505.889
656.175	469.333
656.528	437.889
656.880	396.556
657.232	400.889
657.584	455.667
657.936	585.333
658.288	705.889
658.640	865.333
658.992	1010.556
659.344	1203.333
659.696	1340.444
660.048	1480.889
660.400	1537.667
660.751	1552.000
661.103	1477.556
661.455	1420.333
661.806	1332.556
662.158	1279.667
662.509	1163.333
662.861	1095.444
663.212	986.556
663.563	947.667
663.915	955.333
664.266	1061.333
664.617	1112.889
664.968	1145.333
665.319	1128.444
665.670	1172.000
666.021	1240.111
666.372	1401.889
666.723	1503.556
667.074	1587.000
667.425	1568.889
667.776	1636.889
668.127	1701.111
668.477	1796.667
668.828	1812.778
669.179	1780.111
669.529	1674.889
669.880	1627.000
670.230	1558.889
670.581	1518.889
670.931	1423.667
671.281	1318.667
671.632	1204.222
671.982	1110.556
672.332	1055.000
672.682	986.889
673.032	910.556
673.382	805.889
673.732	706.889
674.082	646.111
674.432	668.667
674.782	683.556
675.132	744.111
675.482	743.667
675.831	745.333
676.181	721.000
676.531	720.667
676.880	708.667
677.230	668.889
677.579	580.111
677.929	523.778
678.278	448.444
678.628	444.889
678.977	457.556
679.326	481.556
679.675	505.111
680.024	511.667
680.374	524.111
680.723	540.333
681.072	555.444
681.421	567.222
681.770	597.222
682.119	624.111
682.467	681.667
682.816	747.889
683.165	858.444
683.514	966.444
683.862	1101.333
684.211	1223.556
684.559	1317.444
684.908	1416.667
685.256	1501.667
685.605	1632.333
685.953	1691.222
686.302	1740.111
686.650	1706.111
686.998	1607.111
687.346	1484.333
687.694	1373.889
688.043	1222.778
688.391	1079.222
688.739	873.111
689.087	737.111
689.435	613.778
689.782	560.111
690.130	566.222
690.478	588.333
690.826	674.778
691.173	766.222
691.521	862.333
691.869	959.667
692.216	1006.444
692.564	1037.000
692.911	1061.444
693.259	1061.000
693.606	1068.778
693.953	1083.889
694.300	1102.222
694.648	1147.111
694.995	1180.556
695.342	1225.778
695.689	1267.333
696.036	1279.444
696.383	1303.667
696.730	1284.111
697.077	1193.556
697.424	1085.333
697.771	968.778
698.117	882.111
698.464	816.333
698.811	780.667
699.157	793.667
699.504	820.667
699.850	878.778
700.197	927.444
700.543	978.333
700.890	1010.000
701.236	1029.111
701.582	1047.556
701.929	1060.000
702.275	1081.778
702.621	1121.000
702.967	1167.000
703.313	1248.667
703.659	1359.778
704.005	1459.667
704.351	1582.556
704.697	1686.111
705.043	1812.000
705.388	1896.000
705.734	1855.556
706.080	1778.556
706.426	1656.333
706.771	1520.556
707.117	1397.333
707.462	1236.556
707.808	1116.000
708.153	942.222
708.498	820.444
708.844	748.333
709.189	712.000
709.534	691.889
709.879	683.222
710.225	718.222
710.570	749.778
710.915	845.778
711.260	888.222
711.605	902.778
711.950	926.889
712.294	931.444
712.639	957.111
712.984	964.778
713.329	962.000
713.673	950.556
714.018	876.556
714.363	855.556
714.707	840.222
715.052	868.889
715.396	888.667
715.740	925.222
716.085	955.778
716.429	915.556
716.773	885.667
717.117	828.333
717.462	777.111
717.806	724.444
718.150	633.667
718.494	569.444
718.838	484.889
719.182	426.444
719.526	425.000
719.869	447.444
720.213	504.222
720.557	534.222
720.901	582.333
721.244	634.889
721.588	690.778
721.932	771.889
722.275	786.222
722.618	778.000
722.962	731.222
723.305	670.444
723.649	639.889
723.992	601.444
724.335	578.000
724.678	543.222
725.021	471.222
725.365	450.000
725.708	435.333
726.051	448.000
726.393	458.778
726.736	464.889
727.079	483.778
727.422	475.333
727.765	483.111
728.108	496.000
728.450	505.667
728.793	538.333
729.135	556.111
729.478	594.556
729.820	632.556
730.163	676.333
730.505	767.778
730.848	806.667
731.190	856.333
731.532	883.778
731.874	866.444
732.217	850.333
732.559	798.222
732.901	735.778
733.243	652.444
733.585	545.222
733.927	503.333
734.269	472.111
734.610	474.000
734.952	538.222
735.294	586.222
735.636	628.000
735.977	679.778
736.319	726.444
736.660	779.778
737.002	801.000
737.343	775.667
737.685	727.444
738.026	637.111
738.368	572.000
738.709	537.667
739.050	522.333
739.391	544.667
739.732	551.556
740.073	546.333
740.415	568.556
740.756	590.222
741.096	636.778
741.437	681.778
741.778	695.222
742.119	683.444
742.460	626.444
742.801	568.333
743.141	540.111
743.482	507.000
743.823	485.333
744.163	443.111
744.504	395.889
744.844	388.556
745.184	399.000
745.525	417.556
745.865	461.111
746.205	486.333
746.545	507.000
746.886	550.556
747.226	582.222
747.566	600.778
747.906	606.778
748.246	599.444
748.586	624.111
748.926	653.444
749.266	700.333
749.605	780.111
749.945	817.667
750.285	839.667
750.624	867.222
750.964	864.111
751.304	853.667
751.643	807.444
751.983	733.889
752.322	673.111
752.661	593.333
753.001	518.111
753.340	485.333
753.679	463.778
754.018	471.222
754.358	525.000
754.697	581.889
755.036	637.000
755.375	686.667
755.714	696.333
756.053	702.222
756.392	702.778
756.730	700.222
757.069	737.333
757.408	762.667
757.747	757.000
758.085	772.889
758.424	784.111
758.762	786.889
759.101	782.778
759.439	765.000
759.778	749.222
760.116	708.556
760.454	645.778
760.793	616.111
761.131	591.778
761.469	540.111
761.807	504.667
762.145	489.444
762.483	480.000
762.821	489.000
763.159	508.333
763.497	514.889
763.835	507.556
764.173	482.222
764.510	463.667
764.848	461.000
765.186	468.000
765.523	479.444
765.861	486.778
766.198	492.556
766.536	495.000
766.873	502.000
767.211	502.889
767.548	491.889
767.885	492.000
768.223	496.444
768.560	504.222
768.897	520.778
769.234	544.667
769.571	566.889
769.908	578.000
770.245	595.556
770.582	629.444
770.919	660.778
771.256	691.333
771.593	701.889
771.929	689.000
772.266	654.000
772.603	617.667
772.939	590.667
773.276	578.667
773.612	589.333
773.949	607.778
774.285	646.111
774.622	694.778
774.958	710.889
775.294	705.778
775.630	710.000
775.966	715.444
776.303	713.444
776.639	745.889
776.975	769.000
777.311	757.667
777.647	751.111
777.983	757.444
778.318	787.111
778.654	855.889
778.990	939.000
779.326	1004.667
779.661	1064.778
779.997	1119.000
780.333	1174.667
780.668	1245.111
781.004	1288.556
781.339	1279.667
781.674	1242.333
782.010	1208.556
782.345	1165.000
782.680	1054.444
783.016	945.111
783.351	824.778
783.686	692.556
784.021	615.000
784.356	565.778
784.691	512.000
785.026	453.889
785.361	407.000
785.695	395.000
786.030	420.556
786.365	457.667
786.700	480.333
787.034	504.778
787.369	566.556
787.703	644.889
788.038	732.778
788.372	891.889
788.707	1063.556
789.041	1176.333
789.376	1281.000
789.710	1373.444
790.044	1406.111
790.378	1394.444
790.712	1389.444
791.046	1370.556
791.380	1263.333
791.714	1122.889
792.048	1006.333
792.382	920.889
792.716	907.444
793.050	948.889
793.384	991.000
793.718	1000.889
794.051	984.000
794.385	960.222
794.718	941.556
795.052	942.222
795.385	922.667
795.719	846.556
796.052	762.778
796.386	702.222
796.719	657.667
797.052	660.333
797.385	726.889
797.719	810.333
798.052	868.667
798.385	923.778
798.718	972.667
799.051	1003.222
799.384	1000.444
799.716	987.111
800.049	953.889
800.382	873.444
800.715	778.667
801.048	705.667
801.380	655.556
801.713	634.000
802.045	637.667
802.378	653.444
802.710	663.556
803.043	678.000
803.375	711.889
803.707	767.889
804.040	837.889
804.372	891.556
804.704	911.333
805.036	916.000
805.368	931.778
805.700	973.000
806.032	1036.444
806.364	1117.111
806.696	1173.000
807.028	1176.333
807.360	1164.556
807.692	1181.667
808.023	1221.667
808.355	1276.778
808.687	1316.111
809.018	1310.556
809.350	1250.778
809.681	1188.778
810.013	1186.222
810.344	1226.889
810.676	1246.889
811.007	1246.222
811.338	1220.111
811.669	1178.667
812.001	1181.778
812.332	1322.444
812.663	1569.222
812.994	1750.000
813.325	1855.333
813.656	1986.222
813.987	2118.778
814.317	2211.778
814.648	2327.000
814.979	2474.444
815.310	2513.000
815.640	2403.778
815.971	2314.778
816.301	2264.778
816.632	2173.333
816.962	2053.222
817.293	1995.333
817.623	1936.556
817.954	1784.556
818.284	1594.333
818.614	1448.778
818.944	1310.778
819.274	1172.667
819.605	1058.333
819.935	982.889
820.265	895.111
820.595	804.444
820.924	793.333
821.254	906.000
821.584	1072.556
821.914	1249.889
822.244	1474.667
822.573	1777.444
822.903	2097.000
823.233	2390.778
823.562	2720.333
823.892	3052.667
824.221	3280.111
824.550	3297.778
824.880	3273.667
825.209	3211.000
825.538	3056.778
825.868	2835.444
826.197	2613.000
826.526	2338.889
826.855	2000.222
827.184	1662.778
827.513	1500.333
827.842	1430.556
828.171	1360.111
828.500	1270.000
828.828	1198.333
829.157	1146.556
829.486	1103.222
829.815	1064.889
830.143	1047.444
830.472	1046.111
830.800	1025.778
831.129	1022.222
831.457	1130.333
831.786	1463.111
832.114	1823.667
832.442	2187.778
832.770	2564.778
833.099	2889.333
833.427	3118.111
833.755	3237.667
834.083	3296.000
834.411	3345.889
834.739	3294.000
835.067	3163.556
835.395	2922.222
835.723	2613.444
836.050	2344.778
836.378	2138.667
836.706	2000.333
837.033	1920.889
837.361	1821.556
837.689	1621.333
838.016	1423.667
838.344	1318.222
838.671	1302.667
838.998	1309.333
839.326	1286.889
839.653	1250.000
839.980	1249.000
840.307	1303.889
840.634	1387.778
840.961	1466.000
841.289	1535.556
841.615	1598.444
841.942	1621.889
842.269	1631.778
842.596	1644.000
842.923	1658.111
843.250	1631.222
843.576	1569.222
843.903	1513.778
844.230	1469.333
844.556	1431.667
844.883	1408.889
845.209	1383.778
845.536	1357.667
845.862	1284.778
846.188	1173.000
846.515	1085.778
846.841	1066.444
847.167	1141.222
847.493	1348.889
847.819	1604.222
848.146	1796.778
848.472	1917.000
848.798	2076.222
849.123	2354.333
849.449	2677.778
849.775	2910.444
850.101	3040.000
850.427	3079.556
850.752	3055.111
851.078	2999.889
851.404	2936.667
851.729	2805.111
852.055	2562.333
852.380	2298.333
852.706	2088.889
853.031	1890.222
853.356	1688.333
853.682	1613.556
854.007	1681.222
854.332	1746.667
854.657	1761.111
854.982	1723.111
855.307	1646.667
855.632	1610.111
855.957	1588.222
856.282	1549.000
856.607	1540.111
856.932	1631.889
857.256	1780.222
857.581	1901.000
857.906	2063.556
858.230	2390.444
858.555	2728.444
858.880	3066.333
859.204	3359.333
859.529	3508.000
859.853	3540.333
860.177	3605.444
860.502	3658.111
860.826	3580.222
861.150	3298.333
861.474	2974.333
861.798	2646.000
862.122	2303.889
862.446	1959.667
862.770	1649.000
863.094	1392.667
863.418	1254.000
863.742	1181.667
864.066	1107.111
864.389	1032.000
864.713	976.333
865.037	986.000
865.360	1044.778
865.684	1063.000
866.008	1058.111
866.331	1108.222
866.654	1247.667
866.978	1416.222
867.301	1537.778
867.624	1633.667
867.948	1739.111
868.271	1920.000
868.594	2142.444
868.917	2291.000
869.240	2322.222
869.563	2320.444
869.886	2376.778
870.209	2466.000
870.532	2487.556
870.855	2390.556
871.177	2164.000
871.500	1954.778
871.823	1834.000
872.145	1763.556
872.468	1642.333
872.791	1450.444
873.113	1287.333
873.435	1204.667
873.758	1203.111
874.080	1242.444
874.402	1253.222
874.725	1318.444
875.047	1521.889
875.369	1837.111
875.691	2152.000
876.013	2352.889
876.335	2499.667
876.657	2620.667
876.979	2748.778
877.301	2857.667
877.623	2873.556
877.945	2749.667
878.266	2607.111
878.588	2613.111
878.910	2763.667
879.231	2966.111
879.553	3162.333
879.875	3148.889
880.196	3078.889
880.517	3004.222
880.839	2924.111
881.160	2770.111
881.481	2463.000
881.803	2103.889
882.124	1745.333
882.445	1389.444
882.766	1232.667
883.087	1159.222
883.408	1115.444
883.729	1142.889
884.050	1278.444
884.371	1532.111
884.692	1841.333
885.012	2103.333
885.333	2313.000
885.654	2463.222
885.974	2579.111
886.295	2665.444
886.616	2652.556
886.936	2526.111
887.257	2301.889
887.577	2047.333
887.897	1864.556
888.218	1745.111
888.538	1667.333
888.858	1574.000
889.178	1452.889
889.498	1351.889
889.818	1265.889
890.139	1199.889
890.458	1147.222
890.778	1069.556
891.098	991.222
891.418	909.111
891.738	865.333
892.058	879.000
892.377	940.778
892.697	1057.778
893.017	1205.222
893.336	1354.667
893.656	1531.222
893.975	1723.556
894.295	1921.444
894.614	2102.667
894.933	2233.333
895.253	2306.111
895.572	2310.889
895.891	2300.444
896.210	2318.333
896.529	2319.000
896.848	2277.222
897.167	2200.889
897.486	2096.889
897.805	2017.000
898.124	1958.778
898.443	1902.889
898.762	1811.667
899.081	1670.556
899.399	1521.111
899.718	1410.778
900.036	1374.111
900.355	1429.667
900.673	1521.889
900.992	1610.778
901.310	1680.556
901.629	1747.778
901.947	1862.667
902.265	2046.889
902.583	2290.444
902.902	2534.889
903.220	2716.778
903.538	2863.778
903.856	3029.889
904.174	3215.000
904.492	3372.444
904.810	3427.222
905.128	3390.556
905.445	3273.778
905.763	3102.111
906.081	2917.333
906.398	2744.000
906.716	2552.667
907.034	2369.111
907.351	2195.000
907.669	2040.111
907.986	1871.889
908.304	1704.778
908.621	1578.333
908.938	1516.444
909.255	1494.000
909.573	1523.111
909.890	1572.556
910.207	1651.000
910.524	1737.444
910.841	1834.556
911.158	1925.333
911.475	1983.667
911.792	1995.556
912.109	1952.556
912.425	1857.444
912.742	1750.444
913.059	1649.222
913.375	1590.111
913.692	1559.111
914.009	1504.556
914.325	1422.889
914.641	1315.556
914.958	1206.111
915.274	1112.111
915.591	1027.222
915.907	953.000
916.223	869.111
916.539	765.333
916.855	679.111
917.172	614.667
917.488	568.889
917.804	541.000
918.119	526.667
918.435	549.778
918.751	610.778
919.067	697.000
919.383	786.444
919.698	870.556
920.014	952.000
920.330	1050.667
920.645	1149.556
920.961	1253.889
921.276	1358.111
921.592	1459.667
921.907	1553.111
922.223	1646.778
922.538	1739.222
922.853	1833.111
923.168	1895.778
923.483	1947.444
923.799	1990.444
924.114	1986.111
924.429	1914.222
924.744	1793.667
925.059	1651.111
925.373	1517.667
925.688	1397.778
926.003	1283.444
926.318	1184.333
926.632	1083.778
926.947	1034.889
927.262	1065.556
927.576	1161.000
927.891	1295.556
928.205	1436.889
928.520	1592.444
928.834	1842.333
929.148	2160.667
929.463	2508.000
929.777	2789.556
930.091	2966.444
930.405	3062.222
930.719	3117.889
931.033	3149.000
931.347	3143.000
931.661	3048.778
931.975	2862.778
932.289	2631.444
932.603	2406.333
932.917	2197.556
933.230	2012.444
933.544	1830.222
933.858	1645.111
934.171	1471.556
934.485	1294.889
934.798	1137.778
935.112	998.889
935.425	882.333
935.738	808.333
936.052	767.889
936.365	755.222
936.678	788.556
936.991	835.333
937.305	892.000
937.618	960.333
937.931	1032.889
938.244	1120.889
938.556	1211.111
938.869	1278.556
939.182	1333.111
939.495	1373.333
939.808	1388.111
940.120	1396.000
940.433	1387.222
940.746	1355.333
941.058	1312.111
941.371	1261.333
941.683	1215.444
941.996	1194.444
942.308	1166.000
942.620	1144.333
942.933	1142.111
943.245	1120.111
943.557	1105.889
943.869	1091.889
944.181	1065.556
944.493	1054.667
944.805	1050.556
945.117	1035.000
945.429	1043.000
945.741	1041.333
946.053	1050.000
946.365	1077.222
946.676	1107.000
946.988	1138.667
947.300	1181.556
947.611	1202.444
947.923	1254.556
948.234	1338.444
948.546	1443.889
948.857	1575.667
949.169	1716.444
949.480	1821.111
949.791	1918.333
950.102	1976.778
950.413	2002.333
950.725	1992.667
951.036	1930.333
951.347	1826.778
951.658	1704.556
951.969	1548.222
952.280	1400.000
952.590	1276.111
952.901	1177.556
953.212	1120.000
953.523	1103.889
953.833	1099.333
954.144	1108.889
954.454	1122.556
954.765	1131.889
955.075	1156.667
955.386	1187.222
955.696	1219.778
956.007	1261.111
956.317	1306.222
956.627	1353.667
956.937	1417.667
957.247	1490.111
957.558	1555.556
957.868	1604.000
958.178	1612.333
958.488	1576.778
958.797	1521.667
959.107	1436.889
959.417	1340.000
959.727	1245.556
960.037	1140.444
960.346	1052.444
960.656	1001.333
960.966	976.667
961.275	972.333
961.585	991.556
961.894	1005.111
962.203	1011.111
962.513	1016.556
962.822	1015.222
963.131	1014.778
963.441	1017.000
963.750	1013.556
964.059	1020.889
964.368	1028.667
964.677	1039.778
964.986	1067.889
965.295	1092.444
965.604	1134.667
965.913	1156.444
966.221	1159.444
966.530	1145.333
966.839	1133.778
967.148	1103.889
967.456	1061.556
967.765	1008.333
968.073	944.333
968.382	859.778
968.690	798.778
968.999	733.556
969.307	681.000
969.615	631.889
969.924	586.889
970.232	560.000
970.540	544.444
970.848	528.111
971.156	517.111
971.464	498.000
971.772	475.222
972.080	461.333
972.388	454.111
972.696	453.222
973.003	464.889
973.311	485.889
973.619	516.667
973.926	552.889
974.234	601.444
974.542	655.111
974.849	712.222
975.157	777.667
975.464	837.889
975.771	903.000
976.079	968.222
976.386	1023.000
976.693	1076.667
977.000	1121.333
977.307	1141.333
977.615	1151.111
977.922	1145.000
978.229	1121.111
978.536	1086.778
978.842	1057.333
979.149	1015.222
979.456	970.000
979.763	941.556
980.070	924.556
980.376	915.556
980.683	918.556
980.989	928.000
981.296	937.444
981.602	945.333
981.909	962.444
982.215	983.444
982.522	1002.778
982.828	1022.222
983.134	1043.889
983.440	1067.667
983.746	1086.000
984.053	1104.333
984.359	1117.556
984.665	1123.444
984.971	1125.667
985.277	1124.444
985.582	1116.889
985.888	1092.111
986.194	1047.444
986.500	1007.000
986.805	951.000
987.111	883.444
987.417	817.556
987.722	745.556
988.028	660.000
988.333	584.556
988.639	519.778
988.944	459.778
989.249	408.111
989.555	371.000
989.860	343.444
990.165	330.000
990.470	330.222
990.775	337.778
991.080	351.000
991.385	363.778
991.690	382.889
991.995	404.222
992.300	420.111
992.605	442.222
992.910	472.111
993.214	493.111
993.519	519.000
993.824	559.889
994.128	602.778
994.433	660.000
994.737	729.222
995.042	799.778
995.346	867.889
995.650	936.222
995.955	993.111
996.259	1041.444
996.563	1088.778
996.867	1117.667
997.171	1140.556
997.476	1166.556
997.780	1171.778
998.083	1179.778
998.387	1214.778
998.691	1235.333
998.995	1258.889
999.299	1299.556
999.603	1342.889
999.906	1365.000
1000.210	1382.333
1000.514	1398.333
1000.817	1387.222
1001.121	1363.778
1001.424	1354.556
1001.728	1330.222
1002.031	1282.889
1002.334	1231.222
1002.638	1174.778
1002.941	1122.556
1003.244	1087.667
1003.547	1053.333
1003.850	1007.778
1004.153	969.778
1004.456	928.889
1004.759	882.444
1005.062	852.667
1005.365	820.667
1005.668	771.444
1005.971	730.333
1006.273	694.444
1006.576	640.444
1006.879	594.556
1007.181	555.444
1007.484	510.000
1007.786	471.222
1008.089	445.333
1008.391	421.333
1008.693	400.556
1008.996	391.222
1009.298	386.000
1009.600	377.111
1009.902	373.889
1010.204	370.667
1010.507	367.111
1010.809	370.333
1011.111	373.000
1011.412	373.333
1011.714	381.778
1012.016	388.778
1012.318	399.333
1012.620	420.556
1012.921	438.889
1013.223	449.889
1013.525	468.556
1013.826	486.222
1014.128	498.111
1014.429	510.778
1014.731	526.222
1015.032	531.000
1015.333	542.111
1015.635	563.889
1015.936	578.222
1016.237	590.000
1016.538	612.222
1016.839	629.667
1017.140	650.556
1017.441	681.000
1017.742	705.222
1018.043	712.444
1018.344	722.778
1018.645	734.111
1018.946	727.556
1019.246	722.556
1019.547	726.333
1019.848	702.778
1020.148	678.667
1020.449	671.111
1020.749	654.333
1021.050	633.111
1021.350	620.889
1021.651	609.667
1021.951	586.111
1022.251	563.000
1022.551	547.222
1022.852	516.667
1023.152	485.000
1023.452	458.444
1023.752	425.556
1024.052	393.333
1024.352	368.778
1024.652	342.667
1024.952	317.222
1025.251	295.778
1025.551	276.778
1025.851	258.333
1026.150	245.778
1026.450	236.667
1026.750	228.444
1027.049	221.444
1027.349	219.222
1027.648	219.556
1027.947	227.556
1028.247	243.667
1028.546	258.000
1028.845	279.444
1029.144	301.444
1029.444	319.333
1029.743	338.889
1030.042	363.556
1030.341	379.222
1030.640	389.667
1030.939	402.667
1031.238	409.556
1031.536	407.111
1031.835	409.111
1032.134	415.111
1032.433	411.556
1032.731	409.556
1033.030	415.333
1033.328	413.333
1033.627	407.111
1033.925	417.222
1034.224	423.444
1034.522	431.556
1034.820	440.444
1035.119	451.667
1035.417	449.889
1035.715	457.556
1036.013	472.778
1036.311	473.778
1036.609	473.000
1036.907	482.444
1037.205	477.222
1037.503	467.778
1037.801	470.667
1038.099	471.111
1038.397	450.222
1038.694	434.444
1038.992	428.222
1039.290	407.778
1039.587	381.778
1039.885	366.778
1040.182	348.667
1040.479	318.778
1040.777	299.889
1041.074	288.000
1041.372	268.222
1041.669	248.667
1041.966	235.444
1042.263	220.333
1042.560	206.111
1042.857	198.556
1043.154	191.556
1043.451	182.000
1043.748	177.889
1044.045	175.889
1044.342	173.556
1044.639	171.333
1044.935	173.333
1045.232	172.333
1045.529	171.778
1045.825	177.222
1046.122	182.667
1046.418	187.333
1046.715	200.667
1047.011	220.556
1047.308	240.000
1047.604	267.667
1047.900	306.111
1048.197	340.444
1048.493	366.000
1048.789	405.667
1049.085	441.333
1049.381	466.556
1049.677	498.778
1049.973	539.556
1050.269	568.778
1050.565	585.667
1050.860	626.778
1051.156	659.444
1051.452	663.556
1051.748	678.556
1052.043	707.444
1052.339	709.222
1052.634	710.333
1052.930	716.333
1053.225	713.111
1053.521	684.556
1053.816	677.556
1054.111	684.444
1054.407	666.667
1054.702	645.333
1054.997	643.556
1055.292	619.667
1055.587	588.778
1055.882	579.333
1056.177	564.556
1056.472	529.444
1056.767	499.556
1057.062	483.667
1057.357	455.778
1057.651	419.000
1057.946	398.556
1058.241	375.556
1058.535	336.444
1058.830	306.667
1059.124	285.222
1059.419	258.778
1059.713	232.667
1060.008	211.000
1060.302	190.111
1060.596	167.889
1060.890	152.444
1061.185	142.333
1061.479	131.222
1061.773	125.556
1062.067	122.444
1062.361	121.333
1062.655	117.556
1062.949	119.667
1063.243	122.333
1063.536	124.222
1063.830	127.111
1064.124	135.778
1064.418	141.667
1064.711	145.222
1065.005	154.667
1065.298	166.667
1065.592	171.667
1065.885	178.889
1066.179	190.556
1066.472	199.556
1066.765	202.000
1067.058	213.556
1067.352	225.444
1067.645	226.778
1067.938	230.111
1068.231	243.333
1068.524	252.889
1068.817	252.667
1069.110	262.111
1069.403	274.667
1069.696	273.889
1069.989	276.000
1070.281	288.333
1070.574	294.667
1070.867	289.000
1071.159	287.333
1071.452	291.556
1071.744	283.000
1072.037	273.333
1072.329	272.222
1072.622	267.667
1072.914	254.000
1073.206	245.889
1073.498	246.222
1073.791	240.778
1074.083	231.222
1074.375	231.778
1074.667	228.111
1074.959	216.444
1075.251	206.444
1075.543	199.556
1075.835	188.000
1076.126	172.556
1076.418	160.667
1076.710	151.333
1077.002	136.778
1077.293	125.333
1077.585	119.111
1077.876	110.444
1078.168	101.889
1078.459	97.444
1078.751	93.667
1079.042	89.444
1079.333	87.000
1079.625	84.778
1079.916	82.889
1080.207	81.222
1080.498	81.667
1080.789	83.111
1081.080	83.111
1081.371	84.889
1081.662	87.111
1081.953	89.222
1082.244	91.667
1082.535	95.667
1082.826	97.778
1083.116	99.000
1083.407	100.444
1083.698	102.222
1083.988	103.000
1084.279	103.444
1084.569	104.333
1084.859	104.333
1085.150	103.222
1085.440	103.889
1085.730	106.222
1086.021	106.889
1086.311	106.556
1086.601	107.222
1086.891	107.111
1087.181	105.889
1087.471	104.667
1087.761	104.556
1088.051	104.444
1088.341	101.333
1088.631	100.333
1088.921	99.889
1089.210	97.667
1089.500	94.667
1089.790	93.889
1090.079	93.889
1090.369	93.000
1090.658	91.778
1090.948	93.556
1091.237	93.111
1091.526	92.333
1091.816	94.000
1092.105	96.778
1092.394	98.333
1092.683	97.778
1092.973	98.778
1093.262	99.222
1093.551	96.778
1093.840	96.444
1094.129	97.444
1094.417	97.222
1094.706	97.111
1094.995	95.333
1095.284	94.333
1095.573	92.778
1095.861	90.111
1096.150	89.889
1096.438	90.333
1096.727	87.778
1097.016	84.222
1097.304	81.222
1097.592	79.778
1097.881	78.444
1098.169	76.444
1098.457	76.000
1098.745	75.333
1099.034	72.333
1099.322	73.111
