520.430	0.000
520.800	0.000
521.169	57.000
521.539	61.000
521.909	58.000
522.278	68.000
522.648	65.000
523.017	68.000
523.387	71.000
523.756	63.000
524.125	60.000
524.494	78.000
524.864	58.000
525.233	63.000
525.602	65.000
525.971	63.000
526.340	63.000
526.709	65.000
527.078	61.000
527.447	67.000
527.816	92.667
528.185	191.778
528.553	272.889
528.922	343.889
529.291	420.556
529.659	508.889
530.028	615.667
530.396	747.444
530.765	894.667
531.133	1044.667
531.502	1168.000
531.870	1338.333
532.238	1560.333
532.606	1833.444
532.975	2127.778
533.343	2417.889
533.711	2694.000
534.079	2930.444
534.447	3135.000
534.815	3304.556
535.183	3409.444
535.551	3443.333
535.919	3351.444
536.286	3177.889
536.654	2948.000
537.022	2655.000
537.389	2366.222
537.757	2070.222
538.125	1770.222
538.492	1510.222
538.859	1291.778
539.227	1187.444
539.594	1156.444
539.961	1193.222
540.329	1310.556
540.696	1446.556
541.063	1583.556
541.430	1735.778
541.797	1895.667
542.164	2025.889
542.531	2090.333
542.898	2149.444
543.265	2196.778
543.632	2234.556
543.999	2318.444
544.366	2426.778
544.732	2524.333
545.099	2600.111
545.466	2655.556
545.832	2682.000
546.199	2645.000
546.565	2566.333
546.932	2430.333
547.298	2221.667
547.664	1988.333
548.031	1765.667
548.397	1581.667
548.763	1506.667
549.129	1563.222
549.495	1720.889
549.861	1951.333
550.227	2266.111
550.593	2608.000
550.959	2956.556
551.325	3285.444
551.691	3577.667
552.057	3686.889
552.422	3644.889
552.788	3476.667
553.154	3211.556
553.519	2887.444
553.885	2532.778
554.250	2171.889
554.616	1816.889
554.981	1483.222
555.347	1258.778
555.712	1106.222
556.077	1041.667
556.443	1028.667
556.808	1041.778
557.173	1085.111
557.538	1175.444
557.903	1284.333
558.268	1437.444
558.633	1650.111
558.998	1910.222
559.363	2210.222
559.727	2533.667
560.092	2844.667
560.457	3156.000
560.822	3425.667
561.186	3587.889
561.551	3688.667
561.915	3695.444
562.280	3565.444
562.644	3368.667
563.009	3153.000
563.373	2882.000
563.737	2618.889
564.102	2378.000
564.466	2204.778
564.830	2094.667
565.194	2043.444
565.558	2067.000
565.922	2101.111
566.286	2149.111
566.650	2204.556
567.014	2240.111
567.378	2274.333
567.741	2311.889
568.105	2318.222
568.469	2365.889
568.833	2398.889
569.196	2460.000
569.560	2567.444
569.923	2742.111
570.287	2962.444
570.650	3128.444
571.013	3216.778
571.377	3260.111
571.740	3217.333
572.103	3132.778
572.466	2994.222
572.830	2753.222
573.193	2476.333
573.556	2199.889
573.919	1968.778
574.282	1840.778
574.645	1789.667
575.007	1779.111
575.370	1867.444
575.733	2011.222
576.096	2190.889
576.458	2443.778
576.821	2695.889
577.184	2853.667
577.546	3014.111
577.909	3098.889
578.271	3123.889
578.633	3126.111
578.996	3038.667
579.358	2912.222
579.720	2744.222
580.083	2520.778
580.445	2333.000
580.807	2109.222
581.169	1900.667
581.531	1752.889
581.893	1600.111
582.255	1466.889
582.617	1377.222
582.979	1277.778
583.340	1201.778
583.702	1195.222
584.064	1223.778
584.425	1249.000
584.787	1272.778
585.149	1249.889
585.510	1276.111
585.872	1316.111
586.233	1332.333
586.594	1366.778
586.956	1341.111
587.317	1321.556
587.678	1322.889
588.039	1304.667
588.401	1318.000
588.762	1304.667
589.123	1271.444
589.484	1285.889
589.845	1284.667
590.206	1312.333
590.566	1349.000
590.927	1319.778
591.288	1302.222
591.649	1267.667
592.009	1245.667
592.370	1232.000
592.731	1162.444
593.091	1082.000
593.452	1003.889
593.812	913.556
594.172	895.778
594.533	879.111
594.893	885.000
595.253	932.000
595.614	976.000
595.974	1061.000
596.334	1174.667
596.694	1302.889
597.054	1419.667
597.414	1456.444
597.774	1471.222
598.134	1456.556
598.494	1398.556
598.853	1329.889
599.213	1254.889
599.573	1171.667
599.932	1120.222
600.292	1072.667
600.652	1131.778
601.011	1208.333
601.371	1443.889
601.730	1772.778
602.089	2115.222
602.449	2473.556
602.808	2755.667
603.167	2956.000
603.526	3135.444
603.886	3208.778
604.245	3333.778
604.604	3323.778
604.963	3215.889
605.322	3072.444
605.681	2858.444
606.040	2688.778
606.398	2525.333
606.757	2402.333
607.116	2355.778
607.475	2198.667
607.833	2045.000
608.192	1863.333
608.550	1712.333
608.909	1670.556
609.267	1659.889
609.626	1670.111
609.984	1623.222
610.342	1610.667
610.701	1683.778
611.059	1818.444
611.417	2015.111
611.775	2140.778
612.133	2259.222
612.491	2294.111
612.849	2401.222
613.207	2528.444
613.565	2638.000
613.923	2737.778
614.281	2744.444
614.638	2751.222
614.996	2752.778
615.354	2690.222
615.711	2664.778
616.069	2553.889
616.427	2460.444
616.784	2316.778
617.141	2145.000
617.499	1968.000
617.856	1747.000
618.213	1594.778
618.571	1436.111
618.928	1313.667
619.285	1211.333
619.642	1121.556
619.999	1054.222
620.356	1010.222
620.713	1029.111
621.070	1074.778
621.427	1181.444
621.784	1262.889
622.141	1357.111
622.497	1393.000
622.854	1416.556
623.211	1396.778
623.567	1346.000
623.924	1293.556
624.280	1216.889
624.637	1107.667
624.993	1027.333
625.349	939.778
625.706	912.556
626.062	906.667
626.418	926.556
626.774	957.444
627.131	969.000
627.487	962.111
627.843	948.778
628.199	950.222
628.555	997.556
628.911	1028.222
629.266	1035.444
629.622	1014.667
629.978	1000.889
630.334	994.889
630.689	1005.667
631.045	998.444
631.401	979.889
631.756	944.667
632.112	925.556
632.467	901.889
632.822	876.111
633.178	848.889
633.533	814.111
633.888	807.444
634.243	821.889
634.599	848.222
634.954	867.111
635.309	895.556
635.664	962.222
636.019	1074.000
636.374	1231.444
636.729	1351.000
637.083	1463.667
637.438	1552.556
637.793	1659.556
638.148	1756.333
638.502	1819.444
638.857	1814.222
639.211	1769.333
639.566	1674.556
639.920	1597.111
640.275	1523.111
640.629	1424.556
640.983	1306.667
641.338	1155.778
641.692	1043.556
642.046	933.778
642.400	868.111
642.754	830.667
643.108	840.222
643.462	917.889
643.816	1036.778
644.170	1190.000
644.524	1351.778
644.878	1530.889
645.232	1750.333
645.585	2048.667
645.939	2251.889
646.293	2421.778
646.646	2421.333
647.000	2420.778
647.353	2411.333
647.707	2487.111
648.060	2448.889
648.413	2378.667
648.767	2168.444
649.120	2018.444
649.473	1843.222
649.826	1752.556
650.179	1631.222
650.533	1467.222
650.885	1233.333
651.239	1073.333
651.591	904.667
651.944	778.222
652.297	668.111
652.650	593.444
653.003	539.000
653.355	503.444
653.708	479.333
654.061	454.444
654.413	480.444
654.766	558.333
655.118	699.111
655.471	829.444
655.823	1006.556
656.175	1147.111
656.528	1328.444
656.880	1462.667
657.232	1582.000
657.584	1609.556
657.936	1606.000
658.288	1524.333
658.640	1450.111
658.992	1320.556
659.344	1236.889
659.696	1087.667
660.048	987.000
660.400	883.222
660.751	874.778
661.103	896.222
661.455	1004.778
661.806	1065.222
662.158	1123.778
662.509	1148.444
662.861	1242.556
663.212	1349.778
663.563	1532.667
663.915	1625.667
664.266	1701.444
664.617	1686.000
664.968	1775.444
665.319	1868.333
665.670	1990.000
666.021	2001.667
666.372	1972.889
666.723	1853.000
667.074	1807.778
667.425	1747.889
667.776	1740.556
668.127	1625.667
668.477	1490.111
668.828	1326.000
669.179	1228.556
669.529	1148.667
669.880	1078.444
670.230	978.667
670.581	867.556
670.931	741.111
671.281	707.333
671.632	751.000
671.982	806.333
672.332	863.222
672.682	868.333
673.032	864.556
673.382	845.333
673.732	843.111
674.082	822.667
674.432	758.000
674.782	660.889
675.132	601.444
675.482	536.111
675.831	552.000
676.181	551.778
676.531	567.556
676.880	569.333
677.230	580.444
677.579	591.667
677.929	609.222
678.278	611.000
678.628	644.556
678.977	671.222
679.326	723.889
679.675	806.889
680.024	911.333
680.374	1035.444
680.723	1154.111
681.072	1295.778
681.421	1361.778
681.770	1441.111
682.119	1490.778
682.467	1629.111
682.816	1709.222
683.165	1748.667
683.514	1722.778
683.862	1654.889
684.211	1524.222
684.559	1430.778
684.908	1307.889
685.256	1179.556
685.605	975.000
685.953	806.222
686.302	704.000
686.650	630.889
686.998	634.778
687.346	666.111
687.694	759.889
688.043	850.444
688.391	928.778
688.739	1025.778
689.087	1073.222
689.435	1095.333
689.782	1111.444
690.130	1106.667
690.478	1099.000
690.826	1120.333
691.173	1136.000
691.521	1200.667
691.869	1255.000
692.216	1322.333
692.564	1398.667
692.911	1427.000
693.259	1460.444
693.606	1430.000
693.953	1316.222
694.300	1201.333
694.648	1099.111
694.995	1012.444
695.342	937.333
695.689	865.111
696.036	859.222
696.383	890.778
696.730	972.667
697.077	1072.111
697.424	1144.444
697.771	1168.667
698.117	1171.667
698.464	1200.333
698.811	1246.000
699.157	1268.222
699.504	1260.333
699.850	1260.889
700.197	1311.111
700.543	1409.889
700.890	1530.667
701.236	1651.222
701.582	1727.556
701.929	1822.444
702.275	1915.444
702.621	1979.778
702.967	1974.333
703.313	1854.444
703.659	1711.889
704.005	1556.889
704.351	1398.111
704.697	1276.667
705.043	1129.222
705.388	1017.667
705.734	883.000
706.080	816.556
706.426	789.889
706.771	789.444
707.117	803.556
707.462	879.444
707.808	1001.889
708.153	1027.000
708.498	1054.889
708.844	1056.000
709.189	1051.000
709.534	1066.889
709.879	1082.444
710.225	1117.222
710.570	1066.667
710.915	999.111
711.260	968.111
711.605	946.333
711.950	971.000
712.294	1014.667
712.639	1086.667
712.984	1098.000
713.329	1072.333
713.673	1039.000
714.018	969.778
714.363	930.889
714.707	857.000
715.052	796.000
715.396	716.111
715.740	623.222
716.085	577.222
716.429	556.667
716.773	602.667
717.117	625.778
717.462	669.444
717.806	711.333
718.150	748.556
718.494	812.111
718.838	843.667
719.182	860.000
719.526	838.222
719.869	757.778
720.213	713.556
720.557	657.111
720.901	641.778
721.244	626.444
721.588	580.444
721.932	557.111
722.275	521.222
722.618	529.778
722.962	546.667
723.305	566.556
723.649	580.667
723.992	562.333
724.335	541.444
724.678	522.333
725.021	504.111
725.365	527.556
725.708	531.333
726.051	559.000
726.393	583.111
726.736	632.667
727.079	741.667
727.422	807.222
727.765	917.000
728.108	984.222
728.450	990.222
728.793	1000.667
729.135	967.556
729.478	920.222
729.820	838.333
730.163	706.444
730.505	632.889
730.848	537.778
731.190	525.111
731.532	561.000
731.874	579.444
732.217	635.000
732.559	680.222
732.901	729.889
733.243	792.333
733.585	832.556
733.927	852.444
734.269	807.556
734.610	730.889
734.952	667.556
735.294	603.111
735.636	579.000
735.977	588.333
736.319	588.111
736.660	613.000
737.002	629.222
737.343	655.111
737.685	720.778
738.026	765.778
738.368	805.000
738.709	821.667
739.050	788.000
739.391	755.556
739.732	715.778
740.073	689.111
740.415	679.889
740.756	632.222
741.096	591.333
741.437	560.556
741.778	544.333
742.119	585.000
742.460	621.333
742.801	634.556
743.141	652.000
743.482	637.778
743.823	634.889
744.163	654.000
744.504	662.556
744.844	671.556
745.184	651.222
745.525	641.778
745.865	709.778
746.205	753.444
746.545	823.000
746.886	909.556
747.226	924.667
747.566	932.778
747.906	920.333
748.246	882.889
748.586	839.444
748.926	736.222
749.266	661.111
749.605	597.222
749.945	521.111
750.285	514.889
750.624	536.667
750.964	566.333
751.304	664.111
751.643	786.667
751.983	846.111
752.322	871.000
752.661	871.889
753.001	861.111
753.340	875.333
753.679	876.333
754.018	882.778
754.358	881.889
754.697	838.222
755.036	840.556
755.375	877.667
755.714	891.444
756.053	883.111
756.392	836.444
756.730	787.000
757.069	767.000
757.408	733.444
757.747	691.778
758.085	675.778
758.424	642.778
758.762	603.111
759.101	593.111
759.439	594.444
759.778	604.111
760.116	606.444
760.454	573.556
760.793	542.222
761.131	503.333
761.469	468.000
761.807	462.444
762.145	472.222
762.483	483.333
762.821	502.778
763.159	530.444
763.497	542.333
763.835	542.556
764.173	530.222
764.510	516.444
764.848	522.333
765.186	542.000
765.523	556.778
765.861	577.222
766.198	611.667
766.536	635.222
766.873	655.667
767.211	693.556
767.548	729.111
767.885	751.000
768.223	764.778
768.560	762.667
768.897	731.667
769.234	662.889
769.571	614.667
769.908	604.556
770.245	623.889
770.582	664.556
770.919	711.667
771.256	770.889
771.593	810.111
771.929	820.889
772.266	827.444
772.603	848.000
772.939	853.889
773.276	859.333
773.612	889.000
773.949	897.000
774.285	886.444
774.622	904.667
774.958	933.667
775.294	984.444
775.630	1061.000
775.966	1142.444
776.303	1218.889
776.639	1269.889
776.975	1294.889
777.311	1321.556
777.647	1341.667
777.983	1339.667
778.318	1290.778
778.654	1221.889
778.990	1148.778
779.326	1026.778
779.661	889.333
779.997	782.222
780.333	665.000
780.668	572.333
781.004	522.222
781.339	489.444
781.674	459.222
782.010	439.889
782.345	441.778
782.680	464.778
783.016	501.667
783.351	519.444
783.686	530.667
784.021	593.667
784.356	693.444
784.691	793.556
785.026	965.556
785.361	1153.889
785.695	1273.333
786.030	1377.000
786.365	1483.667
786.700	1538.556
787.034	1524.222
787.369	1494.000
787.703	1446.222
788.038	1304.111
788.372	1137.778
788.707	1017.000
789.041	937.333
789.376	919.222
789.710	946.556
790.044	976.111
790.378	973.667
790.712	962.111
791.046	951.889
791.380	947.222
791.714	967.444
792.048	954.556
792.382	879.889
792.716	807.667
793.050	767.444
793.384	748.444
793.718	771.667
794.051	863.667
794.385	952.222
794.718	1000.556
795.052	1049.222
795.385	1091.556
795.719	1102.667
796.052	1086.111
796.386	1058.889
796.719	996.222
797.052	878.778
797.385	766.667
797.719	685.556
798.052	627.556
798.385	606.000
798.718	608.000
799.051	607.222
799.384	601.222
799.716	612.667
800.049	649.111
800.382	707.111
800.715	771.667
801.048	812.556
801.380	819.889
801.713	828.778
802.045	863.000
802.378	928.222
802.710	1014.778
803.043	1096.000
803.375	1136.111
803.707	1131.000
804.040	1122.000
804.372	1143.444
804.704	1195.889
805.036	1256.667
805.368	1288.667
805.700	1274.667
806.032	1226.222
806.364	1205.667
806.696	1239.667
807.028	1280.556
807.360	1308.889
807.692	1296.889
808.023	1244.000
808.355	1211.556
808.687	1295.222
809.018	1506.778
809.350	1695.333
809.681	1820.000
810.013	1949.889
810.344	2068.667
810.676	2154.667
811.007	2269.444
811.338	2414.000
811.669	2453.889
812.001	2361.000
812.332	2273.111
812.663	2212.667
812.994	2104.778
813.325	1998.222
813.656	1973.000
813.987	1953.889
814.317	1840.111
814.648	1697.556
814.979	1569.222
815.310	1433.111
815.640	1301.444
815.971	1217.222
816.301	1138.222
816.632	1018.111
816.962	894.778
817.293	869.889
817.623	948.111
817.954	1087.111
818.284	1300.111
818.614	1599.111
818.944	1910.889
819.274	2196.222
819.605	2521.000
819.935	2897.556
820.265	3225.111
820.595	3471.222
820.924	3523.000
821.254	3463.000
821.584	3280.222
821.914	3052.667
822.244	2857.889
822.573	2654.889
822.903	2363.444
823.233	2021.444
823.562	1677.333
823.892	1514.444
824.221	1431.111
824.550	1364.889
824.880	1331.000
825.209	1292.333
825.538	1198.667
825.868	1112.889
826.197	1080.333
826.526	1089.333
826.855	1066.778
827.184	1020.222
827.513	1069.222
827.842	1267.667
828.171	1566.333
828.500	1880.444
828.828	2232.222
829.157	2606.778
829.486	2953.000
829.815	3166.000
830.143	3292.778
830.472	3403.889
830.800	3422.333
831.129	3303.556
831.457	3144.222
831.786	2957.889
832.114	2700.333
832.442	2384.444
832.770	2175.111
833.099	2104.667
833.427	2022.778
833.755	1842.444
834.083	1647.000
834.411	1495.222
834.739	1380.333
835.067	1305.667
835.395	1269.333
835.723	1253.556
836.050	1222.222
836.378	1173.111
836.706	1161.778
837.033	1237.000
837.361	1417.667
837.689	1578.556
838.016	1653.556
838.344	1685.111
838.671	1723.000
838.998	1759.556
839.326	1764.556
839.653	1744.444
839.980	1731.667
840.307	1675.000
840.634	1584.556
840.961	1522.556
841.289	1497.333
841.615	1480.111
841.942	1414.333
842.269	1329.556
842.596	1260.000
842.923	1224.889
843.250	1276.889
843.576	1396.556
843.903	1523.222
844.230	1677.667
844.556	1880.667
844.883	2093.667
845.209	2277.111
845.536	2473.778
845.862	2769.000
846.188	2943.556
846.515	3080.111
846.841	3272.667
847.167	3287.444
847.493	3126.111
847.819	2934.556
848.146	2774.444
848.472	2606.778
848.798	2313.889
849.123	2072.667
849.449	1847.556
849.775	1583.111
850.101	1498.333
850.427	1596.000
850.752	1731.444
851.078	1806.444
851.404	1809.556
851.729	1764.000
852.055	1733.444
852.380	1800.778
852.706	1901.667
853.031	1967.000
853.356	2045.444
853.682	2200.556
854.007	2442.889
854.332	2682.222
854.657	2909.889
854.982	3181.667
855.307	3339.444
855.632	3503.000
855.957	3699.111
856.282	3792.222
856.607	3654.778
856.932	3515.333
857.256	3380.111
857.581	3175.667
857.906	2814.778
858.230	2475.778
858.555	2182.333
858.880	1883.000
859.204	1564.889
859.529	1386.556
859.853	1213.556
860.177	1102.778
860.502	1050.111
860.826	1021.778
861.150	1001.667
861.474	1019.333
861.798	1123.111
862.122	1250.333
862.446	1320.333
862.770	1391.111
863.094	1535.889
863.418	1751.667
863.742	1948.889
864.066	2055.889
864.389	2097.444
864.713	2162.333
865.037	2346.778
865.360	2579.778
865.684	2702.000
866.008	2733.111
866.331	2741.222
866.654	2759.667
866.978	2766.889
867.301	2692.222
867.624	2494.111
867.948	2219.000
868.271	1999.111
868.594	1867.667
868.917	1719.889
869.240	1526.000
869.563	1336.556
869.886	1249.222
870.209	1279.222
870.532	1357.333
870.855	1415.222
871.177	1485.111
871.500	1705.111
871.823	2025.556
872.145	2323.556
872.468	2520.667
872.791	2618.444
873.113	2666.667
873.435	2725.222
873.758	2832.000
874.080	2900.333
874.402	2816.222
874.725	2758.222
875.047	2810.333
875.369	2976.222
875.691	3210.667
876.013	3441.333
876.335	3503.000
876.657	3372.556
876.979	3226.778
877.301	3072.778
877.623	2799.889
877.945	2434.333
878.266	2060.556
878.588	1689.556
878.910	1341.333
879.231	1139.333
879.553	1106.889
879.875	1106.778
880.196	1216.444
880.517	1478.000
880.839	1809.778
881.160	2108.000
881.481	2320.667
881.803	2453.000
882.124	2554.556
882.445	2601.778
882.766	2597.778
883.087	2488.889
883.408	2259.444
883.729	2019.556
884.050	1853.222
884.371	1791.111
884.692	1780.556
885.012	1736.222
885.333	1673.556
885.654	1597.444
885.974	1518.111
886.295	1457.222
886.616	1371.556
886.936	1269.667
887.257	1140.556
887.577	1017.778
887.897	962.222
888.218	964.667
888.538	1041.889
888.858	1175.667
889.178	1313.556
889.498	1468.000
889.818	1642.556
890.139	1860.889
890.458	2093.889
890.778	2274.444
891.098	2391.556
891.418	2422.667
891.738	2424.333
892.058	2455.778
892.377	2488.111
892.697	2469.444
893.017	2379.556
893.336	2242.778
893.656	2135.444
893.975	2070.889
894.295	2033.444
894.614	1969.889
894.933	1837.333
895.253	1692.889
895.572	1580.778
895.891	1550.667
896.210	1634.444
896.529	1758.778
896.848	1857.333
897.167	1909.000
897.486	1951.111
897.805	2051.778
898.124	2207.000
898.443	2425.000
898.762	2652.333
899.081	2815.778
899.399	2947.111
899.718	3108.444
900.036	3321.556
900.355	3514.778
900.673	3613.222
900.992	3626.889
901.310	3550.111
901.629	3394.333
901.947	3210.111
902.265	3022.667
902.583	2857.222
902.902	2688.778
903.220	2513.000
903.538	2342.778
903.856	2151.667
904.174	1962.444
904.492	1812.667
904.810	1697.889
905.128	1634.222
905.445	1583.333
905.763	1566.444
906.081	1620.778
906.398	1744.333
906.716	1886.333
907.034	2027.889
907.351	2120.667
907.669	2154.222
907.986	2103.333
908.304	2011.333
908.621	1913.667
908.938	1827.778
909.255	1732.667
909.573	1649.000
909.890	1541.333
910.207	1443.889
910.524	1361.778
910.841	1300.667
911.158	1239.889
911.475	1172.222
911.792	1090.556
912.109	1000.778
912.425	901.778
912.742	817.667
913.059	737.667
913.375	674.222
913.692	632.222
914.009	607.556
914.325	599.778
914.641	599.000
914.958	631.667
915.274	720.667
915.591	853.000
915.907	1016.444
916.223	1172.889
916.539	1304.222
916.855	1433.222
917.172	1556.444
917.488	1659.667
917.804	1739.667
918.119	1805.222
918.435	1885.667
918.751	1986.667
919.067	2098.556
919.383	2189.333
919.698	2215.667
920.014	2176.111
920.330	2129.556
920.645	2070.000
920.961	1982.333
921.276	1854.444
921.592	1666.444
921.907	1476.556
922.223	1322.333
922.538	1222.333
922.853	1178.000
923.168	1158.333
923.483	1192.111
923.799	1328.333
924.114	1548.889
924.429	1828.889
924.744	2095.222
925.059	2309.444
925.373	2500.444
925.688	2706.222
926.003	2913.778
926.318	3107.444
926.632	3213.333
926.947	3252.444
927.262	3252.333
927.576	3218.556
927.891	3172.111
928.205	3081.000
928.520	2905.889
928.834	2691.778
929.148	2431.444
929.463	2151.556
929.777	1845.333
930.091	1527.889
930.405	1250.667
930.719	1038.889
931.033	890.000
931.347	808.667
931.661	773.111
931.975	760.333
932.289	778.333
932.603	829.333
932.917	912.556
933.230	1023.778
933.544	1122.111
933.858	1203.889
934.171	1264.444
934.485	1295.222
934.798	1336.111
935.112	1374.444
935.425	1389.111
935.738	1394.000
936.052	1379.222
936.365	1366.444
936.678	1381.667
936.991	1402.444
937.305	1409.000
937.618	1410.000
937.931	1390.222
938.244	1361.333
938.556	1334.222
938.869	1291.778
939.182	1242.889
939.495	1200.222
939.808	1155.000
940.120	1127.889
940.433	1096.000
940.746	1054.667
941.058	1030.000
941.371	1003.556
941.683	986.333
941.996	1011.667
942.308	1046.111
942.620	1109.778
942.933	1215.778
943.245	1314.444
943.557	1421.333
943.869	1525.778
944.181	1613.778
944.493	1723.667
944.805	1846.556
945.117	1957.333
945.429	2069.111
945.741	2139.889
946.053	2175.444
946.365	2196.444
946.676	2175.667
946.988	2121.667
947.300	2034.000
947.611	1893.556
947.923	1737.556
948.234	1574.000
948.546	1416.556
948.857	1307.222
949.169	1244.222
949.480	1217.556
949.791	1238.667
950.102	1287.667
950.413	1336.778
950.725	1384.667
951.036	1425.778
951.347	1456.556
951.658	1489.889
951.969	1506.111
952.280	1522.333
952.590	1553.444
952.901	1585.667
953.212	1627.222
953.523	1685.000
953.833	1708.000
954.144	1702.556
954.454	1659.111
954.765	1585.667
955.075	1502.556
955.386	1411.333
955.696	1310.778
956.007	1232.333
956.317	1172.889
956.627	1135.444
956.937	1132.889
957.247	1157.333
957.558	1176.889
957.868	1200.444
958.178	1209.778
958.488	1198.667
958.797	1173.222
959.107	1122.000
959.417	1080.000
959.727	1056.000
960.037	1025.778
960.346	1018.111
960.656	1028.000
960.966	1041.000
961.275	1065.222
961.585	1107.778
961.894	1137.778
962.203	1149.222
962.513	1144.889
962.822	1122.222
963.131	1083.444
963.441	1030.667
963.750	964.889
964.059	896.556
964.368	812.000
964.677	732.444
964.986	671.556
965.295	614.778
965.604	597.000
965.913	577.667
966.221	559.778
966.530	548.667
966.839	542.333
967.148	530.667
967.456	521.889
967.765	514.778
968.073	507.556
968.382	484.222
968.690	492.333
968.999	513.111
969.307	539.111
969.615	581.222
969.924	638.444
970.232	704.000
970.540	789.556
970.848	884.444
971.156	991.444
971.464	1114.889
971.772	1229.333
972.080	1333.556
972.388	1417.000
972.696	1458.000
973.003	1469.556
973.311	1453.333
973.619	1408.333
973.926	1333.000
974.234	1240.556
974.542	1133.667
974.849	1035.667
975.157	966.889
975.464	917.000
975.771	897.111
976.079	902.111
976.386	913.000
976.693	941.333
977.000	979.778
977.307	1023.111
977.615	1073.444
977.922	1122.444
978.229	1174.667
978.536	1222.111
978.842	1255.111
979.149	1277.556
979.456	1283.444
979.763	1277.222
980.070	1268.000
980.376	1248.444
980.683	1212.556
980.989	1167.778
981.296	1115.778
981.602	1056.667
981.909	1004.333
982.215	956.778
982.522	896.444
982.828	834.889
983.134	770.778
983.440	701.444
983.746	637.556
984.053	576.667
984.359	518.333
984.665	464.889
984.971	423.556
985.277	392.667
985.582	374.444
985.888	370.667
986.194	379.444
986.500	397.556
986.805	417.333
987.111	441.111
987.417	467.444
987.722	488.444
988.028	517.111
988.333	544.222
988.639	564.667
988.944	594.111
989.249	624.333
989.555	661.333
989.860	715.000
990.165	776.000
990.470	844.556
990.775	919.000
991.080	994.222
991.385	1052.444
991.690	1113.111
991.995	1170.111
992.300	1210.778
992.605	1258.444
992.910	1313.111
993.214	1339.444
993.519	1350.444
993.824	1371.889
994.128	1396.778
994.433	1422.889
994.737	1463.778
995.042	1500.000
995.346	1515.111
995.650	1527.889
995.955	1538.333
996.259	1538.667
996.563	1537.444
996.867	1527.778
997.171	1502.000
997.476	1470.667
997.780	1425.000
998.083	1370.111
998.387	1318.889
998.691	1262.556
998.995	1207.667
999.299	1151.111
999.603	1104.333
999.906	1043.444
1000.210	982.889
1000.514	934.667
1000.817	875.111
1001.121	812.333
1001.424	773.444
1001.728	727.222
1002.031	674.556
1002.334	626.667
1002.638	580.000
1002.941	528.444
1003.244	494.778
1003.547	468.444
1003.850	438.222
1004.153	417.556
1004.456	409.111
1004.759	400.333
1005.062	397.778
1005.365	397.111
1005.668	393.222
1005.971	394.778
1006.273	400.556
1006.576	405.111
1006.879	412.889
1007.181	417.222
1007.484	422.111
1007.786	440.111
1008.089	459.778
1008.391	474.444
1008.693	488.444
1008.996	504.444
1009.298	513.667
1009.600	526.778
1009.902	550.778
1010.204	563.667
1010.507	572.889
1010.809	595.444
1011.111	612.889
1011.412	626.000
1011.714	654.333
1012.016	680.333
1012.318	700.111
1012.620	730.778
1012.921	753.556
1013.223	757.778
1013.525	765.000
1013.826	780.000
1014.128	785.000
1014.429	786.333
1014.731	792.111
1015.032	780.222
1015.333	760.667
1015.635	764.556
1015.936	761.667
1016.237	747.000
1016.538	741.000
1016.839	733.000
1017.140	711.556
1017.441	690.889
1017.742	673.444
1018.043	641.333
1018.344	599.333
1018.645	564.556
1018.946	528.333
1019.246	484.778
1019.547	448.778
1019.848	409.667
1020.148	374.778
1020.449	349.556
1020.749	324.000
1021.050	301.444
1021.350	288.667
1021.651	276.000
1021.951	267.000
1022.251	260.444
1022.551	257.778
1022.852	253.222
1023.152	253.000
1023.452	257.889
1023.752	266.222
1024.052	281.667
1024.352	298.222
1024.652	312.556
1024.952	338.667
1025.251	363.444
1025.551	378.778
1025.851	394.889
1026.150	412.778
1026.450	421.889
1026.750	425.444
1027.049	434.667
1027.349	437.889
1027.648	429.889
1027.947	432.111
1028.247	443.889
1028.546	444.000
1028.845	448.444
1029.144	461.444
1029.444	465.111
1029.743	464.667
1030.042	477.000
1030.341	482.556
1030.640	478.667
1030.939	485.333
1031.238	493.111
1031.536	488.222
1031.835	486.444
1032.134	492.000
1032.433	486.111
1032.731	477.556
1033.030	478.667
1033.328	472.444
1033.627	453.667
1033.925	446.556
1034.224	441.000
1034.522	433.889
1034.820	422.444
1035.119	416.889
1035.417	403.222
1035.715	385.778
1036.013	373.778
1036.311	358.667
1036.609	339.556
1036.907	322.556
1037.205	299.778
1037.503	279.222
1037.801	264.889
1038.099	251.000
1038.397	236.667
1038.694	227.444
1038.992	221.556
1039.290	211.444
1039.587	204.444
1039.885	200.111
1040.182	196.333
1040.479	190.000
1040.777	193.333
1041.074	200.778
1041.372	206.111
1041.669	216.000
1041.966	238.889
1042.263	258.444
1042.560	282.778
1042.857	322.444
1043.154	359.000
1043.451	393.000
1043.748	441.111
1044.045	492.222
1044.342	527.333
1044.639	565.444
1044.935	616.000
1045.232	650.778
1045.529	669.889
1045.825	702.444
1046.122	721.444
1046.418	721.889
1046.715	737.000
1047.011	761.556
1047.308	764.000
1047.604	763.667
1047.900	786.222
1048.197	794.222
1048.493	779.444
1048.789	789.444
1049.085	792.778
1049.381	768.556
1049.677	751.000
1049.973	746.556
1050.269	727.222
1050.565	692.889
1050.860	685.778
1051.156	675.556
1051.452	638.556
1051.748	613.889
1052.043	600.333
1052.339	571.889
1052.634	538.333
1052.930	511.000
1053.225	477.333
1053.521	426.111
1053.816	387.111
1054.111	361.000
1054.407	328.444
1054.702	293.667
1054.997	268.778
1055.292	242.111
1055.587	214.778
1055.882	195.444
1056.177	182.556
1056.472	171.556
1056.767	161.000
1057.062	154.889
1057.357	149.778
1057.651	145.333
1057.946	145.667
1058.241	147.889
1058.535	149.000
1058.830	154.333
1059.124	162.889
1059.419	167.667
1059.713	174.444
1060.008	185.444
1060.302	194.444
1060.596	200.111
1060.890	212.111
1061.185	227.778
1061.479	235.000
1061.773	243.778
1062.067	265.222
1062.361	281.222
1062.655	286.778
1062.949	305.444
1063.243	328.556
1063.536	336.333
1063.830	342.444
1064.124	365.667
1064.418	381.444
1064.711	382.444
1065.005	394.889
1065.298	417.222
1065.592	413.667
1065.885	407.000
1066.179	416.222
1066.472	418.667
1066.765	404.556
1067.058	400.222
1067.352	399.667
1067.645	380.222
1067.938	360.778
1068.231	357.778
1068.524	352.222
1068.817	332.889
1069.110	324.778
1069.403	320.889
1069.696	302.889
1069.989	285.778
1070.281	280.000
1070.574	267.222
1070.867	249.444
1071.159	233.444
1071.452	223.000
1071.744	205.667
1072.037	186.111
1072.329	173.889
1072.622	162.000
1072.914	146.778
1073.206	135.444
1073.498	126.667
1073.791	120.111
1074.083	113.889
1074.375	110.556
1074.667	107.778
1074.959	103.889
1075.251	101.889
1075.543	101.556
1075.835	100.667
1076.126	100.556
1076.418	100.889
1076.710	100.889
1077.002	100.889
1077.293	102.778
1077.585	106.444
1077.876	109.222
1078.168	112.111
1078.459	118.556
1078.751	122.111
1079.042	122.333
1079.333	126.444
1079.625	128.222
1079.916	128.333
1080.207	129.111
1080.498	129.222
1080.789	129.444
1081.080	125.778
1081.371	125.333
1081.662	127.000
1081.953	125.222
1082.244	124.000
1082.535	124.333
1082.826	123.889
1083.116	122.333
1083.407	120.889
1083.698	119.889
1083.988	116.333
1084.279	113.000
1084.569	111.222
1084.859	110.444
1085.150	109.000
1085.440	107.889
1085.730	109.000
1086.021	109.778
1086.311	110.000
1086.601	113.333
1086.891	116.111
1087.181	116.778
1087.471	117.000
1087.761	119.222
1088.051	121.000
1088.341	119.556
1088.631	119.778
1088.921	121.000
1089.210	118.889
1089.500	116.111
1089.790	114.889
1090.079	113.444
1090.369	110.444
1090.658	106.333
1090.948	104.667
1091.237	100.333
1091.526	95.556
1091.816	93.667
1092.105	90.889
1092.394	87.778
1092.683	85.444
1092.973	83.222
1093.262	81.889
1093.551	79.333
1093.840	78.778
1094.129	78.333
1094.417	77.667
1094.706	79.333
1094.995	79.889
1095.284	79.889
1095.573	81.222
1095.861	80.889
1096.150	83.333
1096.438	86.667
1096.727	89.000
1097.016	89.333
1097.304	89.778
1097.592	92.333
1097.881	94.222
1098.169	94.333
1098.457	98.111
1098.745	100.000
1099.034	98.000
1099.322	99.333
