520.430	0.000
520.800	0.000
521.169	50.000
521.539	55.000
521.909	53.000
522.278	63.000
522.648	55.000
523.017	66.000
523.387	72.000
523.756	59.000
524.125	60.000
524.494	71.000
524.864	58.000
525.233	56.000
525.602	64.000
525.971	63.000
526.340	60.000
526.709	62.000
527.078	57.000
527.447	70.000
527.816	92.889
528.185	205.889
528.553	302.778
528.922	385.333
529.291	457.444
529.659	526.333
530.028	591.222
530.396	656.333
530.765	722.889
531.133	768.222
531.502	755.667
531.870	789.556
532.238	879.333
532.606	1036.333
532.975	1253.000
533.343	1499.556
533.711	1775.333
534.079	2087.667
534.447	2419.778
534.815	2744.667
535.183	3033.111
535.551	3261.889
535.919	3391.889
536.286	3445.556
536.654	3446.778
537.022	3357.333
537.389	3164.000
537.757	2898.000
538.125	2572.556
538.492	2219.111
538.859	1866.111
539.227	1548.556
539.594	1254.444
539.961	1002.111
540.329	832.778
540.696	759.222
541.063	733.333
541.430	779.556
541.797	901.889
542.164	1064.000
542.531	1263.778
542.898	1494.111
543.265	1763.778
543.632	1990.333
543.999	2201.222
544.366	2436.556
544.732	2614.889
545.099	2743.556
545.466	2831.000
545.832	2871.444
546.199	2821.667
546.565	2672.667
546.932	2497.778
547.298	2264.889
547.664	1986.333
548.031	1721.000
548.397	1469.333
548.763	1256.444
549.129	1092.333
549.495	1015.667
549.861	1014.111
550.227	1094.889
550.593	1232.333
550.959	1365.778
551.325	1532.444
551.691	1700.667
552.057	1828.889
552.422	1907.778
552.788	1915.222
553.154	1877.778
553.519	1794.333
553.885	1713.667
554.250	1649.111
554.616	1581.667
554.981	1533.556
555.347	1505.667
555.712	1466.889
556.077	1459.333
556.443	1442.778
556.808	1425.444
557.173	1380.778
557.538	1335.222
557.903	1257.889
558.268	1160.444
558.633	1096.556
558.998	1075.000
559.363	1095.889
559.727	1183.667
560.092	1329.333
560.457	1534.222
560.822	1797.111
561.186	2045.222
561.551	2312.000
561.915	2537.556
562.280	2690.222
562.644	2779.444
563.009	2823.222
563.373	2738.333
563.737	2588.222
564.102	2334.889
564.466	2079.444
564.830	1785.889
565.194	1497.000
565.558	1262.889
565.922	1064.333
566.286	879.222
566.650	785.889
567.014	729.000
567.378	760.556
567.741	845.111
568.105	981.778
568.469	1166.889
568.833	1366.778
569.196	1601.556
569.560	1894.778
569.923	2187.222
570.287	2502.333
570.650	2789.222
571.013	2994.667
571.377	3162.000
571.740	3260.889
572.103	3267.111
572.466	3208.667
572.830	3052.222
573.193	2845.889
573.556	2595.889
573.919	2312.778
574.282	2082.333
574.645	1869.667
575.007	1698.000
575.370	1617.667
575.733	1593.889
576.096	1594.333
576.458	1637.667
576.821	1687.667
577.184	1727.889
577.546	1788.222
577.909	1840.000
578.271	1860.556
578.633	1891.000
578.996	1907.222
579.358	1907.444
579.720	1937.000
580.083	1965.111
580.445	2021.667
580.807	2116.889
581.169	2148.889
581.531	2207.556
581.893	2231.333
582.255	2187.667
582.617	2151.889
582.979	2046.444
583.340	1911.111
583.702	1769.556
584.064	1573.556
584.425	1408.222
584.787	1233.111
585.149	1053.222
585.510	932.000
585.872	830.000
586.233	778.889
586.594	797.667
586.956	840.556
587.317	912.556
587.678	1031.000
588.039	1146.667
588.401	1316.333
588.762	1471.556
589.123	1593.889
589.484	1671.667
589.845	1694.556
590.206	1688.111
590.566	1682.000
590.927	1619.111
591.288	1537.667
591.649	1396.111
592.009	1234.000
592.370	1114.778
592.731	1002.889
593.091	916.000
593.452	858.000
593.812	792.222
594.172	778.778
594.533	804.778
594.893	843.889
595.253	942.778
595.614	995.889
595.974	1074.444
596.334	1161.778
596.694	1221.889
597.054	1290.111
597.414	1286.889
597.774	1262.000
598.134	1247.778
598.494	1202.889
598.853	1207.667
599.213	1177.222
599.573	1116.111
599.932	1074.000
600.292	1005.222
600.652	1034.889
601.011	1037.111
601.371	1027.111
601.730	1024.333
602.089	999.000
602.449	1014.778
602.808	1032.000
603.167	1028.667
603.526	1016.222
603.886	946.111
604.245	916.000
604.604	892.111
604.963	876.333
605.322	898.333
605.681	926.889
606.040	993.222
606.398	1063.444
606.757	1164.000
607.116	1287.778
607.475	1368.889
607.833	1480.889
608.192	1526.556
608.550	1534.222
608.909	1507.000
609.267	1431.444
609.626	1368.444
609.984	1263.778
610.342	1153.444
610.701	1078.111
611.059	1004.556
611.417	973.889
611.775	952.667
612.133	1027.222
612.491	1106.889
612.849	1243.556
613.207	1363.889
613.565	1493.111
613.923	1660.000
614.281	1774.556
614.638	1918.111
614.996	2039.778
615.354	2132.667
615.711	2266.111
616.069	2299.444
616.427	2456.000
616.784	2541.556
617.141	2603.778
617.499	2621.889
617.856	2584.444
618.213	2549.556
618.571	2426.444
618.928	2319.000
619.285	2196.111
619.642	1984.000
619.999	1783.000
620.356	1574.889
620.713	1445.111
621.070	1342.889
621.427	1275.222
621.784	1225.778
622.141	1165.778
622.497	1145.778
622.854	1157.000
623.211	1197.556
623.567	1231.778
623.924	1258.778
624.280	1299.333
624.637	1331.444
624.993	1377.000
625.349	1437.000
625.706	1497.778
626.062	1584.778
626.418	1678.778
626.774	1748.444
627.131	1817.111
627.487	1842.556
627.843	1872.000
628.199	1856.556
628.555	1805.444
628.911	1703.333
629.266	1527.778
629.622	1338.333
629.978	1154.333
630.334	970.222
630.689	817.667
631.045	656.444
631.401	560.556
631.756	479.556
632.112	477.333
632.467	517.556
632.822	584.222
633.178	667.333
633.533	738.667
633.888	780.667
634.243	804.889
634.599	807.000
634.954	776.222
635.309	737.000
635.664	698.444
636.019	657.889
636.374	624.778
636.729	598.222
637.083	615.556
637.438	644.000
637.793	688.222
638.148	747.000
638.502	777.889
638.857	796.222
639.211	813.556
639.566	844.778
639.920	868.667
640.275	904.111
640.629	917.333
640.983	935.000
641.338	915.000
641.692	924.000
642.046	910.778
642.400	904.333
642.754	871.667
643.108	843.444
643.462	797.444
643.816	759.000
644.170	705.111
644.524	674.444
644.878	642.222
645.232	617.333
645.585	606.333
645.939	612.333
646.293	660.667
646.646	695.111
647.000	770.556
647.353	860.000
647.707	1004.778
648.060	1148.444
648.413	1329.778
648.767	1470.778
649.120	1586.778
649.473	1653.778
649.826	1739.667
650.179	1792.778
650.533	1819.556
650.885	1768.556
651.239	1689.778
651.591	1544.444
651.944	1393.556
652.297	1236.889
652.650	1085.333
653.003	923.000
653.355	770.778
653.708	650.111
654.061	552.222
654.413	486.444
654.766	452.556
655.118	465.000
655.471	498.889
655.823	570.667
656.175	626.222
656.528	703.222
656.880	771.333
657.232	888.778
657.584	1002.111
657.936	1158.444
658.288	1234.889
658.640	1302.000
658.992	1329.111
659.344	1413.222
659.696	1443.333
660.048	1483.111
660.400	1443.333
660.751	1408.556
661.103	1322.444
661.455	1314.222
661.806	1286.222
662.158	1267.000
662.509	1169.889
662.861	1087.444
663.212	973.111
663.563	894.333
663.915	798.222
664.266	710.889
664.617	597.111
664.968	513.000
665.319	427.556
665.670	386.444
666.021	365.444
666.372	374.444
666.723	390.667
667.074	452.444
667.425	539.889
667.776	693.889
668.127	812.222
668.477	944.333
668.828	1021.444
669.179	1078.889
669.529	1102.778
669.880	1122.667
670.230	1117.889
670.581	1103.778
670.931	1043.000
671.281	1014.111
671.632	944.444
671.982	894.556
672.332	849.222
672.682	824.333
673.032	805.333
673.382	796.444
673.732	794.222
674.082	752.556
674.432	719.444
674.782	706.889
675.132	749.222
675.482	788.111
675.831	863.778
676.181	912.444
676.531	968.889
676.880	975.000
677.230	1002.778
677.579	1004.222
677.929	1020.778
678.278	1018.000
678.628	1020.222
678.977	988.667
679.326	964.778
679.675	930.444
680.024	904.444
680.374	891.778
680.723	874.778
681.072	876.889
681.421	843.444
681.770	814.556
682.119	760.667
682.467	703.889
682.816	627.000
683.165	574.000
683.514	514.111
683.862	484.444
684.211	444.333
684.559	419.889
684.908	405.667
685.256	402.222
685.605	417.333
685.953	421.556
686.302	418.111
686.650	407.778
686.998	392.889
687.346	370.778
687.694	380.111
688.043	380.222
688.391	397.111
688.739	417.667
689.087	436.556
689.435	466.333
689.782	485.111
690.130	496.778
690.478	502.222
690.826	497.889
691.173	499.333
691.521	521.333
691.869	547.556
692.216	602.889
692.564	695.111
692.911	808.778
693.259	1001.000
693.606	1153.778
693.953	1344.000
694.300	1542.000
694.648	1711.778
694.995	1864.444
695.342	1943.111
695.689	1972.000
696.036	1927.000
696.383	1813.333
696.730	1710.222
697.077	1537.889
697.424	1334.111
697.771	1121.778
698.117	912.000
698.464	767.333
698.811	648.000
699.157	583.889
699.504	527.556
699.850	502.000
700.197	517.222
700.543	584.556
700.890	638.444
701.236	703.667
701.582	724.889
701.929	730.556
702.275	751.889
702.621	776.111
702.967	787.444
703.313	783.778
703.659	761.556
704.005	773.333
704.351	815.000
704.697	881.667
705.043	1003.444
705.388	1110.556
705.734	1138.333
706.080	1157.111
706.426	1134.889
706.771	1095.889
707.117	1046.222
707.462	962.778
707.808	902.000
708.153	762.000
708.498	632.222
708.844	563.667
709.189	530.222
709.534	536.444
709.879	555.778
710.225	588.333
710.570	593.778
710.915	605.444
711.260	632.778
711.605	683.000
711.950	736.000
712.294	782.444
712.639	841.778
712.984	899.222
713.329	1005.556
713.673	1102.778
714.018	1195.667
714.363	1267.889
714.707	1285.778
715.052	1313.444
715.396	1289.333
715.740	1243.778
716.085	1184.000
716.429	1048.778
716.773	949.778
717.117	819.667
717.462	717.222
717.806	642.556
718.150	559.667
718.494	526.778
718.838	488.000
719.182	456.444
719.526	446.111
719.869	448.000
720.213	498.222
720.557	544.222
720.901	651.000
721.244	729.333
721.588	787.778
721.932	865.889
722.275	893.333
722.618	910.222
722.962	889.778
723.305	845.444
723.649	805.667
723.992	712.222
724.335	653.444
724.678	609.444
725.021	554.111
725.365	555.111
725.708	540.111
726.051	540.444
726.393	525.667
726.736	496.556
727.079	463.889
727.422	413.444
727.765	362.444
728.108	313.444
728.450	260.889
728.793	238.444
729.135	224.444
729.478	247.000
729.820	283.111
730.163	331.000
730.505	400.556
730.848	450.889
731.190	504.889
731.532	544.000
731.874	560.111
732.217	563.778
732.559	533.222
732.901	494.000
733.243	446.000
733.585	384.889
733.927	352.778
734.269	322.111
734.610	302.444
734.952	301.333
735.294	302.111
735.636	307.778
735.977	319.556
736.319	333.333
736.660	359.222
737.002	381.667
737.343	403.000
737.685	446.889
738.026	475.667
738.368	492.111
738.709	511.778
739.050	529.556
739.391	565.889
739.732	588.889
740.073	611.667
740.415	650.889
740.756	644.222
741.096	643.444
741.437	647.000
741.778	627.222
742.119	605.000
742.460	555.556
742.801	504.000
743.141	454.000
743.482	385.222
743.823	346.667
744.163	317.667
744.504	303.556
744.844	326.667
745.184	341.222
745.525	354.111
745.865	373.444
746.205	377.333
746.545	383.222
746.886	386.444
747.226	372.667
747.566	355.667
747.906	329.889
748.246	313.333
748.586	305.333
748.926	296.667
749.266	302.667
749.605	311.556
749.945	309.667
750.285	318.333
750.624	333.778
750.964	342.667
751.304	363.000
751.643	374.333
751.983	368.222
752.322	356.111
752.661	335.444
753.001	318.556
753.340	314.111
753.679	305.667
754.018	292.333
754.358	273.333
754.697	257.778
755.036	258.222
755.375	265.667
755.714	273.000
756.053	291.222
756.392	323.000
756.730	346.778
757.069	374.333
757.408	404.667
757.747	422.444
758.085	438.333
758.424	462.444
758.762	488.333
759.101	538.000
759.439	597.444
759.778	633.889
760.116	679.111
760.454	709.222
760.793	718.111
761.131	713.111
761.469	685.667
761.807	659.333
762.145	614.444
762.483	535.000
762.821	477.000
763.159	416.444
763.497	363.667
763.835	346.667
764.173	352.444
764.510	365.333
764.848	375.667
765.186	391.444
765.523	402.556
765.861	402.444
766.198	397.444
766.536	392.111
766.873	393.000
767.211	396.556
767.548	390.889
767.885	385.889
768.223	364.778
768.560	342.667
768.897	340.556
769.234	349.222
769.571	354.778
769.908	365.444
770.245	375.667
770.582	382.889
770.919	387.000
771.256	389.889
771.593	392.556
771.929	394.222
772.266	400.333
772.603	419.889
772.939	433.333
773.276	447.000
773.612	462.000
773.949	467.778
774.285	472.000
774.622	482.222
774.958	486.000
775.294	480.667
775.630	466.778
775.966	445.556
776.303	421.667
776.639	406.444
776.975	393.222
777.311	383.000
777.647	372.333
777.983	373.111
778.318	391.444
778.654	426.556
778.990	453.889
779.326	492.222
779.661	553.889
779.997	602.667
780.333	624.444
780.668	647.333
781.004	663.111
781.339	662.667
781.674	665.333
782.010	664.778
782.345	635.000
782.680	586.000
783.016	556.444
783.351	544.111
783.686	543.333
784.021	549.444
784.356	539.333
784.691	513.000
785.026	505.111
785.361	499.333
785.695	477.556
786.030	467.111
786.365	471.778
786.700	467.889
787.034	471.667
787.369	528.778
787.703	595.667
788.038	644.667
788.372	718.667
788.707	811.556
789.041	879.111
789.376	964.000
789.710	1094.889
790.044	1208.889
790.378	1277.444
790.712	1339.667
791.046	1378.667
791.380	1358.667
791.714	1319.444
792.048	1291.333
792.382	1236.556
792.716	1136.222
793.050	1034.556
793.384	917.444
793.718	779.444
794.051	676.778
794.385	614.000
794.718	561.333
795.052	515.667
795.385	470.333
795.719	429.111
796.052	411.778
796.386	420.111
796.719	446.111
797.052	499.444
797.385	561.889
797.719	614.333
798.052	667.778
798.385	752.444
798.718	880.111
799.051	1010.111
799.384	1116.444
799.716	1214.889
800.049	1275.000
800.382	1284.111
800.715	1283.333
801.048	1284.000
801.380	1255.222
801.713	1167.556
802.045	1056.444
802.378	960.333
802.710	884.000
803.043	854.111
803.375	869.222
803.707	910.111
804.040	960.000
804.372	986.333
804.704	992.111
805.036	990.000
805.368	986.000
805.700	962.667
806.032	899.111
806.364	831.556
806.696	766.111
807.028	691.444
807.360	656.667
807.692	672.889
808.023	727.000
808.355	811.333
808.687	914.111
809.018	1015.000
809.350	1090.111
809.681	1139.333
810.013	1169.667
810.344	1172.444
810.676	1142.778
811.007	1081.222
811.338	993.222
811.669	888.778
812.001	802.667
812.332	771.333
812.663	779.556
812.994	801.111
813.325	858.778
813.656	969.444
813.987	1105.333
814.317	1219.000
814.648	1334.556
814.979	1442.889
815.310	1486.111
815.640	1485.889
815.971	1511.000
816.301	1545.333
816.632	1531.667
816.962	1488.000
817.293	1493.111
817.623	1503.000
817.954	1477.444
818.284	1478.889
818.614	1534.222
818.944	1567.778
819.274	1526.889
819.605	1452.667
819.935	1369.889
820.265	1249.556
820.595	1118.667
820.924	1024.444
821.254	964.111
821.584	884.667
821.914	796.222
822.244	767.889
822.573	839.444
822.903	963.667
823.233	1083.556
823.562	1230.444
823.892	1429.444
824.221	1606.778
824.550	1707.111
824.880	1832.778
825.209	2013.222
825.538	2135.444
825.868	2154.333
826.197	2166.333
826.526	2182.889
826.855	2128.667
827.184	2025.889
827.513	1993.000
827.842	1983.778
828.171	1875.333
828.500	1716.222
828.828	1606.778
829.157	1534.444
829.486	1424.222
829.815	1299.889
830.143	1205.778
830.472	1100.667
830.800	949.222
831.129	817.000
831.457	742.778
831.786	716.444
832.114	705.556
832.442	719.444
832.770	792.556
833.099	988.556
833.427	1275.333
833.755	1545.000
834.083	1795.778
834.411	2127.778
834.739	2494.778
835.067	2767.444
835.395	2905.000
835.723	2990.444
836.050	2998.000
836.378	2898.000
836.706	2763.111
837.033	2623.667
837.361	2390.889
837.689	2068.222
838.016	1778.889
838.344	1623.111
838.671	1556.000
838.998	1498.222
839.326	1425.222
839.653	1351.000
839.980	1290.556
840.307	1223.222
840.634	1171.556
840.961	1139.556
841.289	1108.111
841.615	1064.889
841.942	1032.444
842.269	1038.000
842.596	1108.222
842.923	1305.333
843.250	1627.222
843.576	1931.222
843.903	2144.778
844.230	2343.111
844.556	2561.111
844.883	2714.333
845.209	2774.778
845.536	2772.778
845.862	2684.333
846.188	2500.556
846.515	2287.778
846.841	2121.000
847.167	1938.222
847.493	1709.667
847.819	1521.333
848.146	1402.556
848.472	1323.333
848.798	1231.667
849.123	1141.778
849.449	1098.222
849.775	1079.889
850.101	1075.333
850.427	1064.778
850.752	1058.111
851.078	1071.667
851.404	1090.333
851.729	1153.333
852.055	1285.889
852.380	1460.667
852.706	1579.000
853.031	1635.556
853.356	1649.222
853.682	1631.444
854.007	1604.556
854.332	1564.222
854.657	1457.889
854.982	1291.444
855.307	1121.444
855.632	1033.667
855.957	977.333
856.282	926.222
856.607	893.222
856.932	893.333
857.256	908.222
857.581	906.444
857.906	881.556
858.230	881.222
858.555	934.111
858.880	1009.000
859.204	1061.667
859.529	1116.222
859.853	1236.333
860.177	1451.333
860.502	1688.333
860.826	1880.444
861.150	2099.444
861.474	2373.667
861.798	2663.000
862.122	2989.000
862.446	3091.111
862.770	3034.667
863.094	2880.333
863.418	2732.222
863.742	2602.000
864.066	2360.778
864.389	2024.778
864.713	1738.333
865.037	1492.111
865.360	1432.111
865.684	1389.000
866.008	1341.111
866.331	1292.889
866.654	1268.556
866.978	1266.444
867.301	1240.333
867.624	1172.444
867.948	1105.111
868.271	1121.556
868.594	1196.222
868.917	1259.222
869.240	1313.222
869.563	1427.667
869.886	1689.111
870.209	2034.667
870.532	2336.444
870.855	2522.000
871.177	2647.889
871.500	2838.667
871.823	3052.556
872.145	3182.111
872.468	3141.667
872.791	2897.667
873.113	2563.667
873.435	2260.667
873.758	2034.111
874.080	1795.556
874.402	1476.333
874.725	1172.000
875.047	960.111
875.369	844.778
875.691	780.778
876.013	724.778
876.335	679.444
876.657	659.778
876.979	713.667
877.301	788.556
877.623	839.222
877.945	866.667
878.266	906.778
878.588	993.778
878.910	1121.556
879.231	1255.000
879.553	1359.222
879.875	1391.000
880.196	1431.556
880.517	1540.000
880.839	1696.111
881.160	1823.333
881.481	1856.333
881.803	1813.222
882.124	1748.333
882.445	1696.111
882.766	1672.111
883.087	1631.222
883.408	1523.444
883.729	1393.444
884.050	1298.222
884.371	1264.778
884.692	1264.333
885.012	1256.222
885.333	1240.333
885.654	1217.111
885.974	1256.000
886.295	1403.000
886.616	1606.444
886.936	1794.778
887.257	1949.000
887.577	2122.222
887.897	2375.444
888.218	2645.333
888.538	2874.778
888.858	2973.778
889.178	2920.667
889.498	2793.111
889.818	2680.778
890.139	2636.889
890.458	2611.778
890.778	2508.333
891.098	2352.111
891.418	2181.556
891.738	2065.222
892.058	2014.667
892.377	1972.222
892.697	1903.556
893.017	1771.000
893.336	1597.111
893.656	1438.444
893.975	1308.667
894.295	1217.556
894.614	1143.111
894.933	1077.000
895.253	1058.778
895.572	1095.667
895.891	1222.556
896.210	1439.222
896.529	1677.111
896.848	1897.000
897.167	2087.000
897.486	2236.778
897.805	2362.000
898.124	2434.444
898.443	2452.222
898.762	2377.667
899.081	2195.889
899.399	1966.778
899.718	1745.000
900.036	1548.444
900.355	1390.333
900.673	1230.000
900.992	1079.000
901.310	936.444
901.629	831.000
901.947	769.778
902.265	732.889
902.583	720.889
902.902	720.333
903.220	714.333
903.538	730.333
903.856	754.111
904.174	805.111
904.492	892.889
904.810	997.667
905.128	1134.333
905.445	1281.000
905.763	1435.333
906.081	1608.111
906.398	1774.333
906.716	1890.222
907.034	1964.444
907.351	1985.556
907.669	1977.667
907.986	1923.000
908.304	1835.333
908.621	1748.333
908.938	1670.667
909.255	1597.889
909.573	1559.111
909.890	1505.333
910.207	1434.222
910.524	1349.222
910.841	1273.111
911.158	1214.444
911.475	1156.000
911.792	1091.111
912.109	1033.000
912.425	986.444
912.742	975.222
913.059	988.222
913.375	1031.111
913.692	1131.000
914.009	1282.556
914.325	1475.333
914.641	1672.222
914.958	1873.556
915.274	2102.111
915.591	2358.667
915.907	2640.444
916.223	2881.889
916.539	3010.889
916.855	3028.222
917.172	2947.556
917.488	2818.000
917.804	2664.444
918.119	2478.111
918.435	2264.000
918.751	2016.000
919.067	1768.889
919.383	1565.000
919.698	1396.778
920.014	1252.111
920.330	1137.000
920.645	1040.556
920.961	979.556
921.276	976.778
921.592	1021.000
921.907	1112.222
922.223	1220.667
922.538	1334.222
922.853	1457.778
923.168	1569.556
923.483	1672.111
923.799	1765.778
924.114	1814.333
924.429	1833.444
924.744	1824.222
925.059	1779.889
925.373	1725.000
925.688	1676.111
926.003	1624.889
926.318	1578.889
926.632	1494.000
926.947	1382.778
927.262	1263.778
927.576	1135.556
927.891	1032.778
928.205	947.778
928.520	860.889
928.834	788.778
929.148	710.444
929.463	647.444
929.777	603.667
930.091	575.889
930.405	575.667
930.719	595.222
931.033	624.000
931.347	663.778
931.661	719.889
931.975	789.333
932.289	867.556
932.603	937.111
932.917	986.889
933.230	1025.556
933.544	1054.556
933.858	1079.667
934.171	1091.000
934.485	1083.000
934.798	1069.333
935.112	1065.556
935.425	1068.778
935.738	1088.000
936.052	1103.222
936.365	1103.111
936.678	1090.000
936.991	1066.333
937.305	1031.333
937.618	988.667
937.931	921.667
938.244	846.778
938.556	769.000
938.869	700.333
939.182	674.222
939.495	707.222
939.808	777.333
940.120	868.778
940.433	962.667
940.746	1063.778
941.058	1204.000
941.371	1383.556
941.683	1593.000
941.996	1805.111
942.308	1967.333
942.620	2097.889
942.933	2205.111
943.245	2264.444
943.557	2293.667
943.869	2259.556
944.181	2156.111
944.493	2015.444
944.805	1847.889
945.117	1670.556
945.429	1507.556
945.741	1346.111
946.053	1205.889
946.365	1088.444
946.676	991.889
946.988	911.667
947.300	840.444
947.611	762.778
947.923	700.889
948.234	651.556
948.546	618.000
948.857	621.778
949.169	660.556
949.480	712.333
949.791	790.333
950.102	861.556
950.413	923.111
950.725	976.000
951.036	1003.889
951.347	1020.111
951.658	1030.667
951.969	1020.111
952.280	1007.778
952.590	996.667
952.901	980.667
953.212	965.000
953.523	955.889
953.833	938.111
954.144	920.667
954.454	894.333
954.765	847.556
955.075	794.222
955.386	734.444
955.696	679.556
956.007	656.000
956.317	656.556
956.627	671.556
956.937	712.444
957.247	767.000
957.558	817.556
957.868	876.667
958.178	921.333
958.488	951.667
958.797	968.667
959.107	963.444
959.417	962.000
959.727	967.222
960.037	958.111
960.346	967.556
960.656	1001.222
960.966	1046.333
961.275	1110.444
961.585	1202.444
961.894	1289.333
962.203	1368.778
962.513	1435.000
962.822	1481.111
963.131	1510.333
963.441	1512.333
963.750	1476.111
964.059	1420.444
964.368	1328.333
964.677	1226.222
964.986	1132.889
965.295	1034.222
965.604	967.000
965.913	897.333
966.221	834.111
966.530	795.889
966.839	782.778
967.148	783.667
967.456	798.556
967.765	829.333
968.073	871.111
968.382	892.111
968.690	935.000
968.999	968.889
969.307	992.889
969.615	1011.333
969.924	1026.444
970.232	1038.889
970.540	1038.222
970.848	1020.778
971.156	1002.111
971.464	987.000
971.772	973.111
972.080	967.444
972.388	973.778
972.696	972.000
973.003	963.889
973.311	962.111
973.619	954.222
973.926	942.889
974.234	930.000
974.542	906.556
974.849	879.778
975.157	854.667
975.464	829.333
975.771	822.222
976.079	834.000
976.386	854.111
976.693	888.667
977.000	938.889
977.307	991.556
977.615	1056.556
977.922	1124.667
978.229	1188.778
978.536	1230.556
978.842	1250.778
979.149	1253.111
979.456	1229.556
979.763	1186.000
980.070	1132.889
980.376	1069.000
980.683	992.889
980.989	915.111
981.296	847.111
981.602	786.667
981.909	740.778
982.215	719.778
982.522	708.889
982.828	706.222
983.134	703.556
983.440	691.111
983.746	679.556
984.053	668.000
984.359	644.556
984.665	613.111
984.971	576.111
985.277	527.667
985.582	485.556
985.888	454.000
986.194	430.556
986.500	420.778
986.805	420.333
987.111	424.889
987.417	442.778
987.722	468.333
988.028	496.222
988.333	521.333
988.639	542.889
988.944	559.000
989.249	566.000
989.555	566.000
989.860	568.667
990.165	566.778
990.470	566.000
990.775	567.667
991.080	573.889
991.385	580.000
991.690	594.333
991.995	609.667
992.300	627.000
992.605	651.889
992.910	680.556
993.214	699.667
993.519	717.222
993.824	736.000
994.128	753.111
994.433	775.556
994.737	805.000
995.042	833.889
995.346	856.778
995.650	882.444
995.955	900.222
996.259	911.556
996.563	926.778
996.867	934.444
997.171	930.889
997.476	928.778
997.780	913.000
998.083	889.444
998.387	867.556
998.691	842.000
998.995	817.222
999.299	791.444
999.603	763.000
999.906	729.222
1000.210	691.333
1000.514	656.667
1000.817	616.444
1001.121	579.333
1001.424	553.444
1001.728	526.333
1002.031	497.444
1002.334	473.444
1002.638	447.222
1002.941	423.667
1003.244	411.111
1003.547	398.778
1003.850	379.778
1004.153	362.778
1004.456	344.778
1004.759	323.667
1005.062	309.778
1005.365	298.444
1005.668	285.556
1005.971	276.111
1006.273	268.111
1006.576	261.556
1006.879	264.333
1007.181	269.222
1007.484	278.444
1007.786	299.889
1008.089	321.222
1008.391	341.667
1008.693	368.000
1008.996	396.667
1009.298	418.222
1009.600	443.333
1009.902	476.000
1010.204	496.778
1010.507	522.222
1010.809	558.889
1011.111	584.000
1011.412	606.333
1011.714	642.778
1012.016	678.222
1012.318	717.111
1012.620	772.778
1012.921	818.111
1013.223	842.222
1013.525	874.667
1013.826	910.222
1014.128	928.111
1014.429	947.667
1014.731	964.444
1015.032	957.778
1015.333	942.000
1015.635	943.444
1015.936	931.000
1016.237	909.333
1016.538	895.667
1016.839	881.778
1017.140	864.111
1017.441	853.111
1017.742	835.333
1018.043	804.111
1018.344	771.000
1018.645	744.333
1018.946	704.111
1019.246	669.556
1019.547	642.556
1019.848	596.333
1020.148	558.222
1020.449	535.556
1020.749	506.222
1021.050	480.222
1021.350	466.444
1021.651	452.667
1021.951	431.889
1022.251	417.222
1022.551	404.667
1022.852	383.222
1023.152	363.556
1023.452	347.889
1023.752	330.333
1024.052	315.333
1024.352	305.333
1024.652	292.889
1024.952	283.222
1025.251	278.889
1025.551	271.556
1025.851	268.556
1026.150	272.667
1026.450	276.444
1026.750	277.667
1027.049	288.000
1027.349	301.000
1027.648	308.667
1027.947	323.333
1028.247	348.444
1028.546	362.667
1028.845	377.111
1029.144	401.889
1029.444	418.111
1029.743	425.000
1030.042	443.889
1030.341	457.444
1030.640	456.778
1030.939	464.778
1031.238	482.000
1031.536	484.667
1031.835	486.556
1032.134	502.222
1032.433	507.889
1032.731	505.333
1033.030	518.556
1033.328	525.889
1033.627	516.333
1033.925	516.556
1034.224	523.778
1034.522	522.778
1034.820	515.222
1035.119	516.556
1035.417	505.667
1035.715	485.556
1036.013	479.889
1036.311	466.889
1036.609	440.222
1036.907	417.333
1037.205	392.667
1037.503	365.222
1037.801	343.889
1038.099	327.444
1038.397	305.444
1038.694	282.667
1038.992	268.667
1039.290	255.444
1039.587	239.444
1039.885	228.333
1040.182	218.667
1040.479	203.889
1040.777	196.667
1041.074	193.667
1041.372	189.667
1041.669	186.111
1041.966	186.667
1042.263	187.778
1042.560	189.556
1042.857	197.111
1043.154	203.111
1043.451	211.667
1043.748	227.222
1044.045	241.000
1044.342	252.556
1044.639	269.000
1044.935	290.444
1045.232	305.444
1045.529	319.222
1045.825	339.889
1046.122	348.889
1046.418	353.556
1046.715	370.222
1047.011	385.778
1047.308	390.556
1047.604	398.444
1047.900	415.111
1048.197	421.889
1048.493	419.222
1048.789	427.667
1049.085	429.778
1049.381	419.778
1049.677	416.000
1049.973	419.556
1050.269	411.667
1050.565	401.000
1050.860	404.778
1051.156	403.889
1051.452	391.556
1051.748	387.333
1052.043	386.889
1052.339	375.556
1052.634	363.222
1052.930	355.000
1053.225	338.556
1053.521	314.778
1053.816	301.556
1054.111	291.778
1054.407	275.667
1054.702	259.333
1054.997	249.444
1055.292	232.889
1055.587	216.667
1055.882	207.556
1056.177	196.667
1056.472	183.111
1056.767	173.444
1057.062	166.556
1057.357	157.222
1057.651	148.556
1057.946	143.556
1058.241	138.222
1058.535	130.333
1058.830	128.333
1059.124	125.889
1059.419	121.111
1059.713	118.000
1060.008	116.000
1060.302	113.556
1060.596	111.778
1060.890	113.889
1061.185	117.333
1061.479	117.333
1061.773	122.222
1062.067	132.556
1062.361	139.444
1062.655	146.778
1062.949	162.778
1063.243	176.000
1063.536	185.111
1063.830	198.111
1064.124	220.556
1064.418	234.111
1064.711	242.222
1065.005	260.111
1065.298	278.444
1065.592	281.444
1065.885	291.556
1066.179	308.889
1066.472	315.556
1066.765	314.222
1067.058	328.444
1067.352	340.889
1067.645	334.667
1067.938	332.556
1068.231	342.556
1068.524	343.333
1068.817	332.333
1069.110	334.111
1069.403	335.111
1069.696	317.222
1069.989	305.556
1070.281	308.556
1070.574	300.556
1070.867	284.333
1071.159	274.556
1071.452	270.778
1071.744	256.889
1072.037	240.556
1072.329	233.222
1072.622	219.778
1072.914	201.111
1073.206	186.889
1073.498	176.667
1073.791	165.000
1074.083	150.111
1074.375	140.556
1074.667	131.556
1074.959	120.444
1075.251	112.556
1075.543	106.222
1075.835	100.889
1076.126	94.333
1076.418	87.889
1076.710	84.333
1077.002	79.667
1077.293	77.111
1077.585	76.778
1077.876	75.111
1078.168	74.000
1078.459	73.444
1078.751	74.111
1079.042	74.556
1079.333	75.667
1079.625	78.333
1079.916	79.556
1080.207	80.889
1080.498	82.444
1080.789	84.778
1081.080	86.778
1081.371	88.889
1081.662	93.222
1081.953	95.333
1082.244	95.111
1082.535	97.111
1082.826	99.222
1083.116	101.667
1083.407	103.222
1083.698	104.889
1083.988	106.556
1084.279	105.222
1084.569	105.778
1084.859	108.222
1085.150	109.889
1085.440	110.222
1085.730	112.778
1086.021	115.333
1086.311	115.556
1086.601	116.889
1086.891	119.222
1087.181	119.222
1087.471	117.222
1087.761	116.667
1088.051	117.333
1088.341	115.444
1088.631	113.667
1088.921	114.333
1089.210	111.778
1089.500	108.333
1089.790	107.000
1090.079	106.667
1090.369	104.444
1090.658	102.222
1090.948	100.889
1091.237	98.333
1091.526	94.778
1091.816	93.333
1092.105	92.444
1092.394	90.667
1092.683	87.667
1092.973	85.222
1093.262	82.000
1093.551	78.444
1093.840	76.444
1094.129	74.111
1094.417	72.889
1094.706	72.667
1094.995	72.222
1095.284	71.667
1095.573	71.556
1095.861	71.222
1096.150	71.778
1096.438	73.222
1096.727	74.111
1097.016	73.333
1097.304	72.556
1097.592	71.889
1097.881	72.778
1098.169	72.444
1098.457	74.222
1098.745	75.556
1099.034	73.889
1099.322	76.111
