520.430	0.000
520.800	0.000
521.169	55.000
521.539	57.000
521.909	57.000
522.278	73.000
522.648	59.000
523.017	66.000
523.387	68.000
523.756	62.000
524.125	58.000
524.494	77.000
524.864	59.000
525.233	67.000
525.602	66.000
525.971	65.000
526.340	62.000
526.709	62.000
527.078	56.000
527.447	67.000
527.816	127.444
528.185	353.778
528.553	534.889
528.922	661.556
529.291	758.889
529.659	833.889
530.028	906.778
530.396	981.111
530.765	1059.889
531.133	1091.000
531.502	986.778
531.870	953.667
532.238	1005.222
532.606	1128.000
532.975	1317.222
533.343	1541.889
533.711	1797.556
534.079	2074.111
534.447	2371.556
534.815	2672.222
535.183	2936.222
535.551	3159.000
535.919	3287.556
536.286	3355.889
536.654	3381.444
537.022	3320.111
537.389	3195.889
537.757	2992.778
538.125	2693.000
538.492	2373.000
538.859	2054.333
539.227	1787.556
539.594	1545.000
539.961	1337.000
540.329	1216.000
540.696	1164.889
541.063	1177.222
541.430	1274.444
541.797	1419.222
542.164	1577.889
542.531	1730.333
542.898	1880.889
543.265	1984.111
543.632	2054.889
543.999	2120.667
544.366	2158.111
544.732	2187.889
545.099	2221.778
545.466	2282.222
545.832	2385.333
546.199	2479.778
546.565	2594.444
546.932	2638.889
547.298	2587.556
547.664	2511.111
548.031	2388.889
548.397	2208.556
548.763	2000.667
549.129	1766.111
549.495	1572.333
549.861	1441.444
550.227	1460.667
550.593	1589.778
550.959	1787.889
551.325	2085.889
551.691	2443.667
552.057	2798.889
552.422	3143.556
552.788	3448.333
553.154	3600.444
553.519	3582.333
553.885	3466.222
554.250	3245.778
554.616	2935.667
554.981	2589.889
555.347	2226.333
555.712	1859.889
556.077	1509.778
556.443	1246.556
556.808	1078.333
557.173	965.222
557.538	941.556
557.903	943.333
558.268	993.000
558.633	1086.333
558.998	1214.778
559.363	1357.222
559.727	1550.444
560.092	1790.556
560.457	2083.667
560.822	2401.667
561.186	2684.778
561.551	2974.556
561.915	3244.778
562.280	3457.667
562.644	3601.556
563.009	3670.444
563.373	3582.556
563.737	3448.444
564.102	3247.556
564.466	3013.667
564.830	2744.667
565.194	2491.667
565.558	2287.778
565.922	2146.778
566.286	2073.111
566.650	2087.222
567.014	2103.667
567.378	2166.556
567.741	2237.000
568.105	2290.000
568.469	2321.556
568.833	2318.000
569.196	2315.111
569.560	2325.222
569.923	2355.111
570.287	2410.111
570.650	2470.667
571.013	2589.778
571.377	2758.889
571.740	2923.556
572.103	3012.333
572.466	3059.778
572.830	3014.222
573.193	2908.556
573.556	2780.778
573.919	2576.444
574.282	2343.667
574.645	2080.778
575.007	1833.111
575.370	1701.667
575.733	1643.444
576.096	1635.000
576.458	1723.444
576.821	1812.444
577.184	1941.333
577.546	2172.889
577.909	2434.111
578.271	2624.667
578.633	2800.889
578.996	2877.444
579.358	2914.111
579.720	2928.333
580.083	2877.667
580.445	2799.444
580.807	2647.222
581.169	2423.778
581.531	2231.000
581.893	1990.000
582.255	1782.778
582.617	1633.333
582.979	1463.444
583.340	1339.000
583.702	1250.333
584.064	1158.333
584.425	1095.000
584.787	1090.333
585.149	1101.000
585.510	1143.556
585.872	1165.667
586.233	1172.667
586.594	1198.667
586.956	1210.222
587.317	1239.333
587.678	1260.889
588.039	1227.889
588.401	1218.778
588.762	1206.444
589.123	1205.556
589.484	1225.222
589.845	1217.111
590.206	1202.889
590.566	1193.778
590.927	1193.667
591.288	1240.556
591.649	1286.556
592.009	1279.889
592.370	1273.556
592.731	1231.111
593.091	1219.000
593.452	1224.111
593.812	1187.000
594.172	1125.000
594.533	1022.889
594.893	922.444
595.253	887.556
595.614	849.556
595.974	859.778
596.334	892.000
596.694	923.556
597.054	1010.778
597.414	1107.667
597.774	1234.667
598.134	1336.444
598.494	1392.667
598.853	1430.111
599.213	1425.556
599.573	1356.667
599.932	1283.000
600.292	1189.222
600.652	1142.111
601.011	1088.111
601.371	1095.111
601.730	1125.222
602.089	1208.000
602.449	1403.444
602.808	1678.556
603.167	2013.556
603.526	2318.333
603.886	2524.889
604.245	2764.333
604.604	2895.333
604.963	3030.778
605.322	3118.222
605.681	3117.222
606.040	3112.889
606.398	2975.667
606.757	2847.000
607.116	2758.556
607.475	2583.333
607.833	2501.111
608.192	2360.889
608.550	2240.778
608.909	2119.444
609.267	1930.333
609.626	1810.778
609.984	1687.667
610.342	1638.333
610.701	1643.111
611.059	1623.000
611.417	1667.111
611.775	1688.444
612.133	1815.556
612.491	1908.222
612.849	2097.000
613.207	2228.111
613.565	2313.111
613.923	2401.778
614.281	2463.222
614.638	2551.778
614.996	2594.000
615.354	2592.444
615.711	2636.778
616.069	2561.444
616.427	2544.556
616.784	2496.222
617.141	2476.333
617.499	2423.556
617.856	2312.889
618.213	2215.111
618.571	2028.111
618.928	1859.444
619.285	1686.222
619.642	1520.889
619.999	1366.444
620.356	1173.000
620.713	1051.000
621.070	954.333
621.427	937.889
621.784	932.111
622.141	958.889
622.497	1006.667
622.854	1090.889
623.211	1191.778
623.567	1259.111
623.924	1294.556
624.280	1280.667
624.637	1233.222
624.993	1190.889
625.349	1126.111
625.706	1058.222
626.062	981.333
626.418	913.222
626.774	868.111
627.131	855.444
627.487	871.222
627.843	899.444
628.199	914.000
628.555	914.556
628.911	907.444
629.266	893.444
629.622	897.556
629.978	927.222
630.334	976.556
630.689	977.222
631.045	960.333
631.401	948.889
631.756	946.556
632.112	945.778
632.467	933.444
632.822	904.444
633.178	883.556
633.533	828.000
633.888	802.444
634.243	765.778
634.599	747.333
634.954	724.556
635.309	730.444
635.664	761.111
636.019	784.889
636.374	820.778
636.729	860.667
637.083	960.222
637.438	1091.222
637.793	1243.444
638.148	1375.222
638.502	1475.444
638.857	1580.889
639.211	1699.778
639.566	1822.111
639.920	1872.000
640.275	1891.889
640.629	1834.111
640.983	1768.000
641.338	1669.333
641.692	1596.111
642.046	1463.333
642.400	1320.556
642.754	1137.667
643.108	1016.222
643.462	881.889
643.816	815.444
644.170	787.222
644.524	822.111
644.878	901.778
645.232	989.889
645.585	1134.889
645.939	1291.222
646.293	1518.111
646.646	1750.778
647.000	2023.000
647.353	2156.333
647.707	2277.000
648.060	2273.000
648.413	2307.111
648.767	2337.222
649.120	2375.111
649.473	2279.111
649.826	2164.222
650.179	1976.444
650.533	1859.889
650.885	1717.000
651.239	1633.222
651.591	1504.889
651.944	1313.222
652.297	1112.667
652.650	967.000
653.003	828.111
653.355	705.111
653.708	614.556
654.061	540.333
654.413	489.111
654.766	454.556
655.118	429.222
655.471	411.222
655.823	449.444
656.175	534.111
656.528	683.222
656.880	806.889
657.232	971.556
657.584	1113.556
657.936	1309.111
658.288	1445.556
658.640	1555.778
658.992	1575.111
659.344	1558.667
659.696	1463.111
660.048	1396.556
660.400	1291.889
660.751	1228.111
661.103	1090.556
661.455	1002.000
661.806	909.556
662.158	902.556
662.509	934.667
662.861	1042.111
663.212	1085.556
663.563	1120.222
663.915	1126.778
664.266	1211.333
664.617	1305.333
664.968	1460.889
665.319	1535.889
665.670	1594.333
666.021	1581.778
666.372	1679.889
666.723	1770.889
667.074	1875.444
667.425	1876.667
667.776	1853.000
668.127	1764.778
668.477	1737.444
668.828	1679.778
669.179	1651.778
669.529	1538.444
669.880	1406.667
670.230	1262.556
670.581	1164.333
670.931	1083.556
671.281	1004.333
671.632	910.556
671.982	809.889
672.332	709.222
672.682	670.889
673.032	723.778
673.382	761.333
673.732	808.000
674.082	806.000
674.432	801.000
674.782	778.444
675.132	778.444
675.482	755.222
675.831	695.556
676.181	590.222
676.531	544.667
676.880	489.778
677.230	508.889
677.579	519.444
677.929	542.778
678.278	550.556
678.628	557.222
678.977	567.556
679.326	582.222
679.675	583.000
680.024	604.556
680.374	634.000
680.723	677.111
681.072	756.444
681.421	841.333
681.770	972.111
682.119	1080.000
682.467	1224.889
682.816	1311.556
683.165	1410.111
683.514	1483.222
683.862	1586.444
684.211	1678.333
684.559	1707.222
684.908	1681.222
685.256	1610.778
685.605	1484.667
685.953	1373.444
686.302	1242.889
686.650	1098.667
686.998	935.111
687.346	752.222
687.694	662.889
688.043	595.000
688.391	598.778
688.739	645.000
689.087	707.889
689.435	814.667
689.782	879.889
690.130	961.000
690.478	1017.667
690.826	1034.000
691.173	1053.222
691.521	1060.667
691.869	1052.111
692.216	1093.111
692.564	1149.000
692.911	1205.333
693.259	1270.222
693.606	1290.667
693.953	1339.333
694.300	1363.667
694.648	1382.222
694.995	1370.000
695.342	1270.778
695.689	1109.111
696.036	999.889
696.383	917.111
696.730	893.111
697.077	860.778
697.424	852.667
697.771	866.333
698.117	916.000
698.464	977.556
698.811	1039.667
699.157	1074.889
699.504	1078.778
699.850	1085.778
700.197	1101.222
700.543	1124.667
700.890	1149.667
701.236	1172.778
701.582	1221.444
701.929	1337.667
702.275	1463.111
702.621	1606.778
702.967	1722.556
703.313	1817.333
703.659	1906.778
704.005	1912.111
704.351	1871.889
704.697	1792.222
705.043	1646.778
705.388	1517.000
705.734	1330.778
706.080	1178.778
706.426	1035.667
706.771	912.111
707.117	840.889
707.462	786.111
707.808	784.000
708.153	767.111
708.498	784.111
708.844	815.333
709.189	891.111
709.534	942.333
709.879	949.000
710.225	986.889
710.570	991.222
710.915	1001.333
711.260	1007.889
711.605	994.667
711.950	980.889
712.294	927.889
712.639	916.444
712.984	913.222
713.329	930.333
713.673	962.111
714.018	1002.222
714.363	1049.444
714.707	1026.333
715.052	999.556
715.396	946.333
715.740	875.222
716.085	814.111
716.429	711.889
716.773	636.444
717.117	537.000
717.462	473.222
717.806	467.444
718.150	492.444
718.494	551.889
718.838	581.444
719.182	615.889
719.526	654.111
719.869	695.778
720.213	764.333
720.557	777.444
720.901	773.000
721.244	729.222
721.588	668.889
721.932	650.556
722.275	626.111
722.618	628.444
722.962	602.889
723.305	547.444
723.649	515.222
723.992	497.556
724.335	502.222
724.678	509.333
725.021	508.444
725.365	518.222
725.708	491.889
726.051	488.444
726.393	487.444
726.736	496.889
727.079	534.889
727.422	554.444
727.765	599.667
728.108	639.111
728.450	694.778
728.793	797.222
729.135	844.556
729.478	911.222
729.820	936.333
730.163	911.333
730.505	897.556
730.848	837.667
731.190	775.556
731.532	685.556
731.874	569.556
732.217	525.889
732.559	475.444
732.901	488.778
733.243	554.667
733.585	600.222
733.927	656.222
734.269	709.889
734.610	759.444
734.952	818.333
735.294	836.444
735.636	820.000
735.977	763.222
736.319	669.667
736.660	605.111
737.002	560.000
737.343	547.556
737.685	577.111
738.026	575.889
738.368	583.889
738.709	610.889
739.050	640.667
739.391	700.667
739.732	745.111
740.073	761.111
740.415	747.778
740.756	686.889
741.096	641.667
741.437	614.889
741.778	587.778
742.119	569.889
742.460	522.778
742.801	482.444
743.141	477.667
743.482	480.222
743.823	510.778
744.163	553.000
744.504	562.667
744.844	589.778
745.184	615.333
745.525	625.667
745.865	648.889
746.205	649.889
746.545	650.111
746.886	668.444
747.226	673.111
747.566	727.222
747.906	793.778
748.246	810.444
748.586	857.889
748.926	875.111
749.266	870.778
749.605	851.333
749.945	790.889
750.285	738.222
750.624	673.667
750.964	575.556
751.304	535.778
751.643	493.222
751.983	469.222
752.322	505.556
752.661	561.889
753.001	613.111
753.340	685.333
753.679	742.222
754.018	757.889
754.358	755.444
754.697	749.556
755.036	775.333
755.375	789.000
755.714	777.333
756.053	803.889
756.392	823.556
756.730	798.556
757.069	803.222
757.408	811.889
757.747	798.333
758.085	753.222
758.424	696.111
758.762	667.333
759.101	646.444
759.439	591.889
759.778	555.222
760.116	531.111
760.454	502.333
760.793	494.667
761.131	509.222
761.469	520.000
761.807	517.333
762.145	488.667
762.483	461.556
762.821	448.333
763.159	441.111
763.497	445.222
763.835	458.667
764.173	479.444
764.510	494.000
764.848	507.889
765.186	512.889
765.523	505.000
765.861	498.778
766.198	497.333
766.536	497.556
766.873	518.667
767.211	552.667
767.548	569.444
767.885	581.667
768.223	611.556
768.560	650.333
768.897	681.667
769.234	717.333
769.571	738.000
769.908	735.333
770.245	706.333
770.582	675.111
770.919	636.667
771.256	590.222
771.593	570.333
771.929	587.667
772.266	640.000
772.603	702.222
772.939	733.556
773.276	751.111
773.612	762.333
773.949	768.667
774.285	784.667
774.622	830.333
774.958	851.556
775.294	830.556
775.630	816.444
775.966	810.444
776.303	833.556
776.639	898.889
776.975	956.556
777.311	1005.667
777.647	1067.222
777.983	1139.778
778.318	1236.667
778.654	1326.111
778.990	1359.000
779.326	1343.333
779.661	1326.333
779.997	1323.000
780.333	1278.000
780.668	1169.222
781.004	1046.667
781.339	887.778
781.674	738.000
782.010	657.111
782.345	595.556
782.680	521.111
783.016	458.333
783.351	423.000
783.686	416.111
784.021	433.667
784.356	450.222
784.691	470.222
785.026	510.889
785.361	563.111
785.695	603.778
786.030	684.222
786.365	835.778
786.700	977.333
787.034	1136.556
787.369	1320.889
787.703	1426.778
788.038	1452.556
788.372	1471.222
788.707	1515.889
789.041	1496.000
789.376	1400.556
789.710	1285.222
790.044	1123.889
790.378	966.556
790.712	894.889
791.046	891.556
791.380	913.889
791.714	931.889
792.048	936.778
792.382	915.778
792.716	900.222
793.050	907.556
793.384	895.667
793.718	868.000
794.051	837.222
794.385	769.556
794.718	686.222
795.052	669.889
795.385	729.444
795.719	803.667
796.052	887.444
796.386	969.667
796.719	1011.000
797.052	1021.556
797.385	1031.111
797.719	1043.333
798.052	1015.444
798.385	938.889
798.718	849.778
799.051	748.000
799.384	663.667
799.716	634.556
800.049	641.889
800.382	644.222
800.715	638.222
801.048	636.222
801.380	649.000
801.713	690.222
802.045	747.111
802.378	799.444
802.710	833.889
803.043	848.889
803.375	868.778
803.707	906.444
804.040	980.889
804.372	1072.444
804.704	1139.556
805.036	1165.778
805.368	1160.778
805.700	1151.111
806.032	1162.333
806.364	1200.667
806.696	1250.778
807.028	1271.111
807.360	1244.667
807.692	1202.667
808.023	1179.111
808.355	1180.889
808.687	1231.778
809.018	1288.111
809.350	1288.222
809.681	1248.000
810.013	1238.444
810.344	1319.000
810.676	1442.778
811.007	1616.222
811.338	1845.667
811.669	1987.333
812.001	2052.889
812.332	2153.000
812.663	2293.889
812.994	2383.000
813.325	2408.333
813.656	2432.111
813.987	2396.556
814.317	2237.889
814.648	2104.556
814.979	2066.556
815.310	2025.889
815.640	1928.000
815.971	1831.444
816.301	1723.667
816.632	1559.444
816.962	1387.444
817.293	1280.444
817.623	1190.111
817.954	1055.111
818.284	921.000
818.614	849.778
818.944	830.333
819.274	859.667
819.605	999.222
819.935	1273.778
820.265	1560.111
820.595	1802.889
820.924	2089.111
821.254	2480.778
821.584	2847.667
821.914	3181.444
822.244	3395.778
822.573	3488.889
822.903	3387.000
823.233	3203.333
823.562	3069.667
823.892	2944.778
824.221	2702.111
824.550	2388.000
824.880	2045.000
825.209	1785.444
825.538	1572.889
825.868	1428.889
826.197	1379.000
826.526	1350.667
826.855	1255.444
827.184	1134.778
827.513	1068.889
827.842	1052.556
828.171	1035.889
828.500	1012.667
828.828	1028.111
829.157	1114.333
829.486	1256.889
829.815	1440.444
830.143	1744.222
830.472	2124.222
830.800	2486.000
831.129	2840.778
831.457	3143.000
831.786	3289.000
832.114	3360.444
832.442	3332.556
832.770	3275.333
833.099	3201.778
833.427	3060.222
833.755	2814.333
834.083	2494.667
834.411	2225.000
834.739	2129.778
835.067	2010.778
835.395	1874.222
835.723	1736.000
836.050	1542.222
836.378	1352.222
836.706	1252.111
837.033	1222.556
837.361	1220.667
837.689	1189.667
838.016	1150.444
838.344	1169.556
838.671	1294.333
838.998	1473.667
839.326	1595.333
839.653	1639.111
839.980	1663.111
840.307	1676.333
840.634	1671.222
840.961	1657.556
841.289	1642.778
841.615	1613.111
841.942	1538.667
842.269	1467.667
842.596	1435.444
842.923	1432.556
843.250	1423.556
843.576	1392.556
843.903	1350.111
844.230	1288.667
844.556	1222.444
844.883	1216.667
845.209	1265.778
845.536	1374.444
845.862	1571.778
846.188	1806.000
846.515	1988.333
846.841	2134.444
847.167	2325.444
847.493	2627.111
847.819	2855.222
848.146	3087.000
848.472	3277.000
848.798	3205.111
849.123	3043.333
849.449	2897.667
849.775	2777.444
850.101	2611.111
850.427	2316.778
850.752	2070.778
851.078	1810.889
851.404	1552.222
851.729	1509.556
852.055	1597.667
852.380	1744.444
852.706	1824.889
853.031	1830.333
853.356	1767.889
853.682	1704.667
854.007	1717.111
854.332	1757.556
854.657	1771.556
854.982	1824.111
855.307	1951.889
855.632	2154.333
855.957	2340.111
856.282	2556.667
856.607	2865.889
856.932	3113.333
857.256	3367.333
857.581	3598.667
857.906	3687.111
858.230	3605.889
858.555	3544.556
858.880	3480.333
859.204	3307.111
859.529	2952.222
859.853	2605.111
860.177	2282.667
860.502	1956.000
860.826	1625.000
861.150	1399.333
861.474	1196.556
861.798	1075.667
862.122	1016.778
862.446	976.333
862.770	942.333
863.094	945.667
863.418	1034.667
863.742	1149.667
864.066	1205.111
864.389	1257.000
864.713	1372.778
865.037	1564.667
865.360	1755.778
865.684	1879.556
866.008	1945.778
866.331	2016.889
866.654	2180.889
866.978	2403.333
867.301	2527.889
867.624	2552.889
867.948	2554.111
868.271	2590.111
868.594	2615.222
868.917	2564.444
869.240	2397.667
869.563	2144.111
869.886	1933.556
870.209	1820.000
870.532	1714.333
870.855	1549.556
871.177	1353.667
871.500	1239.444
871.823	1229.333
872.145	1287.778
872.468	1353.000
872.791	1393.444
873.113	1540.111
873.435	1831.000
873.758	2163.556
874.080	2412.000
874.402	2538.556
874.725	2612.111
875.047	2664.333
875.369	2742.000
875.691	2829.111
876.013	2797.111
876.335	2688.556
876.657	2680.444
876.979	2796.111
877.301	3016.000
877.623	3256.222
877.945	3380.667
878.266	3303.667
878.588	3162.111
878.910	3027.444
879.231	2836.444
879.553	2515.667
879.875	2154.000
880.196	1781.556
880.517	1422.111
880.839	1177.444
881.160	1124.444
881.481	1121.444
881.803	1157.000
882.124	1314.556
882.445	1588.667
882.766	1911.778
883.087	2194.000
883.408	2380.778
883.729	2514.222
884.050	2593.556
884.371	2629.222
884.692	2609.778
885.012	2471.778
885.333	2246.778
885.654	2001.222
885.974	1824.000
886.295	1744.889
886.616	1679.667
886.936	1608.333
887.257	1524.222
887.577	1427.667
887.897	1350.000
888.218	1271.222
888.538	1207.000
888.858	1129.667
889.178	1024.556
889.498	945.000
889.818	902.444
890.139	920.333
890.458	1003.667
890.778	1128.889
891.098	1280.667
891.418	1430.222
891.738	1599.000
892.058	1804.667
892.377	2011.778
892.697	2195.333
893.017	2311.778
893.336	2348.556
893.656	2350.111
893.975	2368.000
894.295	2397.889
894.614	2403.778
894.933	2344.111
895.253	2244.778
895.572	2130.556
895.891	2041.889
896.210	1989.889
896.529	1912.778
896.848	1787.778
897.167	1637.222
897.486	1495.333
897.805	1434.222
898.124	1473.667
898.443	1584.333
898.762	1707.444
899.081	1790.556
899.399	1860.889
899.718	1948.556
900.036	2094.778
900.355	2318.778
900.673	2557.111
900.992	2758.778
901.310	2916.111
901.629	3065.444
901.947	3251.111
902.265	3418.111
902.583	3511.000
902.902	3510.444
903.220	3415.111
903.538	3256.667
903.856	3048.444
904.174	2838.444
904.492	2659.667
904.810	2482.444
905.128	2324.667
905.445	2173.444
905.763	2008.333
906.081	1840.333
906.398	1710.889
906.716	1622.333
907.034	1590.556
907.351	1580.111
907.669	1598.778
907.986	1643.556
908.304	1726.667
908.621	1834.667
908.938	1944.556
909.255	2012.444
909.573	2052.111
909.890	2012.667
910.207	1923.444
910.524	1805.556
910.841	1710.444
911.158	1647.667
911.475	1601.444
911.792	1536.333
912.109	1443.556
912.425	1337.111
912.742	1248.556
913.059	1163.333
913.375	1094.889
913.692	1027.889
914.009	946.889
914.325	852.778
914.641	765.111
914.958	700.667
915.274	653.111
915.591	614.667
915.907	598.111
916.223	605.000
916.539	629.556
916.855	677.556
917.172	733.444
917.488	806.667
917.804	905.667
918.119	1022.556
918.435	1153.000
918.751	1279.778
919.067	1405.222
919.383	1533.889
919.698	1645.222
920.014	1743.889
920.330	1834.556
920.645	1916.556
920.961	2003.000
921.276	2092.889
921.592	2143.222
921.907	2126.333
922.223	2031.111
922.538	1900.000
922.853	1778.333
923.168	1663.222
923.483	1534.333
923.799	1396.222
924.114	1247.000
924.429	1142.000
924.744	1107.667
925.059	1131.889
925.373	1201.556
925.688	1303.000
926.003	1445.889
926.318	1701.111
926.632	2023.667
926.947	2368.222
927.262	2679.000
927.576	2857.444
927.891	2962.333
928.205	3035.667
928.520	3080.333
928.834	3107.778
929.148	3064.000
929.463	2963.111
929.777	2828.444
930.091	2668.000
930.405	2551.667
930.719	2443.333
931.033	2300.222
931.347	2131.778
931.661	1937.556
931.975	1706.222
932.289	1454.444
932.603	1212.000
932.917	1010.889
933.230	877.556
933.544	793.556
933.858	751.000
934.171	742.556
934.485	743.556
934.798	778.222
935.112	856.000
935.425	954.889
935.738	1075.111
936.052	1178.444
936.365	1248.889
936.678	1308.667
936.991	1347.778
937.305	1372.000
937.618	1392.222
937.931	1387.667
938.244	1371.000
938.556	1357.778
938.869	1345.667
939.182	1358.444
939.495	1385.000
939.808	1396.889
940.120	1399.778
940.433	1379.556
940.746	1324.000
941.058	1265.111
941.371	1188.333
941.683	1105.000
941.996	1052.222
942.308	1003.000
942.620	979.889
942.933	992.556
943.245	992.000
943.557	1008.889
943.869	1028.556
944.181	1041.444
944.493	1080.889
944.805	1138.667
945.117	1219.444
945.429	1353.000
945.741	1501.222
946.053	1670.111
946.365	1848.556
946.676	1987.444
946.988	2078.222
947.300	2132.111
947.611	2129.111
947.923	2101.778
948.234	2051.889
948.546	1978.333
948.857	1893.889
949.169	1800.000
949.480	1700.556
949.791	1628.333
950.102	1566.556
950.413	1503.667
950.725	1438.000
951.036	1351.889
951.347	1254.222
951.658	1174.333
951.969	1112.000
952.280	1092.000
952.590	1121.778
952.901	1188.000
953.212	1295.889
953.523	1428.667
953.833	1539.556
954.144	1626.556
954.454	1687.778
954.765	1708.222
955.075	1702.444
955.386	1668.444
955.696	1601.889
956.007	1507.000
956.317	1400.222
956.627	1298.111
956.937	1239.556
957.247	1213.778
957.558	1201.000
957.868	1213.222
958.178	1226.111
958.488	1223.778
958.797	1221.556
959.107	1195.556
959.417	1163.667
959.727	1124.444
960.037	1062.222
960.346	1004.000
960.656	955.889
960.966	918.667
961.275	907.778
961.585	937.000
961.894	980.111
962.203	1032.667
962.513	1095.556
962.822	1144.444
963.131	1187.333
963.441	1210.778
963.750	1202.667
964.059	1177.111
964.368	1124.889
964.677	1060.333
964.986	1005.000
965.295	938.667
965.604	895.222
965.913	838.889
966.221	785.000
966.530	744.222
966.839	720.778
967.148	692.000
967.456	670.222
967.765	642.667
968.073	602.667
968.382	551.778
968.690	525.333
968.999	496.222
969.307	468.000
969.615	434.222
969.924	403.222
970.232	386.778
970.540	392.778
970.848	424.000
971.156	471.000
971.464	539.111
971.772	624.556
972.080	720.556
972.388	828.667
972.696	936.333
973.003	1040.778
973.311	1135.444
973.619	1208.222
973.926	1250.556
974.234	1269.889
974.542	1255.111
974.849	1225.333
975.157	1186.889
975.464	1127.444
975.771	1061.000
976.079	997.111
976.386	930.556
976.693	888.333
977.000	873.222
977.307	863.556
977.615	868.000
977.922	888.111
978.229	916.667
978.536	951.667
978.842	995.889
979.149	1041.333
979.456	1079.556
979.763	1108.778
980.070	1134.111
980.376	1151.222
980.683	1148.222
980.989	1143.111
981.296	1135.889
981.602	1122.333
981.909	1107.889
982.215	1093.444
982.522	1075.667
982.828	1060.111
983.134	1044.222
983.440	1033.889
983.746	1017.444
984.053	991.000
984.359	949.444
984.665	897.889
984.971	841.667
985.277	772.222
985.582	705.111
985.888	636.000
986.194	562.556
986.500	503.889
986.805	451.333
987.111	405.222
987.417	375.222
987.722	359.667
988.028	354.889
988.333	360.222
988.639	373.667
988.944	390.778
989.249	404.667
989.555	419.333
989.860	440.444
990.165	463.222
990.470	483.111
990.775	508.333
991.080	541.333
991.385	571.556
991.690	617.222
991.995	672.778
992.300	730.111
992.605	803.000
992.910	889.111
993.214	961.667
993.519	1026.444
993.824	1090.778
994.128	1141.556
994.433	1191.000
994.737	1237.556
995.042	1268.000
995.346	1283.778
995.650	1302.667
995.955	1309.556
996.259	1317.556
996.563	1338.778
996.867	1360.111
997.171	1374.778
997.476	1403.000
997.780	1415.778
998.083	1421.333
998.387	1430.222
998.691	1430.778
998.995	1419.222
999.299	1403.556
999.603	1382.889
999.906	1340.667
1000.210	1288.111
1000.514	1240.667
1000.817	1178.778
1001.121	1114.000
1001.424	1070.778
1001.728	1025.000
1002.031	970.556
1002.334	920.444
1002.638	866.889
1002.941	815.667
1003.244	783.889
1003.547	748.778
1003.850	698.444
1004.153	654.889
1004.456	609.889
1004.759	558.778
1005.062	520.889
1005.365	489.111
1005.668	448.222
1005.971	418.889
1006.273	405.667
1006.576	392.000
1006.879	383.000
1007.181	381.000
1007.484	374.667
1007.786	374.889
1008.089	381.111
1008.391	385.444
1008.693	392.222
1008.996	400.889
1009.298	405.333
1009.600	415.000
1009.902	431.556
1010.204	442.556
1010.507	455.778
1010.809	477.222
1011.111	492.889
1011.412	500.111
1011.714	512.222
1012.016	524.556
1012.318	532.778
1012.620	552.333
1012.921	571.667
1013.223	577.222
1013.525	593.778
1013.826	616.111
1014.128	632.444
1014.429	658.889
1014.731	686.778
1015.032	699.333
1015.333	716.000
1015.635	741.778
1015.936	756.444
1016.237	759.778
1016.538	769.556
1016.839	773.333
1017.140	763.000
1017.441	759.333
1017.742	757.667
1018.043	731.111
1018.344	706.778
1018.645	692.667
1018.946	667.444
1019.246	639.444
1019.547	622.444
1019.848	593.333
1020.148	561.667
1020.449	533.889
1020.749	503.667
1021.050	471.333
1021.350	442.556
1021.651	413.111
1021.951	381.778
1022.251	351.667
1022.551	327.778
1022.852	300.444
1023.152	279.111
1023.452	265.333
1023.752	252.333
1024.052	242.778
1024.352	238.778
1024.652	235.444
1024.952	236.333
1025.251	240.333
1025.551	245.667
1025.851	257.889
1026.150	274.778
1026.450	288.556
1026.750	303.444
1027.049	324.667
1027.349	342.333
1027.648	358.556
1027.947	380.111
1028.247	401.889
1028.546	408.333
1028.845	418.333
1029.144	431.667
1029.444	439.333
1029.743	441.000
1030.042	449.889
1030.341	448.667
1030.640	440.778
1030.939	442.556
1031.238	448.667
1031.536	443.667
1031.835	443.000
1032.134	447.222
1032.433	443.556
1032.731	444.778
1033.030	456.556
1033.328	457.667
1033.627	452.889
1033.925	462.333
1034.224	466.889
1034.522	471.444
1034.820	475.889
1035.119	484.111
1035.417	474.556
1035.715	466.333
1036.013	466.667
1036.311	455.778
1036.609	437.667
1036.907	428.333
1037.205	410.111
1037.503	387.667
1037.801	369.000
1038.099	354.556
1038.397	331.556
1038.694	312.333
1038.992	297.111
1039.290	277.222
1039.587	256.222
1039.885	241.222
1040.182	225.556
1040.479	209.333
1040.777	201.889
1041.074	196.222
1041.372	187.111
1041.669	181.333
1041.966	178.444
1042.263	175.222
1042.560	172.667
1042.857	178.111
1043.154	183.111
1043.451	186.222
1043.748	201.000
1044.045	220.444
1044.342	237.444
1044.639	260.778
1044.935	293.000
1045.232	321.889
1045.529	348.000
1045.825	384.556
1046.122	416.333
1046.418	440.889
1046.715	481.778
1047.011	527.889
1047.308	559.222
1047.604	592.000
1047.900	639.333
1048.197	673.778
1048.493	688.000
1048.789	716.667
1049.085	738.000
1049.381	733.222
1049.677	733.556
1049.973	748.778
1050.269	747.667
1050.565	732.667
1050.860	746.444
1051.156	754.333
1051.452	735.778
1051.748	730.000
1052.043	734.889
1052.339	717.333
1052.634	696.444
1052.930	682.778
1053.225	657.111
1053.521	609.111
1053.816	581.000
1054.111	566.889
1054.407	534.222
1054.702	498.222
1054.997	477.000
1055.292	442.000
1055.587	403.556
1055.882	377.889
1056.177	353.333
1056.472	319.667
1056.767	284.889
1057.062	260.222
1057.357	235.889
1057.651	208.556
1057.946	191.111
1058.241	175.111
1058.535	157.889
1058.830	146.778
1059.124	140.222
1059.419	135.000
1059.713	132.444
1060.008	131.111
1060.302	130.556
1060.596	129.556
1060.890	133.111
1061.185	138.222
1061.479	139.667
1061.773	145.333
1062.067	157.222
1062.361	166.222
1062.655	170.556
1062.949	183.000
1063.243	196.667
1063.536	203.444
1063.830	212.222
1064.124	232.556
1064.418	246.222
1064.711	251.556
1065.005	265.222
1065.298	286.778
1065.592	291.889
1065.885	297.222
1066.179	314.667
1066.472	324.000
1066.765	323.333
1067.058	334.778
1067.352	347.889
1067.645	344.556
1067.938	340.778
1068.231	350.556
1068.524	356.667
1068.817	346.333
1069.110	346.111
1069.403	347.333
1069.696	332.778
1069.989	320.667
1070.281	323.667
1070.574	316.333
1070.867	300.667
1071.159	289.000
1071.452	285.778
1071.744	272.667
1072.037	257.556
1072.329	249.444
1072.622	238.889
1072.914	220.333
1073.206	207.000
1073.498	199.111
1073.791	188.667
1074.083	173.333
1074.375	164.000
1074.667	153.778
1074.959	141.778
1075.251	131.444
1075.543	124.444
1075.835	116.556
1076.126	107.333
1076.418	99.556
1076.710	95.667
1077.002	91.444
1077.293	90.222
1077.585	89.778
1077.876	89.444
1078.168	88.778
1078.459	90.667
1078.751	91.889
1079.042	92.333
1079.333	95.222
1079.625	97.778
1079.916	98.778
1080.207	101.444
1080.498	104.444
1080.789	107.111
1081.080	108.778
1081.371	111.556
1081.662	115.111
1081.953	116.111
1082.244	116.333
1082.535	119.444
1082.826	120.111
1083.116	118.556
1083.407	118.222
1083.698	117.667
1083.988	115.444
1084.279	112.556
1084.569	111.333
1084.859	109.778
1085.150	106.444
1085.440	104.556
1085.730	105.000
1086.021	103.889
1086.311	102.000
1086.601	102.889
1086.891	103.667
1087.181	102.444
1087.471	102.111
1087.761	102.222
1088.051	102.889
1088.341	101.444
1088.631	102.444
1088.921	104.222
1089.210	102.667
1089.500	101.444
1089.790	103.111
1090.079	105.667
1090.369	106.333
1090.658	105.889
1090.948	108.333
1091.237	106.778
1091.526	104.333
1091.816	105.556
1092.105	106.333
1092.394	105.111
1092.683	101.667
1092.973	100.222
1093.262	97.778
1093.551	93.222
1093.840	90.778
1094.129	89.444
1094.417	86.556
1094.706	85.000
1094.995	83.444
1095.284	81.667
1095.573	80.111
1095.861	78.556
1096.150	78.222
1096.438	79.000
1096.727	78.667
1097.016	77.222
1097.304	76.667
1097.592	75.889
1097.881	76.444
1098.169	75.667
1098.457	77.000
1098.745	78.556
1099.034	77.778
1099.322	80.778
