520.430	0.000
520.800	0.000
521.169	56.000
521.539	58.000
521.909	53.000
522.278	69.000
522.648	61.000
523.017	73.000
523.387	67.000
523.756	68.000
524.125	60.000
524.494	77.000
524.864	59.000
525.233	64.000
525.602	67.000
525.971	68.000
526.340	63.000
526.709	68.000
527.078	58.000
527.447	75.000
527.816	151.000
528.185	450.333
528.553	711.333
528.922	917.444
529.291	1084.556
529.659	1207.667
530.028	1297.889
530.396	1373.000
530.765	1437.778
531.133	1422.444
531.502	1207.000
531.870	1049.000
532.238	968.333
532.606	959.444
532.975	1022.667
533.343	1161.444
533.711	1346.222
534.079	1580.333
534.447	1841.889
534.815	2145.556
535.183	2449.222
535.551	2740.556
535.919	2949.000
536.286	3121.889
536.654	3254.889
537.022	3322.556
537.389	3333.667
537.757	3297.778
538.125	3128.889
538.492	2879.667
538.859	2582.111
539.227	2300.889
539.594	2014.556
539.961	1737.667
540.329	1510.000
540.696	1323.778
541.063	1174.556
541.430	1136.667
541.797	1196.444
542.164	1302.000
542.531	1439.778
542.898	1612.222
543.265	1766.111
543.632	1894.889
543.999	2003.889
544.366	2073.667
544.732	2105.556
545.099	2112.222
545.466	2126.556
545.832	2186.667
546.199	2253.556
546.565	2362.111
546.932	2456.889
547.298	2491.556
547.664	2500.222
548.031	2472.667
548.397	2381.667
548.763	2265.778
549.129	2083.000
549.495	1863.667
549.861	1629.222
550.227	1452.111
550.593	1383.889
550.959	1412.111
551.325	1564.111
551.691	1848.111
552.057	2159.000
552.422	2505.111
552.788	2858.444
553.154	3194.000
553.519	3454.111
553.885	3596.333
554.250	3569.000
554.616	3416.667
554.981	3169.667
555.347	2859.333
555.712	2508.667
556.077	2145.333
556.443	1779.667
556.808	1459.222
557.173	1191.444
557.538	1055.667
557.903	965.556
558.268	920.000
558.633	928.556
558.998	971.333
559.363	1051.889
559.727	1183.778
560.092	1333.556
560.457	1539.556
560.822	1807.111
561.186	2068.000
561.551	2357.667
561.915	2673.889
562.280	2981.778
562.644	3264.111
563.009	3498.000
563.373	3609.000
563.737	3668.222
564.102	3606.556
564.466	3452.444
564.830	3242.778
565.194	2989.000
565.558	2723.889
565.922	2461.333
566.286	2251.000
566.650	2157.000
567.014	2088.111
567.378	2087.222
567.741	2142.000
568.105	2206.333
568.469	2279.444
568.833	2301.000
569.196	2316.333
569.560	2305.222
569.923	2299.444
570.287	2311.444
570.650	2336.000
571.013	2366.111
571.377	2418.667
571.740	2553.889
572.103	2701.778
572.466	2859.667
572.830	2942.556
573.193	2933.778
573.556	2899.556
573.919	2791.444
574.282	2664.444
574.645	2494.333
575.007	2205.000
575.370	1978.889
575.733	1773.444
576.096	1631.889
576.458	1596.667
576.821	1600.556
577.184	1616.556
577.546	1737.556
577.909	1897.000
578.271	2092.111
578.633	2348.222
578.996	2544.778
579.358	2674.222
579.720	2780.667
580.083	2810.000
580.445	2837.222
580.807	2793.000
581.169	2678.556
581.531	2545.556
581.893	2321.444
582.255	2091.444
582.617	1900.889
582.979	1693.000
583.340	1522.556
583.702	1395.444
584.064	1261.556
584.425	1162.222
584.787	1103.222
585.149	1047.556
585.510	1059.333
585.872	1078.333
586.233	1092.111
586.594	1127.889
586.956	1124.889
587.317	1139.889
587.678	1172.556
588.039	1181.111
588.401	1209.556
588.762	1180.111
589.123	1155.222
589.484	1172.222
589.845	1181.000
590.206	1202.333
590.566	1235.778
590.927	1222.000
591.288	1225.000
591.649	1238.778
592.009	1271.667
592.370	1343.333
592.731	1341.444
593.091	1321.778
593.452	1303.111
593.812	1265.333
594.172	1247.889
594.533	1196.222
594.893	1110.000
595.253	1028.000
595.614	918.889
595.974	863.556
596.334	854.333
596.694	844.778
597.054	891.000
597.414	947.222
597.774	1038.667
598.134	1150.333
598.494	1265.000
598.853	1369.444
599.213	1437.889
599.573	1422.667
599.932	1414.111
600.292	1348.000
600.652	1283.222
601.011	1195.667
601.371	1124.889
601.730	1074.333
602.089	1057.778
602.449	1110.000
602.808	1201.556
603.167	1372.333
603.526	1623.556
603.886	1861.222
604.245	2182.000
604.604	2420.222
604.963	2646.111
605.322	2808.667
605.681	2892.889
606.040	2988.667
606.398	2995.889
606.757	2953.889
607.116	2928.444
607.475	2745.556
607.833	2639.111
608.192	2468.444
608.550	2358.444
608.909	2302.667
609.267	2176.778
609.626	2039.556
609.984	1851.111
610.342	1696.222
610.701	1637.556
611.059	1572.222
611.417	1607.667
611.775	1575.444
612.133	1576.222
612.491	1602.889
612.849	1747.222
613.207	1928.667
613.565	2096.889
613.923	2241.778
614.281	2325.889
614.638	2381.667
614.996	2440.889
615.354	2515.667
615.711	2592.000
616.069	2555.222
616.427	2536.333
616.784	2468.111
617.141	2447.667
617.499	2432.333
617.856	2395.889
618.213	2367.222
618.571	2231.778
618.928	2129.889
619.285	1997.111
619.642	1828.667
619.999	1657.667
620.356	1447.000
620.713	1276.667
621.070	1114.000
621.427	992.556
621.784	910.000
622.141	847.444
622.497	836.222
622.854	872.778
623.211	946.444
623.567	1020.778
623.924	1106.778
624.280	1165.222
624.637	1212.000
624.993	1199.889
625.349	1157.222
625.706	1108.889
626.062	1052.556
626.418	984.222
626.774	912.000
627.131	851.778
627.487	817.778
627.843	808.667
628.199	825.889
628.555	867.333
628.911	890.222
629.266	886.222
629.622	880.111
629.978	886.444
630.334	908.000
630.689	924.889
631.045	950.333
631.401	944.778
631.756	932.444
632.112	924.444
632.467	928.000
632.822	918.889
633.178	900.667
633.533	858.333
633.888	827.556
634.243	770.889
634.599	761.333
634.954	726.889
635.309	699.444
635.664	681.333
636.019	685.889
636.374	718.444
636.729	747.333
637.083	801.444
637.438	853.000
637.793	949.889
638.148	1097.444
638.502	1230.667
638.857	1367.333
639.211	1482.889
639.566	1603.889
639.920	1720.889
640.275	1876.667
640.629	1940.000
640.983	1961.778
641.338	1879.778
641.692	1830.667
642.046	1726.556
642.400	1633.222
642.754	1486.889
643.108	1334.444
643.462	1124.667
643.816	989.111
644.170	864.000
644.524	804.667
644.878	762.000
645.232	773.667
645.585	857.778
645.939	961.444
646.293	1125.000
646.646	1254.667
647.000	1459.778
647.353	1662.222
647.707	1928.667
648.060	2085.778
648.413	2218.556
648.767	2215.333
649.120	2217.111
649.473	2207.778
649.826	2237.333
650.179	2174.111
650.533	2084.667
650.885	1892.556
651.239	1761.556
651.591	1624.778
651.944	1536.444
652.297	1425.333
652.650	1264.889
653.003	1099.889
653.355	946.667
653.708	810.667
654.061	700.556
654.413	618.444
654.766	542.222
655.118	494.222
655.471	461.889
655.823	436.333
656.175	410.000
656.528	435.556
656.880	500.000
657.232	618.000
657.584	731.111
657.936	921.556
658.288	1078.222
658.640	1256.222
658.992	1393.778
659.344	1530.778
659.696	1560.556
660.048	1554.222
660.400	1487.889
660.751	1440.556
661.103	1319.333
661.455	1251.000
661.806	1135.889
662.158	1052.889
662.509	943.444
662.861	923.000
663.212	945.000
663.563	1064.111
663.915	1116.778
664.266	1151.889
664.617	1137.556
664.968	1192.111
665.319	1277.667
665.670	1436.111
666.021	1533.000
666.372	1603.000
666.723	1563.667
667.074	1639.222
667.425	1720.111
667.776	1833.889
668.127	1851.111
668.477	1809.111
668.828	1699.000
669.179	1651.556
669.529	1600.556
669.880	1582.111
670.230	1472.556
670.581	1346.000
670.931	1203.333
671.281	1108.111
671.632	1057.222
671.982	992.333
672.332	903.556
672.682	797.778
673.032	695.222
673.382	646.444
673.732	681.889
674.082	717.444
674.432	777.667
674.782	772.333
675.132	774.667
675.482	757.556
675.831	754.889
676.181	736.000
676.531	686.333
676.880	595.333
677.230	545.222
677.579	477.444
677.929	491.444
678.278	503.111
678.628	529.444
678.977	542.222
679.326	547.889
679.675	559.667
680.024	573.222
680.374	578.889
680.723	596.000
681.072	626.222
681.421	654.333
681.770	718.556
682.119	799.556
682.467	933.333
682.816	1038.444
683.165	1164.556
683.514	1252.556
683.862	1351.444
684.211	1448.333
684.559	1544.556
684.908	1648.778
685.256	1680.444
685.605	1684.444
685.953	1636.333
686.302	1536.444
686.650	1429.444
686.998	1302.111
687.346	1141.111
687.694	992.000
688.043	805.222
688.391	699.889
688.739	603.778
689.087	581.222
689.435	615.556
689.782	651.333
690.130	737.889
690.478	806.778
690.826	901.222
691.173	986.778
691.521	1020.333
691.869	1037.000
692.216	1052.778
692.564	1047.667
692.911	1075.222
693.259	1106.111
693.606	1122.667
693.953	1139.667
694.300	1154.667
694.648	1216.889
694.995	1256.111
695.342	1261.444
695.689	1252.222
696.036	1196.000
696.383	1093.000
696.730	1014.556
697.077	948.111
697.424	894.333
697.771	823.111
698.117	793.889
698.464	812.000
698.811	867.889
699.157	939.667
699.504	998.111
699.850	1037.111
700.197	1046.667
700.543	1065.333
700.890	1104.889
701.236	1132.556
701.582	1136.667
701.929	1148.444
702.275	1200.889
702.621	1339.111
702.967	1470.556
703.313	1573.444
703.659	1678.444
704.005	1758.667
704.351	1859.889
704.697	1909.444
705.043	1894.889
705.388	1817.556
705.734	1632.889
706.080	1477.667
706.426	1340.889
706.771	1196.000
707.117	1063.333
707.462	922.333
707.808	860.444
708.153	781.111
708.498	749.333
708.844	731.222
709.189	742.111
709.534	767.889
709.879	825.444
710.225	929.333
710.570	947.778
710.915	972.333
711.260	987.667
711.605	988.222
711.950	1007.333
712.294	1006.222
712.639	1009.667
712.984	973.333
713.329	917.667
713.673	905.778
714.018	895.889
714.363	921.556
714.707	946.444
715.052	996.889
715.396	990.444
715.740	952.778
716.085	911.556
716.429	833.778
716.773	783.889
717.117	698.778
717.462	620.667
717.806	549.333
718.150	468.333
718.494	453.556
718.838	465.333
719.182	508.333
719.526	551.556
719.869	574.111
720.213	620.111
720.557	657.333
720.901	727.111
721.244	776.222
721.588	770.000
721.932	749.333
722.275	690.222
722.618	654.556
722.962	630.667
723.305	608.778
723.649	595.556
723.992	539.222
724.335	486.000
724.678	470.111
725.021	463.667
725.365	479.222
725.708	479.889
726.051	495.333
726.393	498.000
726.736	486.667
727.079	499.556
727.422	502.667
727.765	530.333
728.108	556.667
728.450	579.444
728.793	626.111
729.135	653.778
729.478	734.111
729.820	802.667
730.163	842.889
730.505	895.778
730.848	887.667
731.190	875.556
731.532	847.111
731.874	782.556
732.217	720.222
732.559	606.333
732.901	535.556
733.243	504.222
733.585	477.889
733.927	529.778
734.269	589.444
734.610	628.444
734.952	679.667
735.294	727.222
735.636	781.889
735.977	823.889
736.319	812.111
736.660	779.444
737.002	696.333
737.343	608.333
737.685	563.778
738.026	534.667
738.368	544.000
738.709	565.111
739.050	554.667
739.391	578.111
739.732	602.889
740.073	642.444
740.415	699.222
740.756	724.444
741.096	726.556
741.437	692.778
741.778	628.889
742.119	598.667
742.460	566.000
742.801	540.111
743.141	512.556
743.482	459.667
743.823	436.333
744.163	442.556
744.504	450.778
744.844	490.222
745.184	521.667
745.525	534.333
745.865	574.111
746.205	603.000
746.545	620.778
746.886	635.778
747.226	624.778
747.566	632.000
747.906	656.222
748.246	677.778
748.586	751.667
748.926	803.556
749.266	828.667
749.605	866.778
749.945	872.444
750.285	866.667
750.624	839.889
750.964	769.778
751.304	718.889
751.643	640.889
751.983	551.444
752.322	509.556
752.661	474.000
753.001	463.222
753.340	514.778
753.679	580.000
754.018	638.778
754.358	698.556
754.697	721.556
755.036	728.778
755.375	722.667
755.714	721.889
756.053	763.111
756.392	779.778
756.730	754.111
757.069	770.444
757.408	793.778
757.747	795.444
758.085	797.778
758.424	794.556
758.762	775.222
759.101	729.556
759.439	670.556
759.778	651.889
760.116	634.556
760.454	574.556
760.793	533.000
761.131	512.889
761.469	496.222
761.807	502.111
762.145	512.889
762.483	512.444
762.821	502.556
763.159	475.444
763.497	454.778
763.835	450.333
764.173	449.667
764.510	454.444
764.848	465.333
765.186	482.444
765.523	496.333
765.861	502.667
766.198	499.778
766.536	487.222
766.873	485.889
767.211	493.111
767.548	493.444
767.885	507.778
768.223	536.889
768.560	561.111
768.897	575.778
769.234	602.778
769.571	640.556
769.908	672.778
770.245	708.667
770.582	737.556
770.919	734.111
771.256	700.222
771.593	661.556
771.929	630.778
772.266	599.000
772.603	595.000
772.939	610.556
773.276	648.889
773.612	693.778
773.949	714.333
774.285	718.556
774.622	728.444
774.958	733.556
775.294	743.111
775.630	783.556
775.966	806.111
776.303	784.889
776.639	771.111
776.975	766.667
777.311	796.889
777.647	869.333
777.983	941.667
778.318	997.889
778.654	1053.000
778.990	1110.222
779.326	1188.333
779.661	1280.667
779.997	1328.556
780.333	1315.111
780.668	1282.556
781.004	1266.556
781.339	1216.333
781.674	1108.444
782.010	994.667
782.345	862.444
782.680	713.889
783.016	629.778
783.351	572.889
783.686	508.000
784.021	444.333
784.356	408.778
784.691	400.667
785.026	425.333
785.361	448.889
785.695	467.222
786.030	504.889
786.365	569.778
786.700	632.111
787.034	713.778
787.369	874.444
787.703	1034.111
788.038	1164.444
788.372	1310.667
788.707	1414.556
789.041	1433.889
789.376	1428.333
789.710	1449.333
790.044	1437.000
790.378	1330.444
790.712	1200.778
791.046	1067.111
791.380	947.000
791.714	909.556
792.048	934.333
792.382	973.111
792.716	988.333
793.050	981.556
793.384	960.333
793.718	940.444
794.051	946.889
794.385	928.000
794.718	868.889
795.052	813.444
795.385	751.889
795.719	685.333
796.052	676.000
796.386	743.556
796.719	826.667
797.052	895.556
797.385	969.889
797.719	1023.556
798.052	1037.333
798.385	1030.222
798.718	1025.444
799.051	994.556
799.384	909.444
799.716	812.111
800.049	727.333
800.382	657.778
800.715	634.556
801.048	648.667
801.380	667.222
801.713	672.778
802.045	677.000
802.378	699.889
802.710	748.000
803.043	809.111
803.375	854.333
803.707	868.000
804.040	873.111
804.372	885.444
804.704	922.889
805.036	996.889
805.368	1085.667
805.700	1151.667
806.032	1171.444
806.364	1170.889
806.696	1182.222
807.028	1205.889
807.360	1252.778
807.692	1294.778
808.023	1295.667
808.355	1252.667
808.687	1202.000
809.018	1195.333
809.350	1211.444
809.681	1241.000
810.013	1272.222
810.344	1263.667
810.676	1223.000
811.007	1232.333
811.338	1364.889
811.669	1547.667
812.001	1684.444
812.332	1839.556
812.663	1990.444
812.994	2075.111
813.325	2157.778
813.656	2295.667
813.987	2417.556
814.317	2405.444
814.648	2349.667
814.979	2324.889
815.310	2241.444
815.640	2101.556
815.971	2028.111
816.301	2005.444
816.632	1934.333
816.962	1788.889
817.293	1653.333
817.623	1504.667
817.954	1337.667
818.284	1203.222
818.614	1126.000
818.944	1031.222
819.274	905.889
819.605	812.667
819.935	824.778
820.265	910.222
820.595	1043.222
820.924	1254.667
821.254	1547.222
821.584	1829.000
821.914	2094.111
822.244	2422.778
822.573	2793.333
822.903	3108.333
823.233	3326.667
823.562	3388.111
823.892	3358.111
824.221	3212.778
824.550	3027.333
824.880	2871.667
825.209	2661.889
825.538	2356.889
825.868	2010.333
826.197	1704.333
826.526	1554.556
826.855	1439.111
827.184	1343.889
827.513	1285.000
827.842	1225.556
828.171	1135.778
828.500	1067.111
828.828	1036.444
829.157	1036.333
829.486	1014.000
829.815	981.778
830.143	1032.111
830.472	1246.000
830.800	1566.333
831.129	1885.111
831.457	2205.778
831.786	2583.000
832.114	2928.111
832.442	3135.556
832.770	3258.889
833.099	3373.111
833.427	3402.000
833.755	3293.222
834.083	3126.556
834.411	2942.333
834.739	2669.111
835.067	2349.333
835.395	2137.556
835.723	2041.778
836.050	1952.667
836.378	1780.667
836.706	1581.556
837.033	1436.556
837.361	1351.111
837.689	1320.444
838.016	1309.889
838.344	1297.556
838.671	1280.222
838.998	1253.333
839.326	1243.000
839.653	1270.889
839.980	1384.556
840.307	1523.333
840.634	1592.667
840.961	1612.444
841.289	1626.333
841.615	1658.000
841.942	1668.444
842.269	1649.000
842.596	1621.333
842.923	1576.333
843.250	1512.111
843.576	1456.222
843.903	1426.222
844.230	1409.333
844.556	1368.889
844.883	1290.889
845.209	1211.556
845.536	1165.889
845.862	1191.778
846.188	1326.444
846.515	1504.778
846.841	1652.889
847.167	1785.556
847.493	1946.000
847.819	2149.222
848.146	2352.222
848.472	2539.556
848.798	2772.667
849.123	2886.111
849.449	2998.222
849.775	3173.667
850.101	3118.556
850.427	2969.889
850.752	2785.556
851.078	2613.778
851.404	2437.556
851.729	2142.778
852.055	1906.000
852.380	1734.111
852.706	1543.333
853.031	1555.778
853.356	1618.444
853.682	1678.778
854.007	1703.111
854.332	1695.556
854.657	1657.111
854.982	1623.667
855.307	1638.778
855.632	1730.111
855.957	1800.889
856.282	1852.333
856.607	1987.000
856.932	2271.333
857.256	2591.333
857.581	2835.667
857.906	3045.667
858.230	3202.444
858.555	3322.333
858.880	3519.000
859.204	3729.333
859.529	3650.111
859.853	3453.667
860.177	3233.333
860.502	3019.111
860.826	2713.667
861.150	2357.778
861.474	2051.444
861.798	1782.222
862.122	1478.556
862.446	1329.000
862.770	1175.000
863.094	1046.444
863.418	986.667
863.742	973.889
864.066	955.333
864.389	933.222
864.713	974.111
865.037	1113.333
865.360	1269.889
865.684	1371.444
866.008	1472.556
866.331	1621.222
866.654	1831.667
866.978	2056.444
867.301	2185.222
867.624	2191.444
867.948	2197.444
868.271	2338.556
868.594	2533.444
868.917	2637.000
869.240	2609.889
869.563	2476.000
869.886	2319.111
870.209	2210.667
870.532	2118.778
870.855	1950.556
871.177	1682.556
871.500	1460.889
871.823	1331.889
872.145	1257.444
872.468	1207.000
872.791	1160.556
873.113	1183.667
873.435	1314.778
873.758	1535.000
874.080	1745.556
874.402	1874.889
874.725	2046.778
875.047	2288.778
875.369	2539.778
875.691	2730.111
876.013	2773.111
876.335	2698.444
876.657	2593.222
876.979	2629.444
877.301	2803.333
877.623	2944.222
877.945	2976.667
878.266	2969.556
878.588	3019.333
878.910	3123.111
879.231	3171.556
879.553	3109.111
879.875	2879.111
880.196	2558.556
880.517	2250.667
880.839	1990.000
881.160	1752.556
881.481	1503.444
881.803	1273.889
882.124	1150.333
882.445	1157.889
882.766	1288.111
883.087	1458.889
883.408	1594.444
883.729	1765.333
884.050	2014.111
884.371	2298.111
884.692	2550.778
885.012	2678.000
885.333	2680.111
885.654	2561.556
885.974	2406.556
886.295	2308.667
886.616	2198.111
886.936	2030.333
887.257	1817.111
887.577	1617.889
887.897	1505.222
888.218	1422.889
888.538	1366.000
888.858	1298.111
889.178	1184.333
889.498	1073.778
889.818	986.111
890.139	946.667
890.458	938.222
890.778	924.333
891.098	951.444
891.418	999.667
891.738	1092.333
892.058	1250.667
892.377	1446.000
892.697	1654.111
893.017	1842.111
893.336	2000.333
893.656	2138.111
893.975	2243.778
894.295	2348.111
894.614	2429.222
894.933	2413.889
895.253	2318.556
895.572	2194.000
895.891	2104.778
896.210	2073.333
896.529	2059.556
896.848	2021.444
897.167	1923.556
897.486	1785.556
897.805	1691.333
898.124	1642.444
898.443	1620.444
898.762	1595.000
899.081	1545.778
899.399	1500.444
899.718	1495.444
900.036	1552.444
900.355	1676.333
900.673	1823.889
900.992	1998.000
901.310	2170.889
901.629	2343.222
901.947	2555.111
902.265	2798.222
902.583	3033.000
902.902	3216.222
903.220	3326.222
903.538	3386.000
903.856	3383.667
904.174	3337.556
904.492	3268.111
904.810	3148.667
905.128	3005.333
905.445	2833.667
905.763	2637.222
906.081	2444.667
906.398	2266.667
906.716	2073.222
907.034	1886.111
907.351	1693.889
907.669	1523.889
907.986	1390.000
908.304	1343.667
908.621	1406.556
908.938	1538.444
909.255	1679.778
909.573	1850.778
909.890	1990.889
910.207	2077.778
910.524	2093.889
910.841	2065.333
911.158	1997.444
911.475	1905.444
911.792	1800.667
912.109	1685.222
912.425	1556.444
912.742	1455.778
913.059	1393.444
913.375	1359.333
913.692	1316.778
914.009	1254.222
914.325	1173.444
914.641	1072.222
914.958	973.889
915.274	885.444
915.591	794.778
915.907	704.111
916.223	629.000
916.539	574.444
916.855	542.778
917.172	518.222
917.488	511.667
917.804	549.556
918.119	646.667
918.435	792.556
918.751	949.778
919.067	1088.222
919.383	1201.000
919.698	1305.444
920.014	1402.000
920.330	1485.333
920.645	1549.778
920.961	1609.111
921.276	1676.667
921.592	1769.778
921.907	1880.222
922.223	1967.778
922.538	1998.556
922.853	2002.556
923.168	1997.556
923.483	1974.000
923.799	1908.889
924.114	1775.000
924.429	1592.222
924.744	1409.778
925.059	1260.778
925.373	1172.222
925.688	1119.667
926.003	1080.333
926.318	1100.111
926.632	1193.333
926.947	1400.889
927.262	1663.000
927.576	1900.111
927.891	2114.556
928.205	2312.000
928.520	2505.556
928.834	2733.778
929.148	2930.778
929.463	3061.778
929.777	3108.222
930.091	3111.444
930.405	3109.556
930.719	3085.333
931.033	3003.444
931.347	2859.667
931.661	2649.333
931.975	2392.333
932.289	2119.444
932.603	1835.444
932.917	1544.111
933.230	1284.444
933.544	1072.889
933.858	921.889
934.171	832.556
934.485	768.000
934.798	739.111
935.112	733.889
935.425	745.444
935.738	798.444
936.052	883.111
936.365	976.333
936.678	1078.222
936.991	1154.444
937.305	1208.222
937.618	1258.444
937.931	1297.889
938.244	1334.556
938.556	1372.000
938.869	1375.889
939.182	1376.444
939.495	1378.000
939.808	1374.000
940.120	1376.222
940.433	1363.889
940.746	1328.000
941.058	1292.333
941.371	1234.222
941.683	1166.000
941.996	1112.333
942.308	1053.444
942.620	1018.000
942.933	1024.667
943.245	1021.000
943.557	1031.111
943.869	1036.889
944.181	1024.889
944.493	1030.889
944.805	1045.889
945.117	1060.778
945.429	1106.222
945.741	1152.333
946.053	1227.444
946.365	1332.333
946.676	1435.778
946.988	1533.667
947.300	1625.556
947.611	1679.000
947.923	1735.000
948.234	1786.333
948.546	1825.333
948.857	1861.667
949.169	1882.667
949.480	1874.667
949.791	1863.889
950.102	1836.222
950.413	1792.333
950.725	1728.889
951.036	1629.444
951.347	1500.111
951.658	1363.333
951.969	1228.000
952.280	1120.444
952.590	1062.778
952.901	1043.111
953.212	1059.778
953.523	1119.444
953.833	1196.778
954.144	1292.000
954.454	1376.778
954.765	1425.667
955.075	1456.667
955.386	1466.111
955.696	1460.333
956.007	1458.333
956.317	1457.333
956.627	1443.111
956.937	1423.111
957.247	1407.667
957.558	1390.444
957.868	1387.889
958.178	1381.556
958.488	1353.667
958.797	1318.556
959.107	1256.000
959.417	1192.000
959.727	1143.889
960.037	1086.222
960.346	1043.333
960.656	1013.889
960.966	979.111
961.275	952.111
961.585	949.444
961.894	949.667
962.203	961.889
962.513	989.333
962.822	1019.222
963.131	1055.778
963.441	1089.333
963.750	1115.444
964.059	1136.556
964.368	1140.111
964.677	1131.222
964.986	1121.556
965.295	1096.333
965.604	1086.111
965.913	1053.889
966.221	1011.111
966.530	959.556
966.839	918.667
967.148	876.444
967.456	839.889
967.765	797.000
968.073	741.778
968.382	672.889
968.690	626.222
968.999	578.667
969.307	545.444
969.615	516.444
969.924	484.111
970.232	456.333
970.540	429.889
970.848	405.667
971.156	395.333
971.464	403.111
971.772	427.889
972.080	470.667
972.388	528.444
972.696	593.000
973.003	665.000
973.311	745.000
973.619	827.444
973.926	904.222
974.234	973.667
974.542	1027.000
974.849	1063.222
975.157	1091.000
975.464	1099.222
975.771	1103.667
976.079	1102.333
976.386	1083.000
976.693	1056.111
977.000	1033.111
977.307	994.444
977.615	966.222
977.922	948.111
978.229	934.111
978.536	921.889
978.842	925.667
979.149	937.222
979.456	952.444
979.763	973.667
980.070	998.778
980.376	1022.444
980.683	1036.556
980.989	1046.889
981.296	1055.222
981.602	1057.556
981.909	1056.556
982.215	1063.444
982.522	1070.667
982.828	1080.556
983.134	1083.111
983.440	1084.333
983.746	1086.667
984.053	1088.333
984.359	1084.444
984.665	1076.778
984.971	1050.222
985.277	1005.556
985.582	953.778
985.888	894.556
986.194	825.778
986.500	759.111
986.805	688.111
987.111	611.889
987.417	543.444
987.722	485.000
988.028	430.000
988.333	389.556
988.639	365.333
988.944	350.889
989.249	346.556
989.555	350.333
989.860	360.889
990.165	374.111
990.470	389.333
990.775	406.222
991.080	428.222
991.385	443.444
991.690	466.333
991.995	494.889
992.300	519.556
992.605	560.111
992.910	618.889
993.214	673.889
993.519	738.556
993.824	812.333
994.128	882.333
994.433	958.333
994.737	1030.778
995.042	1092.000
995.346	1137.333
995.650	1174.889
995.955	1194.889
996.259	1207.333
996.563	1228.111
996.867	1238.778
997.171	1246.111
997.476	1271.556
997.780	1284.333
998.083	1302.556
998.387	1343.222
998.691	1377.556
998.995	1400.667
999.299	1421.111
999.603	1436.889
999.906	1429.000
1000.210	1403.667
1000.514	1380.111
1000.817	1333.778
1001.121	1278.667
1001.424	1238.444
1001.728	1189.667
1002.031	1128.778
1002.334	1072.222
1002.638	1014.556
1002.941	970.000
1003.244	944.667
1003.547	912.556
1003.850	865.000
1004.153	821.333
1004.456	777.222
1004.759	727.778
1005.062	694.333
1005.365	660.333
1005.668	608.556
1005.971	559.778
1006.273	523.111
1006.576	477.000
1006.879	441.667
1007.181	421.778
1007.484	404.444
1007.786	394.667
1008.089	392.222
1008.391	386.444
1008.693	379.889
1008.996	377.000
1009.298	376.444
1009.600	380.778
1009.902	390.556
1010.204	394.556
1010.507	399.333
1010.809	411.889
1011.111	419.778
1011.412	428.444
1011.714	446.333
1012.016	463.333
1012.318	475.667
1012.620	493.889
1012.921	507.333
1013.223	509.000
1013.525	519.000
1013.826	537.667
1014.128	551.000
1014.429	574.333
1014.731	597.222
1015.032	609.889
1015.333	630.778
1015.635	662.111
1015.936	681.222
1016.237	695.111
1016.538	718.444
1016.839	733.778
1017.140	740.222
1017.441	756.889
1017.742	768.889
1018.043	753.333
1018.344	740.889
1018.645	736.778
1018.946	719.222
1019.246	696.667
1019.547	687.667
1019.848	661.000
1020.148	633.333
1020.449	616.333
1020.749	598.889
1021.050	575.444
1021.350	555.000
1021.651	531.889
1021.951	502.444
1022.251	470.444
1022.551	442.667
1022.852	408.333
1023.152	374.778
1023.452	347.333
1023.752	318.111
1024.052	295.111
1024.352	280.556
1024.652	266.000
1024.952	256.111
1025.251	249.222
1025.551	241.000
1025.851	235.333
1026.150	232.556
1026.450	233.667
1026.750	238.000
1027.049	249.556
1027.349	261.556
1027.648	275.444
1027.947	297.000
1028.247	320.778
1028.546	339.667
1028.845	364.444
1029.144	389.000
1029.444	403.889
1029.743	413.778
1030.042	429.778
1030.341	434.222
1030.640	432.222
1030.939	436.222
1031.238	437.333
1031.536	428.667
1031.835	425.889
1032.134	429.778
1032.433	424.667
1032.731	422.444
1033.030	429.889
1033.328	428.778
1033.627	424.111
1033.925	437.222
1034.224	444.778
1034.522	452.667
1034.820	462.222
1035.119	474.000
1035.417	471.222
1035.715	475.333
1036.013	485.556
1036.311	482.333
1036.609	471.667
1036.907	472.000
1037.205	461.333
1037.503	442.444
1037.801	433.444
1038.099	424.111
1038.397	400.111
1038.694	379.222
1038.992	365.667
1039.290	344.889
1039.587	320.667
1039.885	301.778
1040.182	283.556
1040.479	257.667
1040.777	243.000
1041.074	231.889
1041.372	217.333
1041.669	206.000
1041.966	198.556
1042.263	189.889
1042.560	183.444
1042.857	182.111
1043.154	180.000
1043.451	174.333
1043.748	174.667
1044.045	178.556
1044.342	182.000
1044.639	189.333
1044.935	203.333
1045.232	213.556
1045.529	224.778
1045.825	247.222
1046.122	268.333
1046.418	286.889
1046.715	318.889
1047.011	357.222
1047.308	384.889
1047.604	422.222
1047.900	474.000
1048.197	516.444
1048.493	542.222
1048.789	581.778
1049.085	617.333
1049.381	633.000
1049.677	651.000
1049.973	683.667
1050.269	696.333
1050.565	694.667
1050.860	718.444
1051.156	736.667
1051.452	727.111
1051.748	731.222
1052.043	747.556
1052.339	739.667
1052.634	729.778
1052.930	725.778
1053.225	712.000
1053.521	673.778
1053.816	655.222
1054.111	650.000
1054.407	620.222
1054.702	588.556
1054.997	574.889
1055.292	543.667
1055.587	508.778
1055.882	488.444
1056.177	467.889
1056.472	432.333
1056.767	398.556
1057.062	375.000
1057.357	346.778
1057.651	312.111
1057.946	287.000
1058.241	262.333
1058.535	231.444
1058.830	207.222
1059.124	190.000
1059.419	172.111
1059.713	158.667
1060.008	146.556
1060.302	136.556
1060.596	128.667
1060.890	125.333
1061.185	124.000
1061.479	121.667
1061.773	123.222
1062.067	128.222
1062.361	133.000
1062.655	134.111
1062.949	141.778
1063.243	149.556
1063.536	153.889
1063.830	160.000
1064.124	174.222
1064.418	184.111
1064.711	189.778
1065.005	200.889
1065.298	218.111
1065.592	224.111
1065.885	232.333
1066.179	249.222
1066.472	260.556
1066.765	263.111
1067.058	274.444
1067.352	287.333
1067.645	287.667
1067.938	289.333
1068.231	302.889
1068.524	314.000
1068.817	309.333
1069.110	317.222
1069.403	327.111
1069.696	322.333
1069.989	318.333
1070.281	326.778
1070.574	323.667
1070.867	310.444
1071.159	300.333
1071.452	300.222
1071.744	286.667
1072.037	271.111
1072.329	265.667
1072.622	258.556
1072.914	242.556
1073.206	234.000
1073.498	231.333
1073.791	223.111
1074.083	209.556
1074.375	202.889
1074.667	195.333
1074.959	183.333
1075.251	172.111
1075.543	163.667
1075.835	152.778
1076.126	139.444
1076.418	128.667
1076.710	120.556
1077.002	110.889
1077.293	104.222
1077.585	99.889
1077.876	95.111
1078.168	91.111
1078.459	90.111
1078.751	88.556
1079.042	87.444
1079.333	88.333
1079.625	89.222
1079.916	88.556
1080.207	89.556
1080.498	91.778
1080.789	94.667
1081.080	95.667
1081.371	99.000
1081.662	102.111
1081.953	104.667
1082.244	106.000
1082.535	110.556
1082.826	113.000
1083.116	113.333
1083.407	113.778
1083.698	114.667
1083.988	114.111
1084.279	112.444
1084.569	111.667
1084.859	111.000
1085.150	108.778
1085.440	106.556
1085.730	107.000
1086.021	106.889
1086.311	105.556
1086.601	105.222
1086.891	105.889
1087.181	104.111
1087.471	103.111
1087.761	102.556
1088.051	102.667
1088.341	100.778
1088.631	100.000
1088.921	100.111
1089.210	98.556
1089.500	97.556
1089.790	98.222
1090.079	99.000
1090.369	99.222
1090.658	99.667
1090.948	103.000
1091.237	102.667
1091.526	101.778
1091.816	103.222
1092.105	104.333
1092.394	104.778
1092.683	104.333
1092.973	104.556
1093.262	103.667
1093.551	99.222
1093.840	97.222
1094.129	97.000
1094.417	95.556
1094.706	94.778
1094.995	93.667
1095.284	91.667
1095.573	89.667
1095.861	86.667
1096.150	86.222
1096.438	86.444
1096.727	84.889
1097.016	83.333
1097.304	80.889
1097.592	79.222
1097.881	78.111
1098.169	76.667
1098.457	76.778
1098.745	76.667
1099.034	74.444
1099.322	76.333
