520.430	0.000
520.800	0.000
521.169	53.000
521.539	55.000
521.909	56.000
522.278	67.000
522.648	60.000
523.017	69.000
523.387	70.000
523.756	62.000
524.125	58.000
524.494	78.000
524.864	54.000
525.233	68.000
525.602	65.000
525.971	67.000
526.340	63.000
526.709	63.000
527.078	59.000
527.447	78.000
527.816	122.889
528.185	348.556
528.553	583.778
528.922	805.778
529.291	1021.222
529.659	1244.889
530.028	1439.778
530.396	1613.778
530.765	1760.556
531.133	1823.111
531.502	1704.111
531.870	1553.889
532.238	1407.556
532.606	1263.889
532.975	1109.000
533.343	976.000
533.711	862.889
534.079	780.778
534.447	736.889
534.815	730.111
535.183	782.000
535.551	884.778
535.919	1016.222
536.286	1186.000
536.654	1421.778
537.022	1684.889
537.389	1966.111
537.757	2278.111
538.125	2589.667
538.492	2831.889
538.859	3038.333
539.227	3226.556
539.594	3341.667
539.961	3345.222
540.329	3282.556
540.696	3125.889
541.063	2862.556
541.430	2549.222
541.797	2236.667
542.164	1899.111
542.531	1549.000
542.898	1243.556
543.265	1008.000
543.632	819.778
543.999	722.333
544.366	723.111
544.732	765.556
545.099	873.333
545.466	1035.000
545.832	1246.667
546.199	1467.778
546.565	1682.111
546.932	1920.444
547.298	2113.667
547.664	2286.778
548.031	2468.222
548.397	2577.000
548.763	2666.556
549.129	2673.778
549.495	2612.556
549.861	2496.556
550.227	2338.778
550.593	2133.889
550.959	1898.222
551.325	1632.333
551.691	1417.444
552.057	1201.000
552.422	1044.778
552.788	973.667
553.154	977.444
553.519	1012.222
553.885	1155.444
554.250	1310.333
554.616	1482.667
554.981	1662.111
555.347	1805.556
555.712	1889.333
556.077	1923.889
556.443	1902.111
556.808	1849.222
557.173	1757.333
557.538	1685.000
557.903	1586.333
558.268	1472.444
558.633	1389.778
558.998	1328.444
559.363	1275.222
559.727	1233.111
560.092	1189.333
560.457	1139.444
560.822	1076.222
561.186	1028.556
561.551	981.889
561.915	946.556
562.280	954.444
562.644	998.556
563.009	1119.000
563.373	1269.333
563.737	1470.333
564.102	1713.778
564.466	1904.222
564.830	2098.667
565.194	2274.000
565.558	2373.556
565.922	2421.889
566.286	2414.000
566.650	2340.222
567.014	2204.667
567.378	1997.444
567.741	1811.444
568.105	1598.111
568.469	1373.111
568.833	1180.000
569.196	1012.444
569.560	850.000
569.923	751.222
570.287	696.889
570.650	693.333
571.013	740.000
571.377	841.778
571.740	1000.000
572.103	1174.778
572.466	1403.111
572.830	1671.667
573.193	1917.667
573.556	2206.333
573.919	2463.778
574.282	2664.111
574.645	2851.111
575.007	2934.000
575.370	2983.111
575.733	2971.778
576.096	2845.444
576.458	2722.778
576.821	2510.778
577.184	2272.333
577.546	2098.333
577.909	1904.889
578.271	1756.667
578.633	1656.222
578.996	1556.889
579.358	1510.333
579.720	1504.333
580.083	1521.667
580.445	1562.444
580.807	1606.444
581.169	1607.222
581.531	1640.333
581.893	1676.000
582.255	1694.222
582.617	1736.778
582.979	1743.333
583.340	1753.111
583.702	1798.333
584.064	1819.889
584.425	1868.778
584.787	1932.778
585.149	1960.667
585.510	2004.778
585.872	2014.222
586.233	1949.444
586.594	1897.444
586.956	1777.222
587.317	1634.778
587.678	1490.778
588.039	1293.778
588.401	1111.778
588.762	934.667
589.123	785.111
589.484	721.444
589.845	667.222
590.206	676.111
590.566	736.222
590.927	817.222
591.288	952.111
591.649	1085.000
592.009	1219.889
592.370	1375.000
592.731	1457.778
593.091	1513.556
593.452	1547.667
593.812	1532.778
594.172	1513.778
594.533	1424.667
594.893	1325.222
595.253	1221.778
595.614	1073.111
595.974	977.222
596.334	879.444
596.694	774.000
597.054	707.667
597.414	631.444
597.774	598.778
598.134	599.778
598.494	610.556
598.853	654.444
599.213	695.778
599.573	744.000
599.932	835.667
600.292	892.556
600.652	979.556
601.011	1008.222
601.371	1040.000
601.730	1067.444
602.089	1071.111
602.449	1099.667
602.808	1103.667
603.167	1069.111
603.526	1056.667
603.886	1012.000
604.245	1037.889
604.604	1029.778
604.963	1016.444
605.322	998.444
605.681	969.667
606.040	972.556
606.398	958.556
606.757	934.333
607.116	918.444
607.475	872.222
607.833	849.111
608.192	813.444
608.550	806.111
608.909	827.556
609.267	851.111
609.626	939.333
609.984	991.778
610.342	1089.667
610.701	1195.556
611.059	1272.333
611.417	1361.778
611.775	1396.889
612.133	1417.667
612.491	1387.111
612.849	1327.333
613.207	1280.222
613.565	1205.111
613.923	1130.000
614.281	1056.444
614.638	995.667
614.996	970.667
615.354	943.111
615.711	964.333
616.069	973.222
616.427	1028.556
616.784	1062.778
617.141	1121.667
617.499	1185.444
617.856	1258.667
618.213	1330.667
618.571	1385.333
618.928	1513.889
619.285	1612.333
619.642	1740.556
619.999	1837.556
620.356	1926.111
620.713	2006.778
621.070	2032.778
621.427	2077.667
621.784	2053.889
622.141	1965.000
622.497	1869.889
622.854	1728.778
623.211	1600.111
623.567	1444.444
623.924	1309.444
624.280	1199.000
624.637	1084.333
624.993	1022.444
625.349	960.333
625.706	932.889
626.062	926.222
626.418	947.444
626.774	972.222
627.131	1009.444
627.487	1042.222
627.843	1100.222
628.199	1143.222
628.555	1197.667
628.911	1230.889
629.266	1280.778
629.622	1317.333
629.978	1384.222
630.334	1429.556
630.689	1470.667
631.045	1482.222
631.401	1479.778
631.756	1457.889
632.112	1414.444
632.467	1322.444
632.822	1210.222
633.178	1066.556
633.533	921.111
633.888	785.778
634.243	648.111
634.599	559.000
634.954	467.556
635.309	420.000
635.664	392.667
636.019	399.333
636.374	423.222
636.729	455.111
637.083	502.556
637.438	524.778
637.793	534.111
638.148	532.778
638.502	526.444
638.857	513.889
639.211	513.111
639.566	531.889
639.920	542.889
640.275	558.556
640.629	595.444
640.983	656.556
641.338	708.889
641.692	779.889
642.046	822.222
642.400	851.111
642.754	868.667
643.108	889.667
643.462	919.000
643.816	950.333
644.170	983.333
644.524	1012.778
644.878	1029.889
645.232	1035.111
645.585	1054.444
645.939	1041.333
646.293	1045.111
646.646	1014.444
647.000	987.000
647.353	920.889
647.707	874.444
648.060	803.889
648.413	760.111
648.767	698.111
649.120	649.889
649.473	590.778
649.826	555.778
650.179	547.556
650.533	561.778
650.885	593.778
651.239	655.000
651.591	769.333
651.944	880.444
652.297	1016.444
652.650	1128.000
653.003	1248.667
653.355	1317.111
653.708	1419.333
654.061	1475.222
654.413	1525.667
654.766	1476.556
655.118	1413.000
655.471	1300.556
655.823	1205.889
656.175	1070.444
656.528	951.556
656.880	799.778
657.232	686.667
657.584	567.000
657.936	505.000
658.288	453.222
658.640	436.778
658.992	435.444
659.344	482.667
659.696	527.444
660.048	586.778
660.400	626.889
660.751	710.556
661.103	791.889
661.455	919.444
661.806	1015.778
662.158	1120.222
662.509	1173.889
662.861	1258.667
663.212	1311.111
663.563	1399.667
663.915	1413.000
664.266	1422.444
664.617	1381.889
664.968	1390.778
665.319	1353.222
665.670	1337.889
666.021	1264.778
666.372	1184.889
666.723	1049.111
667.074	950.222
667.425	841.556
667.776	744.556
668.127	612.667
668.477	514.333
668.828	413.778
669.179	355.000
669.529	321.556
669.880	317.111
670.230	311.333
670.581	327.333
670.931	357.667
671.281	435.000
671.632	514.222
671.982	612.111
672.332	704.333
672.682	762.111
673.032	810.444
673.382	847.111
673.732	891.000
674.082	911.444
674.432	911.667
674.782	886.778
675.132	848.333
675.482	779.778
675.831	738.000
676.181	689.778
676.531	655.556
676.880	604.222
677.230	595.667
677.579	567.444
677.929	579.444
678.278	588.889
678.628	624.222
678.977	663.111
679.326	714.444
679.675	785.111
680.024	843.778
680.374	890.222
680.723	904.556
681.072	907.000
681.421	893.556
681.770	901.333
682.119	898.333
682.467	894.333
682.816	859.333
683.165	833.444
683.514	789.667
683.862	781.667
684.211	779.222
684.559	782.444
684.908	783.000
685.256	766.778
685.605	760.778
685.953	734.222
686.302	696.000
686.650	642.889
686.998	591.000
687.346	523.889
687.694	471.333
688.043	406.000
688.391	383.111
688.739	363.444
689.087	363.111
689.435	378.778
689.782	385.556
690.130	380.889
690.478	374.889
690.826	371.778
691.173	369.333
691.521	372.778
691.869	366.889
692.216	365.000
692.564	362.111
692.911	369.222
693.259	396.444
693.606	414.444
693.953	426.333
694.300	436.333
694.648	431.222
694.995	427.333
695.342	450.333
695.689	484.222
696.036	522.333
696.383	583.889
696.730	664.889
697.077	824.778
697.424	994.222
697.771	1172.444
698.117	1386.222
698.464	1525.222
698.811	1694.667
699.157	1787.444
699.504	1840.556
699.850	1837.333
700.197	1738.778
700.543	1645.667
700.890	1498.222
701.236	1296.333
701.582	1123.333
701.929	903.333
702.275	767.333
702.621	648.556
702.967	578.000
703.313	529.333
703.659	484.000
704.005	483.889
704.351	519.111
704.697	565.889
705.043	610.667
705.388	654.667
705.734	661.556
706.080	670.222
706.426	678.111
706.771	688.556
707.117	691.444
707.462	692.222
707.808	722.556
708.153	750.889
708.498	796.111
708.844	850.889
709.189	938.444
709.534	992.889
709.879	1007.333
710.225	1025.889
710.570	989.889
710.915	945.889
711.260	892.000
711.605	816.000
711.950	747.000
712.294	637.667
712.639	558.556
712.984	503.556
713.329	472.889
713.673	473.889
714.018	485.889
714.363	509.222
714.707	524.889
715.052	560.333
715.396	601.222
715.740	664.333
716.085	727.111
716.429	760.222
716.773	828.111
717.117	857.333
717.462	937.000
717.806	996.667
718.150	1037.111
718.494	1080.667
718.838	1069.000
719.182	1058.000
719.526	1037.222
719.869	974.222
720.213	935.889
720.557	830.889
720.901	757.333
721.244	680.333
721.588	601.667
721.932	564.444
722.275	512.111
722.618	482.444
722.962	453.000
723.305	426.444
723.649	425.556
723.992	435.444
724.335	478.444
724.678	522.333
725.021	567.222
725.365	643.556
725.708	678.000
726.051	722.222
726.393	741.111
726.736	734.111
727.079	718.667
727.422	670.889
727.765	639.000
728.108	600.556
728.450	538.778
728.793	520.444
729.135	483.111
729.478	464.333
729.820	456.111
730.163	437.778
730.505	428.667
730.848	395.667
731.190	356.444
731.532	316.222
731.874	268.222
732.217	243.556
732.559	220.778
732.901	213.444
733.243	227.111
733.585	249.000
733.927	302.222
734.269	361.556
734.610	409.556
734.952	459.444
735.294	491.889
735.636	515.222
735.977	527.333
736.319	514.000
736.660	491.333
737.002	441.778
737.343	391.778
737.685	363.889
738.026	331.333
738.368	315.000
738.709	309.000
739.050	302.000
739.391	305.444
739.732	307.889
740.073	314.667
740.415	327.111
740.756	332.444
741.096	351.111
741.437	378.667
741.778	391.444
742.119	405.556
742.460	415.222
742.801	422.556
743.141	433.444
743.482	439.889
743.823	475.778
744.163	502.000
744.504	509.889
744.844	554.556
745.184	576.778
745.525	578.778
745.865	581.444
746.205	564.667
746.545	540.778
746.886	490.778
747.226	434.556
747.566	384.778
747.906	311.444
748.246	261.667
748.586	240.889
748.926	225.000
749.266	228.222
749.605	236.333
749.945	239.778
750.285	248.556
750.624	265.778
750.964	274.667
751.304	282.333
751.643	287.667
751.983	291.111
752.322	295.889
752.661	305.111
753.001	306.778
753.340	310.667
753.679	306.778
754.018	301.111
754.358	308.556
754.697	321.333
755.036	333.889
755.375	341.333
755.714	331.333
756.053	326.889
756.392	321.444
756.730	307.667
757.069	302.889
757.408	293.889
757.747	275.222
758.085	261.333
758.424	248.000
758.762	243.333
759.101	251.889
759.439	263.000
759.778	275.000
760.116	297.667
760.454	318.889
760.793	333.556
761.131	349.444
761.469	361.222
761.807	366.000
762.145	368.333
762.483	369.333
762.821	377.889
763.159	402.111
763.497	433.333
763.835	465.889
764.173	507.222
764.510	536.667
764.848	548.556
765.186	547.778
765.523	539.667
765.861	531.111
766.198	509.000
766.536	472.222
766.873	435.222
767.211	392.444
767.548	358.333
767.885	347.778
768.223	351.778
768.560	361.556
768.897	370.111
769.234	379.111
769.571	382.889
769.908	383.333
770.245	373.778
770.582	367.000
770.919	357.778
771.256	337.333
771.593	316.333
771.929	295.778
772.266	263.000
772.603	244.222
772.939	246.222
773.276	265.889
773.612	286.556
773.949	315.111
774.285	359.889
774.622	396.889
774.958	417.444
775.294	435.778
775.630	452.889
775.966	460.222
776.303	462.333
776.639	471.556
776.975	469.778
777.311	459.111
777.647	454.667
777.983	454.556
778.318	458.444
778.654	460.889
778.990	457.111
779.326	440.667
779.661	419.778
779.997	402.333
780.333	380.000
780.668	364.778
781.004	354.556
781.339	336.889
781.674	322.667
782.010	319.000
782.345	331.889
782.680	369.222
783.016	421.111
783.351	460.889
783.686	513.667
784.021	582.111
784.356	626.889
784.691	659.556
785.026	693.333
785.361	702.667
785.695	684.667
786.030	671.111
786.365	657.333
786.700	618.222
787.034	582.333
787.369	574.333
787.703	570.222
788.038	571.889
788.372	583.000
788.707	577.556
789.041	551.889
789.376	537.444
789.710	529.778
790.044	507.111
790.378	486.444
790.712	477.889
791.046	467.889
791.380	466.333
791.714	529.000
792.048	626.889
792.382	698.556
792.716	762.111
793.050	848.556
793.384	929.333
793.718	1013.778
794.051	1139.444
794.385	1271.111
794.718	1322.444
795.052	1320.556
795.385	1326.222
795.719	1313.333
796.052	1273.444
796.386	1240.556
796.719	1192.111
797.052	1086.667
797.385	953.556
797.719	841.444
798.052	740.889
798.385	658.111
798.718	604.333
799.051	559.333
799.384	506.667
799.716	456.222
800.049	418.556
800.382	413.667
800.715	446.444
801.048	487.778
801.380	533.667
801.713	589.889
802.045	655.333
802.378	737.889
802.710	835.556
803.043	949.000
803.375	1066.111
803.707	1163.111
804.040	1228.556
804.372	1260.000
804.704	1269.778
805.036	1259.778
805.368	1233.222
805.700	1195.889
806.032	1134.444
806.364	1034.333
806.696	919.333
807.028	841.111
807.360	821.778
807.692	854.778
808.023	892.889
808.355	915.444
808.687	936.000
809.018	956.333
809.350	972.889
809.681	994.111
810.013	1010.333
810.344	990.667
810.676	914.000
811.007	846.556
811.338	815.556
811.669	793.111
812.001	791.111
812.332	842.333
812.663	916.889
812.994	977.111
813.325	1039.222
813.656	1110.444
813.987	1165.556
814.317	1179.333
814.648	1168.778
814.979	1131.556
815.310	1047.000
815.640	942.333
815.971	865.000
816.301	812.778
816.632	766.556
816.962	737.111
817.293	763.000
817.623	833.778
817.954	928.333
818.284	1074.778
818.614	1287.333
818.944	1481.222
819.274	1593.000
819.605	1656.222
819.935	1714.556
820.265	1743.000
820.595	1733.111
820.924	1729.556
821.254	1737.333
821.584	1681.000
821.914	1601.444
822.244	1584.556
822.573	1652.222
822.903	1707.778
823.233	1710.889
823.562	1696.444
823.892	1645.000
824.221	1514.889
824.550	1353.889
824.880	1220.889
825.209	1097.667
825.538	937.667
825.868	782.778
826.197	692.889
826.526	666.778
826.855	680.556
827.184	721.556
827.513	836.778
827.842	1024.000
828.171	1194.000
828.500	1315.111
828.828	1442.556
829.157	1621.222
829.486	1770.111
829.815	1846.111
830.143	1918.444
830.472	2006.222
830.800	2029.222
831.129	1994.667
831.457	1971.667
831.786	1983.444
832.114	1941.889
832.442	1842.444
832.770	1751.222
833.099	1670.444
833.427	1531.889
833.755	1365.556
834.083	1243.222
834.411	1151.111
834.739	1018.556
835.067	863.667
835.395	754.778
835.723	690.778
836.050	643.111
836.378	601.111
836.706	589.333
837.033	636.333
837.361	790.667
837.689	1006.667
838.016	1203.000
838.344	1421.667
838.671	1762.556
838.998	2144.000
839.326	2450.333
839.653	2631.556
839.980	2784.667
840.307	2872.444
840.634	2860.667
840.961	2802.556
841.289	2706.000
841.615	2498.889
841.942	2196.111
842.269	1915.000
842.596	1734.778
842.923	1591.222
843.250	1476.333
843.576	1396.778
843.903	1344.444
844.230	1296.778
844.556	1242.778
844.883	1203.333
845.209	1180.444
845.536	1173.889
845.862	1157.556
846.188	1132.778
846.515	1115.000
846.841	1122.333
847.167	1179.111
847.493	1336.667
847.819	1563.889
848.146	1758.778
848.472	1898.556
848.798	2057.000
849.123	2220.556
849.449	2343.444
849.775	2398.778
850.101	2377.556
850.427	2266.778
850.752	2114.444
851.078	1979.889
851.404	1858.000
851.729	1679.222
852.055	1463.889
852.380	1316.000
852.706	1239.000
853.031	1188.556
853.356	1133.778
853.682	1090.111
854.007	1085.000
854.332	1084.111
854.657	1076.000
854.982	1068.667
855.307	1066.889
855.632	1099.444
855.957	1125.000
856.282	1160.556
856.607	1255.667
856.932	1413.556
857.256	1558.222
857.581	1630.111
857.906	1643.111
858.230	1620.333
858.555	1573.889
858.880	1532.000
859.204	1444.778
859.529	1282.444
859.853	1089.000
860.177	967.000
860.502	909.889
860.826	862.667
861.150	828.000
861.474	827.222
861.798	864.444
862.122	905.333
862.446	916.000
862.770	908.667
863.094	912.778
863.418	962.889
863.742	1027.111
864.066	1062.111
864.389	1109.111
864.713	1263.222
865.037	1560.889
865.360	1887.556
865.684	2122.222
866.008	2333.556
866.331	2596.667
866.654	2893.000
866.978	3129.111
867.301	3197.778
867.624	3071.778
867.948	2807.556
868.271	2559.778
868.594	2395.889
868.917	2196.778
869.240	1895.333
869.563	1578.333
869.886	1378.889
870.209	1314.889
870.532	1283.778
870.855	1236.667
871.177	1174.000
871.500	1148.111
871.823	1159.000
872.145	1178.889
872.468	1170.556
872.791	1119.556
873.113	1095.111
873.435	1149.889
873.758	1271.556
874.080	1389.222
874.402	1461.667
874.725	1594.111
875.047	1854.778
875.369	2195.222
875.691	2523.222
876.013	2715.333
876.335	2803.556
876.657	2848.333
876.979	2908.444
877.301	2914.111
877.623	2777.111
877.945	2478.889
878.266	2109.556
878.588	1769.111
878.910	1545.778
879.231	1369.444
879.553	1186.556
879.875	975.222
880.196	818.333
880.517	740.889
880.839	713.778
881.160	703.778
881.481	680.222
881.803	650.000
882.124	668.111
882.445	730.667
882.766	817.111
883.087	898.333
883.408	956.889
883.729	1012.889
884.050	1080.667
884.371	1190.667
884.692	1331.111
885.012	1440.000
885.333	1494.778
885.654	1511.444
885.974	1535.778
886.295	1572.889
886.616	1587.667
886.936	1562.222
887.257	1477.111
887.577	1370.889
887.897	1304.222
888.218	1285.667
888.538	1294.000
888.858	1271.000
889.178	1221.000
889.498	1176.222
889.818	1158.111
890.139	1185.556
890.458	1228.000
890.778	1248.556
891.098	1257.222
891.418	1289.556
891.738	1434.111
892.058	1695.222
892.377	1999.889
892.697	2260.667
893.017	2422.889
893.336	2515.000
893.656	2585.111
893.975	2659.333
894.295	2719.111
894.614	2693.444
894.933	2563.444
895.253	2390.889
895.572	2229.444
895.891	2125.889
896.210	2061.778
896.529	1990.222
896.848	1887.222
897.167	1754.000
897.486	1616.778
897.805	1498.778
898.124	1392.778
898.443	1310.000
898.762	1226.111
899.081	1129.778
899.399	1043.000
899.718	988.889
900.036	994.556
900.355	1066.222
900.673	1185.556
900.992	1333.000
901.310	1480.889
901.629	1639.222
901.947	1807.111
902.265	1966.778
902.583	2104.000
902.902	2193.556
903.220	2195.556
903.538	2109.111
903.856	1960.333
904.174	1802.222
904.492	1648.667
904.810	1481.111
905.128	1313.333
905.445	1140.222
905.763	969.889
906.081	836.333
906.398	763.111
906.716	712.556
907.034	680.889
907.351	652.667
907.669	650.333
907.986	654.444
908.304	669.111
908.621	712.333
908.938	770.333
909.255	827.444
909.573	922.333
909.890	1024.889
910.207	1155.667
910.524	1298.111
910.841	1456.889
911.158	1605.222
911.475	1696.556
911.792	1742.556
912.109	1754.889
912.425	1731.000
912.742	1695.889
913.059	1617.889
913.375	1526.667
913.692	1445.222
914.009	1375.111
914.325	1340.556
914.641	1309.778
914.958	1261.778
915.274	1216.333
915.591	1166.222
915.907	1137.889
916.223	1114.667
916.539	1061.889
916.855	1010.667
917.172	960.444
917.488	926.889
917.804	931.667
918.119	948.111
918.435	1002.444
918.751	1106.000
919.067	1254.444
919.383	1428.667
919.698	1601.889
920.014	1765.667
920.330	1956.667
920.645	2175.222
920.961	2410.111
921.276	2607.889
921.592	2703.556
921.907	2693.889
922.223	2610.333
922.538	2485.667
922.853	2356.778
923.168	2202.222
923.483	1998.889
923.799	1767.333
924.114	1516.222
924.429	1293.444
924.744	1115.444
925.059	977.889
925.373	876.333
925.688	801.333
926.003	746.778
926.318	758.667
926.632	826.000
926.947	959.889
927.262	1124.111
927.576	1270.889
927.891	1397.667
928.205	1499.111
928.520	1572.222
928.834	1649.667
929.148	1701.111
929.463	1725.111
929.777	1713.222
930.091	1674.333
930.405	1619.222
930.719	1562.667
931.033	1507.778
931.347	1457.556
931.661	1395.667
931.975	1306.667
932.289	1200.222
932.603	1086.778
932.917	972.778
933.230	889.889
933.544	828.667
933.858	781.444
934.171	748.333
934.485	708.444
934.798	676.000
935.112	655.111
935.425	643.778
935.738	664.111
936.052	706.889
936.365	757.333
936.678	812.444
936.991	846.222
937.305	870.444
937.618	895.111
937.931	906.667
938.244	916.889
938.556	931.667
938.869	948.667
939.182	979.000
939.495	1007.333
939.808	1028.444
940.120	1040.444
940.433	1033.889
940.746	1018.778
941.058	998.556
941.371	961.333
941.683	907.444
941.996	843.667
942.308	775.889
942.620	723.000
942.933	687.556
943.245	655.444
943.557	632.556
943.869	612.556
944.181	585.889
944.493	574.444
944.805	589.667
945.117	649.889
945.429	779.778
945.741	961.333
946.053	1158.111
946.365	1343.222
946.676	1493.778
946.988	1614.778
947.300	1713.667
947.611	1779.111
947.923	1820.444
948.234	1827.778
948.546	1792.444
948.857	1754.889
949.169	1720.889
949.480	1679.111
949.791	1650.222
950.102	1603.778
950.413	1530.889
950.725	1438.778
951.036	1310.667
951.347	1162.778
951.658	1016.778
951.969	875.444
952.280	765.333
952.590	686.667
952.901	630.333
953.212	606.333
953.523	599.778
953.833	599.778
954.144	619.667
954.454	644.000
954.765	666.333
955.075	695.889
955.386	715.889
955.696	738.111
956.007	772.111
956.317	811.778
956.627	855.333
956.937	907.444
957.247	955.556
957.558	997.333
957.868	1033.778
958.178	1047.778
958.488	1039.111
958.797	1009.778
959.107	952.333
959.417	885.556
959.727	808.778
960.037	724.222
960.346	645.000
960.656	584.444
960.966	544.444
961.275	536.222
961.585	560.778
961.894	597.111
962.203	639.333
962.513	687.000
962.822	721.667
963.131	759.778
963.441	791.889
963.750	808.889
964.059	818.778
964.368	820.222
964.677	817.222
964.986	837.111
965.295	867.111
965.604	924.000
965.913	978.000
966.221	1036.111
966.530	1101.111
966.839	1185.111
967.148	1260.111
967.456	1314.444
967.765	1347.000
968.073	1351.333
968.382	1325.889
968.690	1310.000
968.999	1273.222
969.307	1216.111
969.615	1138.667
969.924	1051.000
970.232	980.222
970.540	921.778
970.848	872.778
971.156	834.778
971.464	798.444
971.772	767.444
972.080	756.778
972.388	757.667
972.696	766.333
973.003	787.111
973.311	812.222
973.619	838.667
973.926	863.111
974.234	883.889
974.542	898.444
974.849	908.667
975.157	914.333
975.464	905.889
975.771	890.556
976.079	871.222
976.386	846.778
976.693	826.556
977.000	813.778
977.307	803.667
977.615	802.778
977.922	800.000
978.229	802.333
978.536	803.556
978.842	802.444
979.149	793.778
979.456	778.778
979.763	761.222
980.070	739.667
980.376	720.667
980.683	710.778
980.989	705.444
981.296	708.000
981.602	721.333
981.909	745.000
982.215	786.667
982.522	842.556
982.828	899.667
983.134	950.222
983.440	995.000
983.746	1033.667
984.053	1068.000
984.359	1097.667
984.665	1109.889
984.971	1101.000
985.277	1074.444
985.582	1037.333
985.888	996.111
986.194	964.111
986.500	930.333
986.805	888.889
987.111	847.889
987.417	814.778
987.722	790.556
988.028	774.556
988.333	769.889
988.639	762.889
988.944	738.444
989.249	714.222
989.555	689.556
989.860	649.333
990.165	617.000
990.470	585.444
990.775	540.556
991.080	502.889
991.385	475.111
991.690	447.444
991.995	431.111
992.300	425.222
992.605	422.889
992.910	425.111
993.214	431.667
993.519	438.222
993.824	442.556
994.128	445.778
994.433	448.444
994.737	446.444
995.042	444.556
995.346	444.556
995.650	446.778
995.955	446.222
996.259	448.667
996.563	454.556
996.867	457.333
997.171	464.667
997.476	479.444
997.780	487.000
998.083	497.667
998.387	516.556
998.691	531.889
998.995	551.222
999.299	581.111
999.603	612.222
999.906	640.778
1000.210	673.778
1000.514	703.889
1000.817	726.889
1001.121	763.000
1001.424	796.333
1001.728	822.444
1002.031	842.778
1002.334	855.000
1002.638	857.778
1002.941	866.333
1003.244	877.333
1003.547	877.111
1003.850	853.333
1004.153	830.444
1004.456	794.778
1004.759	753.222
1005.062	721.444
1005.365	690.222
1005.668	647.556
1005.971	613.111
1006.273	581.222
1006.576	550.333
1006.879	529.556
1007.181	513.111
1007.484	494.889
1007.786	485.556
1008.089	474.556
1008.391	458.111
1008.693	442.667
1008.996	429.889
1009.298	410.000
1009.600	387.444
1009.902	372.111
1010.204	353.333
1010.507	329.000
1010.809	309.333
1011.111	288.889
1011.412	268.333
1011.714	252.778
1012.016	243.000
1012.318	238.556
1012.620	237.333
1012.921	238.222
1013.223	241.556
1013.525	252.000
1013.826	262.333
1014.128	270.111
1014.429	283.778
1014.731	294.000
1015.032	300.333
1015.333	312.111
1015.635	328.889
1015.936	337.000
1016.237	350.222
1016.538	372.444
1016.839	391.333
1017.140	424.556
1017.441	465.778
1017.742	494.889
1018.043	525.667
1018.344	560.222
1018.645	591.667
1018.946	616.333
1019.246	647.222
1019.547	684.444
1019.848	693.000
1020.148	717.444
1020.449	750.667
1020.749	762.889
1021.050	779.222
1021.350	801.889
1021.651	808.889
1021.951	809.444
1022.251	808.000
1022.551	805.222
1022.852	776.000
1023.152	754.667
1023.452	740.000
1023.752	707.222
1024.052	684.111
1024.352	671.667
1024.652	643.222
1024.952	621.778
1025.251	607.222
1025.551	584.111
1025.851	557.222
1026.150	538.333
1026.450	519.889
1026.750	494.111
1027.049	473.889
1027.349	461.333
1027.648	438.778
1027.947	418.778
1028.247	412.889
1028.546	399.667
1028.845	384.667
1029.144	373.778
1029.444	357.333
1029.743	335.111
1030.042	316.111
1030.341	297.333
1030.640	277.111
1030.939	259.111
1031.238	247.222
1031.536	233.222
1031.835	225.444
1032.134	225.222
1032.433	223.667
1032.731	226.222
1033.030	237.556
1033.328	244.778
1033.627	250.111
1033.925	266.667
1034.224	284.000
1034.522	301.778
1034.820	318.667
1035.119	340.111
1035.417	349.333
1035.715	361.444
1036.013	385.889
1036.311	399.333
1036.609	407.222
1036.907	425.444
1037.205	432.667
1037.503	435.111
1037.801	454.111
1038.099	473.556
1038.397	474.556
1038.694	476.889
1038.992	490.778
1039.290	489.444
1039.587	477.333
1039.885	482.222
1040.182	480.000
1040.479	455.000
1040.777	443.333
1041.074	440.111
1041.372	423.333
1041.669	403.556
1041.966	395.444
1042.263	382.333
1042.560	358.556
1042.857	348.889
1043.154	341.556
1043.451	326.333
1043.748	313.222
1044.045	304.111
1044.342	292.000
1044.639	276.000
1044.935	266.778
1045.232	255.222
1045.529	238.667
1045.825	227.667
1046.122	214.889
1046.418	200.778
1046.715	190.889
1047.011	183.333
1047.308	177.889
1047.604	172.778
1047.900	171.222
1048.197	168.778
1048.493	166.000
1048.789	169.333
1049.085	171.667
1049.381	174.778
1049.677	182.667
1049.973	193.000
1050.269	201.778
1050.565	213.778
1050.860	235.333
1051.156	248.556
1051.452	257.111
1051.748	275.778
1052.043	293.444
1052.339	304.111
1052.634	320.889
1052.930	339.444
1053.225	349.111
1053.521	351.000
1053.816	364.444
1054.111	375.556
1054.407	372.333
1054.702	374.778
1054.997	385.667
1055.292	379.778
1055.587	371.222
1055.882	376.111
1056.177	377.889
1056.472	366.111
1056.767	366.333
1057.062	371.000
1057.357	363.889
1057.651	350.333
1057.946	349.111
1058.241	344.000
1058.535	325.333
1058.830	315.444
1059.124	312.444
1059.419	294.444
1059.713	279.444
1060.008	268.667
1060.302	254.556
1060.596	235.111
1060.890	222.222
1061.185	212.778
1061.479	195.889
1061.773	181.000
1062.067	173.222
1062.361	161.778
1062.655	149.444
1062.949	143.333
1063.243	137.667
1063.536	130.333
1063.830	124.556
1064.124	124.444
1064.418	120.333
1064.711	115.333
1065.005	112.222
1065.298	110.000
1065.592	105.889
1065.885	103.333
1066.179	101.889
1066.472	100.444
1066.765	96.667
1067.058	96.444
1067.352	97.889
1067.645	98.889
1067.938	100.778
1068.231	103.889
1068.524	107.778
1068.817	111.222
1069.110	117.333
1069.403	123.556
1069.696	128.333
1069.989	134.778
1070.281	145.222
1070.574	150.889
1070.867	155.556
1071.159	162.222
1071.452	170.222
1071.744	173.889
1072.037	178.000
1072.329	186.333
1072.622	189.889
1072.914	188.222
1073.206	192.667
1073.498	200.556
1073.791	203.333
1074.083	204.000
1074.375	210.556
1074.667	212.222
1074.959	206.778
1075.251	206.556
1075.543	209.111
1075.835	206.111
1076.126	200.222
1076.418	198.111
1076.710	194.444
1077.002	186.444
1077.293	182.556
1077.585	184.556
1077.876	180.111
1078.168	173.000
1078.459	170.667
1078.751	165.667
1079.042	157.000
1079.333	151.222
1079.625	145.000
1079.916	138.111
1080.207	128.667
1080.498	121.222
1080.789	115.778
1081.080	107.889
1081.371	101.778
1081.662	97.667
1081.953	93.333
1082.244	89.556
1082.535	86.111
1082.826	81.667
1083.116	79.111
1083.407	77.000
1083.698	74.556
1083.988	73.222
1084.279	72.333
1084.569	71.444
1084.859	70.778
1085.150	70.444
1085.440	71.778
1085.730	73.333
1086.021	74.000
1086.311	75.111
1086.601	75.778
1086.891	77.556
1087.181	78.889
1087.471	79.333
1087.761	80.111
1088.051	81.889
1088.341	82.667
1088.631	84.333
1088.921	86.556
1089.210	87.778
1089.500	86.778
1089.790	86.778
1090.079	88.444
1090.369	89.667
1090.658	89.889
1090.948	91.556
1091.237	92.333
1091.526	91.778
1091.816	93.111
1092.105	95.889
1092.394	97.222
1092.683	96.889
1092.973	97.333
1093.262	97.111
1093.551	95.333
1093.840	94.333
1094.129	95.667
1094.417	96.333
1094.706	96.778
1094.995	97.556
1095.284	98.111
1095.573	97.889
1095.861	98.000
1096.150	98.111
1096.438	99.556
1096.727	98.667
1097.016	96.333
1097.304	94.000
1097.592	92.000
1097.881	88.889
1098.169	86.111
1098.457	84.111
1098.745	83.778
1099.034	80.222
1099.322	79.556
