520.430	0.000
520.800	0.000
521.169	59.000
521.539	56.000
521.909	57.000
522.278	69.000
522.648	59.000
523.017	65.000
523.387	66.000
523.756	57.000
524.125	58.000
524.494	77.000
524.864	54.000
525.233	61.000
525.602	64.000
525.971	63.000
526.340	60.000
526.709	62.000
527.078	55.000
527.447	63.000
527.816	170.111
528.185	559.222
528.553	949.667
528.922	1294.778
529.291	1619.000
529.659	1914.667
530.028	2169.222
530.396	2374.222
530.765	2520.333
531.133	2524.111
531.502	2213.111
531.870	1889.111
532.238	1608.444
532.606	1355.556
532.975	1145.667
533.343	1002.111
533.711	929.111
534.079	942.667
534.447	1022.556
534.815	1183.444
535.183	1393.111
535.551	1640.222
535.919	1878.667
536.286	2138.556
536.654	2403.222
537.022	2641.889
537.389	2863.000
537.757	3062.778
538.125	3189.889
538.492	3237.111
538.859	3229.889
539.227	3173.889
539.594	3027.444
539.961	2795.667
540.329	2525.333
540.696	2221.667
541.063	1903.778
541.430	1624.222
541.797	1406.444
542.164	1229.111
542.531	1132.111
542.898	1128.889
543.265	1205.667
543.632	1331.778
543.999	1497.778
544.366	1672.444
544.732	1820.444
545.099	1929.222
545.466	2007.889
545.832	2048.556
546.199	2051.333
546.565	2059.778
546.932	2077.222
547.298	2090.778
547.664	2121.778
548.031	2187.000
548.397	2219.889
548.763	2263.333
549.129	2302.333
549.495	2287.222
549.861	2201.000
550.227	2074.556
550.593	1910.889
550.959	1711.111
551.325	1518.667
551.691	1425.000
552.057	1380.889
552.422	1416.333
552.788	1577.778
553.154	1797.333
553.519	2086.667
553.885	2440.667
554.250	2796.333
554.616	3109.778
554.981	3391.000
555.347	3523.111
555.712	3502.000
556.077	3353.111
556.443	3136.000
556.808	2845.444
557.173	2482.222
557.538	2122.111
557.903	1769.111
558.268	1414.333
558.633	1158.667
558.998	993.889
559.363	888.222
559.727	858.111
560.092	864.333
560.457	932.778
560.822	1043.333
561.186	1175.889
561.551	1333.667
561.915	1571.556
562.280	1839.000
562.644	2154.333
563.009	2487.778
563.373	2812.556
563.737	3108.556
564.102	3371.111
564.466	3565.889
564.830	3667.222
565.194	3663.889
565.558	3561.889
565.922	3392.111
566.286	3181.667
566.650	2928.111
567.014	2674.889
567.378	2439.889
567.741	2259.222
568.105	2181.111
568.469	2154.889
568.833	2156.889
569.196	2186.111
569.560	2214.444
569.923	2235.333
570.287	2251.000
570.650	2244.889
571.013	2229.222
571.377	2205.222
571.740	2213.000
572.103	2224.000
572.466	2254.889
572.830	2310.889
573.193	2410.000
573.556	2574.778
573.919	2710.111
574.282	2787.222
574.645	2813.667
575.007	2729.444
575.370	2649.889
575.733	2526.222
576.096	2325.778
576.458	2126.667
576.821	1866.667
577.184	1651.889
577.546	1536.333
577.909	1469.889
578.271	1447.444
578.633	1500.556
578.996	1564.000
579.358	1685.444
579.720	1898.444
580.083	2106.556
580.445	2291.556
580.807	2441.111
581.169	2514.778
581.531	2590.889
581.893	2586.667
582.255	2546.556
582.617	2493.556
582.979	2337.667
583.340	2155.778
583.702	1968.000
584.064	1749.889
584.425	1569.333
584.787	1414.222
585.149	1269.556
585.510	1168.111
585.872	1065.333
586.233	980.667
586.594	956.889
586.956	943.667
587.317	957.111
587.678	982.778
588.039	987.667
588.401	1011.556
588.762	1046.000
589.123	1080.000
589.484	1141.444
589.845	1174.000
590.206	1186.111
590.566	1212.778
590.927	1233.111
591.288	1283.889
591.649	1321.778
592.009	1318.444
592.370	1335.444
592.731	1307.889
593.091	1325.667
593.452	1393.111
593.812	1422.222
594.172	1451.333
594.533	1402.889
594.893	1351.444
595.253	1320.444
595.614	1269.556
595.974	1228.111
596.334	1128.556
596.694	996.333
597.054	906.556
597.414	831.000
597.774	820.778
598.134	836.111
598.494	864.889
598.853	931.000
599.213	1007.000
599.573	1089.667
599.932	1216.556
600.292	1307.556
600.652	1416.000
601.011	1446.778
601.371	1457.111
601.730	1431.444
602.089	1373.889
602.449	1313.778
602.808	1256.889
603.167	1184.667
603.526	1158.778
603.886	1093.222
604.245	1152.667
604.604	1245.556
604.963	1462.000
605.322	1728.889
605.681	1979.667
606.040	2243.000
606.398	2428.778
606.757	2574.778
607.116	2715.000
607.475	2766.333
607.833	2883.333
608.192	2867.778
608.550	2825.778
608.909	2759.222
609.267	2603.667
609.626	2508.667
609.984	2396.778
610.342	2341.556
610.701	2283.778
611.059	2125.333
611.417	1998.000
611.775	1808.889
612.133	1685.556
612.491	1629.222
612.849	1650.667
613.207	1696.000
613.565	1709.111
613.923	1772.444
614.281	1838.111
614.638	1969.000
614.996	2091.778
615.354	2207.333
615.711	2271.000
616.069	2232.889
616.427	2229.444
616.784	2212.000
617.141	2227.667
617.499	2231.889
617.856	2201.778
618.213	2190.667
618.571	2140.111
618.928	2174.778
619.285	2177.667
619.642	2175.444
619.999	2111.444
620.356	1996.444
620.713	1880.556
621.070	1718.667
621.427	1571.111
621.784	1416.444
622.141	1231.111
622.497	1091.111
622.854	943.333
623.211	869.778
623.567	794.778
623.924	777.000
624.280	787.000
624.637	848.222
624.993	910.889
625.349	984.556
625.706	1048.889
626.062	1120.778
626.418	1130.111
626.774	1110.444
627.131	1061.333
627.487	996.778
627.843	909.222
628.199	840.444
628.555	791.222
628.911	761.333
629.266	725.444
629.622	740.778
629.978	778.222
630.334	824.444
630.689	842.111
631.045	852.556
631.401	861.000
631.756	899.000
632.112	920.778
632.467	934.889
632.822	930.111
633.178	920.333
633.533	883.000
633.888	876.222
634.243	858.667
634.599	847.778
634.954	786.556
635.309	745.222
635.664	716.556
636.019	683.444
636.374	656.667
636.729	636.667
637.083	631.222
637.438	638.222
637.793	662.111
638.148	698.778
638.502	744.111
638.857	802.111
639.211	905.333
639.566	1066.000
639.920	1219.222
640.275	1418.111
640.629	1554.444
640.983	1712.444
641.338	1838.222
641.692	2004.444
642.046	2084.889
642.400	2116.778
642.754	2041.444
643.108	1973.556
643.462	1825.222
643.816	1709.556
644.170	1540.111
644.524	1375.889
644.878	1163.000
645.232	994.222
645.585	858.000
645.939	771.778
646.293	720.444
646.646	713.667
647.000	769.333
647.353	842.000
647.707	981.667
648.060	1090.111
648.413	1247.111
648.767	1426.444
649.120	1637.556
649.473	1805.222
649.826	1947.333
650.179	1984.000
650.533	1999.778
650.885	2000.000
651.239	2026.667
651.591	2027.444
651.944	1964.556
652.297	1834.556
652.650	1693.444
653.003	1552.889
653.355	1460.556
653.708	1379.556
654.061	1244.889
654.413	1121.000
654.766	967.000
655.118	833.778
655.471	728.222
655.823	651.556
656.175	573.333
656.528	523.667
656.880	476.000
657.232	438.556
657.584	392.667
657.936	392.556
658.288	432.778
658.640	522.667
658.992	628.000
659.344	797.778
659.696	936.000
660.048	1126.222
660.400	1283.000
660.751	1444.889
661.103	1513.444
661.455	1542.000
661.806	1502.000
662.158	1459.000
662.509	1361.667
662.861	1312.222
663.212	1206.333
663.563	1148.222
663.915	1036.444
664.266	978.667
664.617	957.778
664.968	1036.000
665.319	1088.889
665.670	1133.111
666.021	1112.333
666.372	1123.889
666.723	1144.000
667.074	1298.778
667.425	1431.667
667.776	1543.333
668.127	1534.444
668.477	1562.444
668.828	1594.000
669.179	1688.333
669.529	1743.444
669.880	1734.444
670.230	1626.222
670.581	1554.556
670.931	1485.333
671.281	1466.000
671.632	1416.444
671.982	1337.889
672.332	1233.889
672.682	1126.778
673.032	1075.333
673.382	1000.556
673.732	924.333
674.082	823.222
674.432	720.333
674.782	633.667
675.132	619.889
675.482	614.778
675.831	667.444
676.181	663.222
676.531	672.111
676.880	656.333
677.230	654.778
677.579	645.778
677.929	623.556
678.278	562.889
678.628	507.111
678.977	426.556
679.326	411.556
679.675	422.889
680.024	442.556
680.374	467.778
680.723	476.778
681.072	489.556
681.421	502.778
681.770	524.778
682.119	547.000
682.467	582.778
682.816	607.444
683.165	653.778
683.514	712.889
683.862	814.111
684.211	925.889
684.559	1046.111
684.908	1172.222
685.256	1262.778
685.605	1382.444
685.953	1475.667
686.302	1634.222
686.650	1716.000
686.998	1775.333
687.346	1772.222
687.694	1701.222
688.043	1582.000
688.391	1471.667
688.739	1308.667
689.087	1158.667
689.435	931.667
689.782	768.333
690.130	632.333
690.478	542.222
690.826	534.444
691.173	557.778
691.521	626.778
691.869	708.444
692.216	799.000
692.564	945.889
692.911	1020.111
693.259	1056.444
693.606	1075.222
693.953	1071.333
694.300	1068.222
694.648	1096.667
694.995	1114.111
695.342	1131.333
695.689	1112.222
696.036	1123.667
696.383	1185.556
696.730	1221.444
697.077	1259.000
697.424	1255.222
697.771	1163.556
698.117	1061.222
698.464	966.111
698.811	890.556
699.157	839.333
699.504	769.222
699.850	752.778
700.197	749.778
700.543	800.000
700.890	868.444
701.236	919.667
701.582	944.111
701.929	946.000
702.275	970.222
702.621	1007.222
702.967	1036.000
703.313	1061.111
703.659	1091.889
704.005	1144.778
704.351	1259.778
704.697	1368.778
705.043	1515.000
705.388	1648.000
705.734	1728.889
706.080	1799.111
706.426	1797.889
706.771	1766.556
707.117	1677.333
707.462	1539.778
707.808	1437.000
708.153	1260.000
708.498	1091.667
708.844	943.889
709.189	828.000
709.534	761.000
709.879	690.333
710.225	677.778
710.570	656.222
710.915	670.000
711.260	694.444
711.605	754.000
711.950	811.556
712.294	830.222
712.639	865.333
712.984	887.667
713.329	905.778
713.673	924.778
714.018	917.000
714.363	919.000
714.707	869.889
715.052	838.667
715.396	818.556
715.740	818.111
716.085	840.556
716.429	847.111
716.773	896.222
717.117	883.222
717.462	856.778
717.806	828.556
718.150	777.222
718.494	737.444
718.838	658.889
719.182	574.889
719.526	501.778
719.869	410.111
720.213	390.778
720.557	393.444
720.901	445.556
721.244	496.444
721.588	535.778
721.932	599.222
722.275	647.111
722.618	725.556
722.962	768.222
723.305	766.556
723.649	742.444
723.992	677.333
724.335	628.889
724.678	596.556
725.021	557.111
725.365	546.889
725.708	488.889
726.051	457.778
726.393	446.556
726.736	447.222
727.079	466.444
727.422	469.222
727.765	483.000
728.108	487.111
728.450	473.000
728.793	487.778
729.135	486.444
729.478	498.667
729.820	517.111
730.163	533.667
730.505	582.444
730.848	614.000
731.190	688.111
731.532	758.333
731.874	786.889
732.217	827.778
732.559	830.889
732.901	818.111
733.243	792.222
733.585	731.000
733.927	665.444
734.269	563.889
734.610	481.111
734.952	450.889
735.294	430.889
735.636	464.444
735.977	532.333
736.319	570.222
736.660	618.667
737.002	670.333
737.343	716.333
737.685	766.778
738.026	764.889
738.368	734.222
738.709	671.111
739.050	583.889
739.391	540.667
739.732	515.778
740.073	516.667
740.415	545.889
740.756	541.111
741.096	550.667
741.437	572.889
741.778	603.556
742.119	658.111
742.460	689.889
742.801	689.111
743.141	658.111
743.482	586.889
743.823	539.000
744.163	508.667
744.504	479.222
744.844	452.333
745.184	400.889
745.525	362.333
745.865	360.556
746.205	370.000
746.545	389.889
746.886	427.667
747.226	449.444
747.566	477.556
747.906	521.667
748.246	550.000
748.586	566.778
748.926	565.556
749.266	574.333
749.605	618.222
749.945	652.556
750.285	711.667
750.624	792.556
750.964	815.444
751.304	839.000
751.643	858.556
751.983	856.778
752.322	835.667
752.661	778.000
753.001	708.222
753.340	649.667
753.679	568.889
754.018	511.333
754.358	480.333
754.697	460.333
755.036	482.111
755.375	543.556
755.714	592.667
756.053	635.778
756.392	669.667
756.730	670.778
757.069	675.778
757.408	684.222
757.747	697.556
758.085	725.667
758.424	733.222
758.762	738.111
759.101	766.444
759.439	768.778
759.778	761.222
760.116	748.556
760.454	719.111
760.793	694.111
761.131	652.778
761.469	600.556
761.807	567.222
762.145	527.667
762.483	474.444
762.821	449.222
763.159	445.111
763.497	450.778
763.835	465.111
764.173	485.778
764.510	497.000
764.848	491.556
765.186	478.222
765.523	476.667
765.861	478.889
766.198	489.444
766.536	498.111
766.873	509.444
767.211	519.667
767.548	512.000
767.885	508.556
768.223	499.222
768.560	492.000
768.897	494.667
769.234	500.667
769.571	501.667
769.908	508.889
770.245	525.333
770.582	554.444
770.919	568.889
771.256	593.444
771.593	628.889
771.929	661.667
772.266	699.222
772.603	723.000
772.939	714.333
773.276	677.444
773.612	639.444
773.949	620.889
774.285	614.333
774.622	631.889
774.958	652.556
775.294	675.222
775.630	705.556
775.966	709.556
776.303	697.111
776.639	700.222
776.975	709.222
777.311	708.222
777.647	725.778
777.983	743.222
778.318	731.222
778.654	736.333
778.990	757.667
779.326	791.222
779.661	862.444
779.997	949.444
780.333	1024.000
780.668	1096.778
781.004	1167.778
781.339	1218.778
781.674	1266.444
782.010	1295.667
782.345	1290.111
782.680	1238.333
783.016	1184.000
783.351	1120.667
783.686	1004.556
784.021	882.889
784.356	771.667
784.691	656.889
785.026	585.333
785.361	539.889
785.695	496.000
786.030	450.111
786.365	415.222
786.700	402.000
787.034	427.778
787.369	475.333
787.703	507.111
788.038	530.444
788.372	586.333
788.707	673.333
789.041	761.778
789.376	909.444
789.710	1085.667
790.044	1190.444
790.378	1258.556
790.712	1333.222
791.046	1381.333
791.380	1379.444
791.714	1367.000
792.048	1346.556
792.382	1245.111
792.716	1097.556
793.050	989.556
793.384	924.889
793.718	920.333
794.051	966.667
794.385	1003.333
794.718	999.778
795.052	970.556
795.385	946.778
795.719	929.222
796.052	919.778
796.386	903.889
796.719	829.111
797.052	727.889
797.385	664.667
797.719	642.889
798.052	658.333
798.385	720.000
798.718	810.444
799.051	882.333
799.384	931.000
799.716	975.667
800.049	1010.556
800.382	1017.111
800.715	995.444
801.048	957.111
801.380	888.556
801.713	792.889
802.045	717.000
802.378	674.111
802.710	658.333
803.043	659.556
803.375	673.222
803.707	684.667
804.040	706.778
804.372	747.889
804.704	808.111
805.036	876.889
805.368	933.556
805.700	959.000
806.032	965.333
806.364	984.000
806.696	1033.111
807.028	1085.556
807.360	1140.333
807.692	1177.111
808.023	1178.667
808.355	1165.889
808.687	1180.111
809.018	1226.222
809.350	1271.889
809.681	1303.111
810.013	1296.556
810.344	1249.444
810.676	1182.556
811.007	1152.778
811.338	1190.667
811.669	1221.333
812.001	1207.444
812.332	1179.333
812.663	1158.444
812.994	1177.778
813.325	1285.667
813.656	1525.222
813.987	1787.667
814.317	1918.000
814.648	2012.000
814.979	2152.333
815.310	2285.222
815.640	2374.889
815.971	2478.000
816.301	2553.889
816.632	2484.444
816.962	2316.333
817.293	2215.000
817.623	2155.667
817.954	2053.222
818.284	1933.000
818.614	1859.778
818.944	1748.000
819.274	1562.000
819.605	1387.667
819.935	1271.222
820.265	1159.222
820.595	1027.444
820.924	919.444
821.254	853.444
821.584	786.667
821.914	754.889
822.244	825.111
822.573	1018.667
822.903	1238.778
823.233	1438.444
823.562	1692.778
823.892	2063.889
824.221	2445.778
824.550	2757.333
824.880	3037.778
825.209	3261.889
825.538	3297.778
825.868	3213.111
826.197	3145.000
826.526	3061.889
826.855	2843.444
827.184	2543.222
827.513	2261.778
827.842	1989.000
828.171	1707.889
828.500	1509.778
828.828	1420.889
829.157	1391.333
829.486	1323.444
829.815	1222.111
830.143	1157.111
830.472	1130.556
830.800	1106.556
831.129	1067.000
831.457	1039.333
831.786	1056.889
832.114	1104.000
832.442	1189.333
832.770	1375.333
833.099	1744.778
833.427	2112.889
833.755	2476.778
834.083	2852.556
834.411	3084.667
834.739	3230.556
835.067	3267.000
835.395	3245.444
835.723	3222.000
836.050	3102.667
836.378	2918.111
836.706	2634.111
837.033	2301.667
837.361	2138.222
837.689	2035.889
838.016	1940.889
838.344	1844.556
838.671	1706.222
838.998	1506.444
839.326	1351.111
839.653	1271.333
839.980	1255.111
840.307	1225.000
840.634	1159.111
840.961	1105.667
841.289	1128.556
841.615	1258.222
841.942	1433.556
842.269	1553.000
842.596	1613.444
842.923	1643.889
843.250	1663.889
843.576	1672.667
843.903	1672.889
844.230	1647.889
844.556	1574.333
844.883	1471.333
845.209	1388.000
845.536	1346.111
845.862	1324.444
846.188	1304.000
846.515	1267.222
846.841	1224.444
847.167	1159.111
847.493	1084.111
847.819	1062.889
848.146	1111.333
848.472	1202.444
848.798	1380.333
849.123	1615.111
849.449	1826.556
849.775	1976.444
850.101	2140.444
850.427	2432.778
850.752	2700.778
851.078	2956.111
851.404	3210.222
851.729	3207.000
852.055	3059.111
852.380	2908.778
852.706	2795.444
853.031	2658.889
853.356	2378.556
853.682	2120.556
854.007	1890.444
854.332	1616.667
854.657	1493.444
854.982	1509.556
855.307	1606.444
855.632	1700.333
855.957	1720.444
856.282	1671.000
856.607	1575.889
856.932	1520.667
857.256	1537.111
857.581	1550.000
857.906	1547.556
858.230	1626.556
858.555	1813.111
858.880	2038.778
859.204	2230.333
859.529	2470.556
859.853	2755.889
860.177	3013.222
860.502	3288.778
860.826	3516.000
861.150	3557.111
861.474	3469.222
861.798	3401.000
862.122	3318.222
862.446	3093.333
862.770	2734.111
863.094	2394.778
863.418	2091.667
863.742	1783.667
864.066	1514.222
864.389	1311.667
864.713	1136.556
865.037	1033.667
865.360	985.000
865.684	944.222
866.008	901.222
866.331	882.778
866.654	950.222
866.978	1066.778
867.301	1135.889
867.624	1182.444
867.948	1271.111
868.271	1439.000
868.594	1633.889
868.917	1789.111
869.240	1860.111
869.563	1882.667
869.886	1980.222
870.209	2166.000
870.532	2313.667
870.855	2349.333
871.177	2288.556
871.500	2217.222
871.823	2144.667
872.145	2074.667
872.468	1959.778
872.791	1757.222
873.113	1555.444
873.435	1434.444
873.758	1384.556
874.080	1337.000
874.402	1250.444
874.725	1201.556
875.047	1230.556
875.369	1359.333
875.691	1534.778
876.013	1660.000
876.335	1778.222
876.657	1975.556
876.979	2280.778
877.301	2588.111
877.623	2778.556
877.945	2829.889
878.266	2772.778
878.588	2704.444
878.910	2743.556
879.231	2842.111
879.553	2873.333
879.875	2799.000
880.196	2757.111
880.517	2830.333
880.839	2951.333
881.160	3026.556
881.481	2992.222
881.803	2819.333
882.124	2583.556
882.445	2350.222
882.766	2141.556
883.087	1900.333
883.408	1619.667
883.729	1377.111
884.050	1219.333
884.371	1187.111
884.692	1274.556
885.012	1379.111
885.333	1492.111
885.654	1636.111
885.974	1871.667
886.295	2173.000
886.616	2429.222
886.936	2595.333
887.257	2640.111
887.577	2570.444
887.897	2475.111
888.218	2370.889
888.538	2262.444
888.858	2087.556
889.178	1847.333
889.498	1636.778
889.818	1487.556
890.139	1401.333
890.458	1341.667
890.778	1257.000
891.098	1170.111
891.418	1062.889
891.738	979.222
892.058	945.333
892.377	925.333
892.697	921.667
893.017	925.778
893.336	955.222
893.656	1035.889
893.975	1155.111
894.295	1327.111
894.614	1530.778
894.933	1714.778
895.253	1897.667
895.572	2044.222
895.891	2151.000
896.210	2248.778
896.529	2325.000
896.848	2347.111
897.167	2284.444
897.486	2157.111
897.805	2063.333
898.124	2007.444
898.443	1995.222
898.762	1999.444
899.081	1951.889
899.399	1851.000
899.718	1741.667
900.036	1660.111
900.355	1618.333
900.673	1561.778
900.992	1492.000
901.310	1422.000
901.629	1366.000
901.947	1370.889
902.265	1438.889
902.583	1559.667
902.902	1722.778
903.220	1894.333
903.538	2083.333
903.856	2287.111
904.174	2523.444
904.492	2793.667
904.810	3031.889
905.128	3198.111
905.445	3293.667
905.763	3341.889
906.081	3355.333
906.398	3334.000
906.716	3246.333
907.034	3114.000
907.351	2949.667
907.669	2769.889
907.986	2585.667
908.304	2400.333
908.621	2208.333
908.938	2001.444
909.255	1778.556
909.573	1588.889
909.890	1415.333
910.207	1290.889
910.524	1240.889
910.841	1293.222
911.158	1418.667
911.475	1570.889
911.792	1739.000
912.109	1892.556
912.425	1992.333
912.742	2035.889
913.059	2016.222
913.375	1963.000
913.692	1897.111
914.009	1812.889
914.325	1713.222
914.641	1587.444
914.958	1460.667
915.274	1369.778
915.591	1306.000
915.907	1253.667
916.223	1192.333
916.539	1103.222
916.855	1005.000
917.172	905.000
917.488	815.889
917.804	741.111
918.119	667.000
918.435	604.556
918.751	559.889
919.067	532.889
919.383	521.667
919.698	526.778
920.014	556.111
920.330	628.111
920.645	736.889
920.961	879.222
921.276	1028.444
921.592	1153.444
921.907	1268.000
922.223	1375.111
922.538	1460.889
922.853	1527.000
923.168	1564.444
923.483	1603.556
923.799	1667.556
924.114	1749.333
924.429	1831.000
924.744	1883.889
925.059	1875.111
925.373	1843.000
925.688	1811.778
926.003	1772.778
926.318	1707.889
926.632	1572.333
926.947	1401.889
927.262	1251.111
927.576	1128.556
927.891	1067.222
928.205	1049.111
928.520	1045.444
928.834	1103.556
929.148	1230.333
929.463	1461.333
929.777	1762.556
930.091	2057.667
930.405	2300.444
930.719	2477.778
931.033	2606.111
931.347	2730.556
931.661	2834.556
931.975	2888.889
932.289	2888.778
932.603	2848.222
932.917	2778.889
933.230	2717.556
933.544	2648.667
933.858	2551.222
934.171	2408.111
934.485	2204.333
934.798	1972.000
935.112	1708.889
935.425	1418.889
935.738	1164.222
936.052	958.667
936.365	813.556
936.678	734.889
936.991	694.333
937.305	681.333
937.618	697.333
937.931	733.333
938.244	803.000
938.556	907.778
938.869	1026.556
939.182	1149.556
939.495	1248.778
939.808	1308.667
940.120	1349.111
940.433	1368.222
940.746	1373.000
941.058	1367.556
941.371	1335.222
941.683	1286.333
941.996	1249.111
942.308	1216.889
942.620	1214.556
942.933	1237.778
943.245	1237.556
943.557	1219.222
943.869	1187.889
944.181	1133.111
944.493	1084.778
944.805	1040.333
945.117	1001.000
945.429	994.556
945.741	992.556
946.053	995.778
946.365	1017.889
946.676	1030.667
946.988	1035.889
947.300	1044.556
947.611	1037.333
947.923	1045.778
948.234	1069.333
948.546	1106.222
948.857	1196.667
949.169	1331.667
949.480	1474.889
949.791	1637.556
950.102	1775.889
950.413	1876.000
950.725	1942.444
951.036	1954.778
951.347	1930.444
951.658	1879.111
951.969	1785.333
952.280	1682.333
952.590	1583.222
952.901	1482.111
953.212	1392.333
953.523	1326.778
953.833	1270.889
954.144	1227.667
954.454	1176.889
954.765	1114.000
955.075	1056.444
955.386	1005.778
955.696	976.333
956.007	984.111
956.317	1033.000
956.627	1108.778
956.937	1209.444
957.247	1320.778
957.558	1423.778
957.868	1521.111
958.178	1598.444
958.488	1639.444
958.797	1653.444
959.107	1605.222
959.417	1513.000
959.727	1401.222
960.037	1275.778
960.346	1165.667
960.656	1084.556
960.966	1019.333
961.275	978.889
961.585	982.333
961.894	1000.667
962.203	1028.444
962.513	1061.667
962.822	1078.556
963.131	1080.556
963.441	1069.889
963.750	1044.556
964.059	1020.444
964.368	990.667
964.677	966.667
964.986	970.111
965.295	988.333
965.604	1041.556
965.913	1089.333
966.221	1134.667
966.530	1170.778
966.839	1212.000
967.148	1234.889
967.456	1233.333
967.765	1206.000
968.073	1153.222
968.382	1068.111
968.690	999.222
968.999	927.667
969.307	859.889
969.615	790.444
969.924	718.111
970.232	667.889
970.540	637.778
970.848	617.556
971.156	611.333
971.464	606.889
971.772	590.667
972.080	580.333
972.388	563.667
972.696	540.111
973.003	518.889
973.311	491.000
973.619	462.111
973.926	441.667
974.234	429.778
974.542	430.000
974.849	444.778
975.157	476.667
975.464	519.000
975.771	578.000
976.079	653.111
976.386	733.556
976.693	822.556
977.000	918.556
977.307	1007.111
977.615	1091.444
977.922	1161.778
978.229	1209.444
978.536	1227.222
978.842	1228.444
979.149	1202.333
979.456	1153.778
979.763	1103.111
980.070	1040.444
980.376	976.333
980.683	925.667
980.989	883.889
981.296	856.222
981.602	846.667
981.909	848.111
982.215	863.111
982.522	884.333
982.828	912.111
983.134	942.444
983.440	974.111
983.746	1003.111
984.053	1040.333
984.359	1070.889
984.665	1097.556
984.971	1118.222
985.277	1127.667
985.582	1133.111
985.888	1131.333
986.194	1125.667
986.500	1125.000
986.805	1107.889
987.111	1074.444
987.417	1032.333
987.722	978.667
988.028	915.556
988.333	854.444
988.639	787.000
988.944	709.000
989.249	628.556
989.555	555.333
989.860	487.333
990.165	435.000
990.470	395.333
990.775	360.222
991.080	338.444
991.385	329.556
991.690	327.333
991.995	337.000
992.300	347.556
992.605	364.444
992.910	387.222
993.214	403.222
993.519	421.444
993.824	443.333
994.128	460.000
994.433	485.556
994.737	518.000
995.042	549.000
995.346	589.000
995.650	640.000
995.955	694.000
996.259	753.111
996.563	820.111
996.867	878.667
997.171	934.111
997.476	990.222
997.780	1023.889
998.083	1051.000
998.387	1095.333
998.691	1114.778
998.995	1128.667
999.299	1159.333
999.603	1186.778
999.906	1200.222
1000.210	1228.222
1000.514	1262.000
1000.817	1276.111
1001.121	1293.667
1001.424	1329.000
1001.728	1344.333
1002.031	1336.222
1002.334	1318.889
1002.638	1289.889
1002.941	1257.889
1003.244	1240.222
1003.547	1216.444
1003.850	1169.222
1004.153	1124.222
1004.456	1078.333
1004.759	1027.000
1005.062	999.111
1005.365	973.000
1005.668	927.333
1005.971	890.556
1006.273	855.667
1006.576	804.111
1006.879	760.000
1007.181	721.333
1007.484	678.333
1007.786	638.222
1008.089	602.889
1008.391	557.111
1008.693	505.667
1008.996	469.111
1009.298	436.444
1009.600	407.000
1009.902	394.222
1010.204	383.111
1010.507	370.222
1010.809	363.778
1011.111	361.111
1011.412	357.111
1011.714	356.444
1012.016	358.444
1012.318	362.111
1012.620	371.000
1012.921	377.667
1013.223	378.333
1013.525	390.667
1013.826	406.444
1014.128	421.000
1014.429	442.000
1014.731	460.667
1015.032	468.000
1015.333	478.111
1015.635	493.556
1015.936	501.556
1016.237	510.444
1016.538	526.444
1016.839	540.556
1017.140	557.333
1017.441	587.333
1017.742	611.222
1018.043	625.778
1018.344	647.111
1018.645	668.222
1018.946	675.556
1019.246	688.000
1019.547	706.778
1019.848	699.222
1020.148	692.556
1020.449	700.889
1020.749	692.444
1021.050	679.000
1021.350	678.111
1021.651	671.222
1021.951	652.778
1022.251	635.222
1022.551	626.778
1022.852	601.778
1023.152	575.556
1023.452	559.444
1023.752	532.889
1024.052	505.556
1024.352	484.556
1024.652	456.556
1024.952	426.444
1025.251	399.667
1025.551	371.667
1025.851	342.556
1026.150	316.556
1026.450	294.000
1026.750	272.444
1027.049	255.000
1027.349	244.556
1027.648	234.222
1027.947	225.778
1028.247	223.556
1028.546	221.222
1028.845	225.111
1029.144	233.778
1029.444	243.222
1029.743	255.333
1030.042	272.000
1030.341	285.111
1030.640	299.111
1030.939	318.111
1031.238	333.556
1031.536	343.000
1031.835	357.667
1032.134	372.000
1032.433	376.556
1032.731	383.000
1033.030	393.556
1033.328	394.111
1033.627	392.111
1033.925	403.333
1034.224	409.333
1034.522	416.333
1034.820	422.000
1035.119	430.667
1035.417	428.667
1035.715	435.000
1036.013	449.000
1036.311	451.667
1036.609	453.889
1036.907	466.000
1037.205	463.111
1037.503	457.444
1037.801	465.556
1038.099	468.333
1038.397	454.667
1038.694	448.667
1038.992	450.667
1039.290	434.000
1039.587	412.889
1039.885	403.444
1040.182	389.667
1040.479	362.000
1040.777	349.222
1041.074	342.889
1041.372	324.778
1041.669	304.556
1041.966	294.444
1042.263	280.889
1042.560	265.333
1042.857	255.889
1043.154	246.000
1043.451	230.889
1043.748	218.444
1044.045	208.889
1044.342	201.222
1044.639	194.333
1044.935	190.222
1045.232	182.444
1045.529	175.667
1045.825	173.667
1046.122	168.778
1046.418	163.667
1046.715	164.000
1047.011	166.111
1047.308	168.444
1047.604	177.556
1047.900	194.556
1048.197	211.000
1048.493	223.111
1048.789	248.222
1049.085	272.556
1049.381	294.778
1049.677	325.000
1049.973	364.778
1050.269	395.889
1050.565	423.000
1050.860	471.000
1051.156	512.444
1051.452	531.556
1051.748	560.667
1052.043	599.667
1052.339	617.222
1052.634	633.000
1052.930	655.333
1053.225	667.000
1053.521	653.111
1053.816	656.889
1054.111	671.778
1054.407	663.333
1054.702	654.333
1054.997	665.111
1055.292	650.889
1055.587	630.222
1055.882	631.556
1056.177	627.000
1056.472	600.778
1056.767	582.000
1057.062	574.778
1057.357	552.667
1057.651	518.889
1057.946	506.000
1058.241	487.333
1058.535	446.000
1058.830	418.556
1059.124	402.000
1059.419	373.667
1059.713	345.333
1060.008	320.333
1060.302	292.889
1060.596	258.667
1060.890	232.889
1061.185	214.667
1061.479	191.889
1061.773	170.889
1062.067	156.556
1062.361	142.556
1062.655	128.333
1062.949	121.444
1063.243	118.000
1063.536	114.333
1063.830	112.222
1064.124	114.889
1064.418	116.556
1064.711	116.000
1065.005	120.000
1065.298	126.444
1065.592	130.222
1065.885	134.778
1066.179	143.333
1066.472	150.111
1066.765	152.778
1067.058	160.556
1067.352	169.778
1067.645	172.778
1067.938	177.444
1068.231	188.889
1068.524	196.778
1068.817	196.333
1069.110	206.333
1069.403	218.222
1069.696	220.111
1069.989	224.111
1070.281	237.889
1070.574	244.667
1070.867	243.444
1071.159	246.889
1071.452	255.889
1071.744	253.444
1072.037	249.111
1072.329	254.556
1072.622	257.000
1072.914	248.556
1073.206	245.333
1073.498	247.556
1073.791	244.889
1074.083	238.000
1074.375	238.556
1074.667	236.222
1074.959	225.556
1075.251	218.444
1075.543	214.889
1075.835	207.778
1076.126	196.333
1076.418	187.667
1076.710	180.778
1077.002	168.000
1077.293	158.111
1077.585	152.889
1077.876	143.556
1078.168	133.556
1078.459	126.778
1078.751	120.444
1079.042	112.667
1079.333	105.778
1079.625	100.556
1079.916	95.556
1080.207	91.000
1080.498	88.000
1080.789	85.556
1081.080	82.556
1081.371	82.000
1081.662	82.000
1081.953	82.222
1082.244	82.333
1082.535	84.000
1082.826	84.889
1083.116	85.444
1083.407	87.222
1083.698	89.667
1083.988	91.000
1084.279	92.333
1084.569	94.222
1084.859	95.889
1085.150	96.556
1085.440	98.000
1085.730	101.000
1086.021	102.778
1086.311	103.222
1086.601	104.778
1086.891	106.222
1087.181	105.889
1087.471	105.556
1087.761	106.000
1088.051	106.111
1088.341	103.333
1088.631	102.667
1088.921	102.778
1089.210	100.444
1089.500	98.333
1089.790	97.000
1090.079	95.333
1090.369	93.333
1090.658	91.444
1090.948	91.778
1091.237	89.667
1091.526	87.333
1091.816	87.778
1092.105	87.778
1092.394	88.667
1092.683	89.000
1092.973	90.333
1093.262	91.111
1093.551	89.889
1093.840	90.778
1094.129	92.444
1094.417	93.444
1094.706	94.889
1094.995	95.778
1095.284	96.333
1095.573	96.556
1095.861	95.111
1096.150	95.556
1096.438	96.444
1096.727	95.333
1097.016	92.222
1097.304	90.333
1097.592	88.444
1097.881	86.667
1098.169	84.444
1098.457	83.667
1098.745	81.889
1099.034	78.444
1099.322	77.444
