520.430	0.000
520.800	0.000
521.169	57.000
521.539	56.000
521.909	56.000
522.278	68.000
522.648	57.000
523.017	61.000
523.387	67.000
523.756	61.000
524.125	55.000
524.494	75.000
524.864	57.000
525.233	62.000
525.602	65.000
525.971	65.000
526.340	62.000
526.709	56.000
527.078	57.000
527.447	67.000
527.816	106.444
528.185	293.889
528.553	508.667
528.922	732.333
529.291	955.444
529.659	1200.333
530.028	1436.333
530.396	1672.556
530.765	1904.667
531.133	2078.556
531.502	2095.222
531.870	2040.556
532.238	1951.889
532.606	1854.222
532.975	1712.889
533.343	1560.333
533.711	1398.333
534.079	1233.778
534.447	1078.667
534.815	934.444
535.183	838.111
535.551	765.000
535.919	711.778
536.286	700.222
536.654	738.778
537.022	820.556
537.389	940.778
537.757	1117.889
538.125	1344.889
538.492	1579.000
538.859	1846.444
539.227	2149.889
539.594	2447.000
539.961	2708.000
540.329	2946.667
540.696	3123.889
541.063	3194.111
541.430	3214.333
541.797	3169.000
542.164	3025.556
542.531	2787.444
542.898	2496.333
543.265	2184.778
543.632	1841.667
543.999	1521.556
544.366	1258.889
544.732	1001.556
545.099	814.333
545.466	718.556
545.832	700.778
546.199	736.889
546.565	827.667
546.932	972.667
547.298	1133.111
547.664	1316.222
548.031	1535.778
548.397	1732.667
548.763	1949.222
549.129	2148.556
549.495	2342.667
549.861	2482.556
550.227	2605.222
550.593	2624.000
550.959	2581.111
551.325	2478.000
551.691	2348.000
552.057	2130.889
552.422	1882.444
552.788	1605.556
553.154	1363.889
553.519	1120.000
553.885	992.111
554.250	918.556
554.616	893.444
554.981	943.556
555.347	1064.556
555.712	1209.333
556.077	1403.889
556.443	1579.444
556.808	1737.889
557.173	1842.889
557.538	1915.556
557.903	1910.556
558.268	1858.667
558.633	1783.000
558.998	1695.222
559.363	1579.333
559.727	1467.111
560.092	1348.889
560.457	1245.778
560.822	1156.778
561.186	1106.111
561.551	1059.556
561.915	1013.333
562.280	964.000
562.644	917.444
563.009	889.889
563.373	881.778
563.737	916.111
564.102	993.778
564.466	1079.333
564.830	1195.000
565.194	1347.222
565.558	1512.556
565.922	1674.667
566.286	1863.333
566.650	2002.889
567.014	2104.222
567.378	2168.333
567.741	2184.111
568.105	2163.111
568.469	2078.333
568.833	1949.333
569.196	1810.778
569.560	1610.778
569.923	1430.111
570.287	1253.000
570.650	1060.556
571.013	921.222
571.377	802.778
571.740	727.556
572.103	700.333
572.466	712.889
572.830	783.444
573.193	888.556
573.556	1061.778
573.919	1277.889
574.282	1508.333
574.645	1782.444
575.007	2045.222
575.370	2307.444
575.733	2570.111
576.096	2739.000
576.458	2866.556
576.821	2928.667
577.184	2892.667
577.546	2845.778
577.909	2708.889
578.271	2513.444
578.633	2308.556
578.996	2058.444
579.358	1865.111
579.720	1721.889
580.083	1574.111
580.445	1480.444
580.807	1416.667
581.169	1378.000
581.531	1408.667
581.893	1451.111
582.255	1477.222
582.617	1523.667
582.979	1547.222
583.340	1587.778
583.702	1645.333
584.064	1655.000
584.425	1663.444
584.787	1682.556
585.149	1682.556
585.510	1725.111
585.872	1765.333
586.233	1780.667
586.594	1851.556
586.956	1875.889
587.317	1883.222
587.678	1855.444
588.039	1748.222
588.401	1631.444
588.762	1492.556
589.123	1325.889
589.484	1184.889
589.845	973.111
590.206	803.889
590.566	675.778
590.927	599.333
591.288	590.444
591.649	615.444
592.009	658.222
592.370	755.667
592.731	832.111
593.091	949.778
593.452	1071.667
593.812	1171.444
594.172	1266.111
594.533	1306.000
594.893	1331.889
595.253	1349.000
595.614	1311.444
595.974	1282.333
596.334	1218.889
596.694	1116.667
597.054	1027.667
597.414	916.000
597.774	842.444
598.134	763.778
598.494	687.222
598.853	635.333
599.213	586.778
599.573	547.667
599.932	553.889
600.292	559.778
600.652	613.667
601.011	655.111
601.371	716.556
601.730	799.111
602.089	856.889
602.449	940.222
602.808	995.222
603.167	1040.667
603.526	1088.889
603.886	1084.778
604.245	1105.000
604.604	1095.667
604.963	1056.667
605.322	1023.111
605.681	987.667
606.040	988.222
606.398	961.000
606.757	939.444
607.116	949.333
607.475	928.889
607.833	933.444
608.192	923.333
608.550	929.444
608.909	914.667
609.267	880.333
609.626	874.444
609.984	846.444
610.342	842.111
610.701	878.333
611.059	923.889
611.417	1032.778
611.775	1108.556
612.133	1220.778
612.491	1280.111
612.849	1364.556
613.207	1441.333
613.565	1483.556
613.923	1504.111
614.281	1463.111
614.638	1373.444
614.996	1290.667
615.354	1175.889
615.711	1111.667
616.069	1014.111
616.427	942.111
616.784	883.111
617.141	846.333
617.499	840.111
617.856	863.111
618.213	900.222
618.571	930.222
618.928	998.222
619.285	1044.556
619.642	1126.333
619.999	1181.000
620.356	1239.667
620.713	1330.556
621.070	1406.333
621.427	1544.667
621.784	1646.333
622.141	1761.444
622.497	1831.333
622.854	1870.000
623.211	1897.111
623.567	1867.556
623.924	1811.667
624.280	1725.333
624.637	1589.111
624.993	1465.333
625.349	1303.222
625.706	1189.889
626.062	1079.444
626.418	988.556
626.774	920.222
627.131	881.667
627.487	866.333
627.843	872.333
628.199	884.111
628.555	926.111
628.911	966.111
629.266	1009.111
629.622	1050.778
629.978	1105.556
630.334	1147.222
630.689	1174.333
631.045	1189.111
631.401	1223.111
631.756	1252.667
632.112	1276.889
632.467	1310.111
632.822	1316.333
633.178	1311.000
633.533	1273.889
633.888	1225.111
634.243	1150.556
634.599	1066.889
634.954	941.667
635.309	832.222
635.664	702.444
636.019	607.556
636.374	517.111
636.729	446.556
637.083	406.778
637.438	376.778
637.793	361.444
638.148	373.556
638.502	391.222
638.857	409.222
639.211	419.778
639.566	423.222
639.920	420.667
640.275	422.222
640.629	432.333
640.983	458.889
641.338	467.111
641.692	499.000
642.046	521.444
642.400	566.556
642.754	627.111
643.108	681.667
643.462	739.111
643.816	779.111
644.170	814.222
644.524	845.333
644.878	870.222
645.232	888.111
645.585	925.111
645.939	944.778
646.293	992.667
646.646	1006.556
647.000	1043.000
647.353	1044.222
647.707	1060.778
648.060	1042.667
648.413	1040.889
648.767	1006.222
649.120	968.667
649.473	897.667
649.826	837.778
650.179	768.333
650.533	706.222
650.885	631.111
651.239	579.667
651.591	533.222
651.944	497.000
652.297	491.778
652.650	508.333
653.003	566.889
653.355	631.333
653.708	763.111
654.061	875.111
654.413	1015.778
654.766	1107.889
655.118	1213.111
655.471	1284.667
655.823	1381.444
656.175	1409.000
656.528	1418.778
656.880	1336.222
657.232	1270.222
657.584	1143.667
657.936	1043.778
658.288	915.444
658.640	804.444
658.992	668.333
659.344	587.778
659.696	500.889
660.048	455.889
660.400	416.889
660.751	435.778
661.103	465.778
661.455	521.000
661.806	563.889
662.158	619.444
662.509	657.667
662.861	742.111
663.212	829.000
663.563	957.111
663.915	1029.778
664.266	1129.556
664.617	1190.667
664.968	1282.222
665.319	1333.556
665.670	1393.000
666.021	1401.000
666.372	1416.333
666.723	1378.000
667.074	1391.222
667.425	1336.556
667.776	1282.333
668.127	1167.000
668.477	1061.111
668.828	936.889
669.179	834.222
669.529	716.000
669.880	607.889
670.230	473.556
670.581	386.444
670.931	319.667
671.281	292.889
671.632	280.667
671.982	283.333
672.332	294.778
672.682	334.889
673.032	393.000
673.382	467.000
673.732	553.556
674.082	620.556
674.432	692.000
674.782	732.889
675.132	791.111
675.482	825.333
675.831	861.667
676.181	864.111
676.531	850.889
676.880	796.778
677.230	752.667
677.579	696.889
677.929	668.889
678.278	612.889
678.628	575.000
678.977	523.111
679.326	509.000
679.675	528.556
680.024	557.667
680.374	607.111
680.723	640.889
681.072	695.778
681.421	740.556
681.770	807.778
682.119	844.556
682.467	863.444
682.816	847.778
683.165	845.889
683.514	833.111
683.862	834.222
684.211	818.889
684.559	802.333
684.908	768.000
685.256	744.778
685.605	752.000
685.953	753.667
686.302	772.222
686.650	771.667
686.998	783.222
687.346	783.444
687.694	768.333
688.043	728.444
688.391	688.778
688.739	619.111
689.087	551.778
689.435	470.444
689.782	414.556
690.130	373.889
690.478	342.333
690.826	357.222
691.173	374.444
691.521	383.222
691.869	384.556
692.216	390.889
692.564	398.111
692.911	404.111
693.259	402.444
693.606	390.778
693.953	369.000
694.300	351.556
694.648	350.111
694.995	355.889
695.342	368.778
695.689	383.333
696.036	383.000
696.383	376.000
696.730	379.778
697.077	402.111
697.424	433.222
697.771	475.556
698.117	532.444
698.464	602.000
698.811	738.222
699.157	887.889
699.504	1105.667
699.850	1288.000
700.197	1445.444
700.543	1619.778
700.890	1720.667
701.236	1803.222
701.582	1797.222
701.929	1725.556
702.275	1630.889
702.621	1452.222
702.967	1296.778
703.313	1114.111
703.659	906.556
704.005	759.111
704.351	620.556
704.697	552.444
705.043	497.000
705.388	470.778
705.734	464.333
706.080	479.889
706.426	504.556
706.771	540.111
707.117	563.333
707.462	577.111
707.808	602.111
708.153	605.778
708.498	607.889
708.844	608.556
709.189	623.778
709.534	656.000
709.879	696.778
710.225	767.556
710.570	817.444
710.915	901.667
711.260	943.111
711.605	977.000
711.950	981.889
712.294	944.778
712.639	908.111
712.984	851.000
713.329	779.778
713.673	718.000
714.018	606.222
714.363	537.667
714.707	470.667
715.052	439.111
715.396	428.000
715.740	435.889
716.085	454.000
716.429	460.889
716.773	496.000
717.117	530.000
717.462	600.889
717.806	655.889
718.150	699.111
718.494	749.667
718.838	778.333
719.182	825.778
719.526	871.556
719.869	897.111
720.213	943.111
720.557	929.556
720.901	945.444
721.244	938.667
721.588	909.556
721.932	888.111
722.275	814.000
722.618	751.000
722.962	680.667
723.305	601.889
723.649	553.444
723.992	489.889
724.335	449.111
724.678	413.333
725.021	372.889
725.365	370.556
725.708	372.111
726.051	416.778
726.393	458.111
726.736	507.000
727.079	590.222
727.422	626.333
727.765	677.667
728.108	706.000
728.450	703.444
728.793	695.667
729.135	650.111
729.478	618.778
729.820	579.778
730.163	507.222
730.505	487.667
730.848	444.111
731.190	419.000
731.532	410.111
731.874	394.000
732.217	385.889
732.559	358.778
732.901	323.889
733.243	288.444
733.585	243.111
733.927	217.000
734.269	200.667
734.610	195.111
734.952	210.444
735.294	229.333
735.636	268.000
735.977	321.778
736.319	363.667
736.660	409.667
737.002	446.000
737.343	463.778
737.685	474.556
738.026	462.222
738.368	443.000
738.709	407.444
739.050	360.889
739.391	335.778
739.732	308.667
740.073	289.444
740.415	288.778
740.756	286.222
741.096	290.667
741.437	295.556
741.778	299.333
742.119	312.111
742.460	315.222
742.801	323.000
743.141	342.222
743.482	349.667
743.823	355.667
744.163	360.667
744.504	363.667
744.844	372.889
745.184	375.444
745.525	398.111
745.865	443.333
746.205	450.889
746.545	481.667
746.886	532.111
747.226	546.889
747.566	553.556
747.906	550.556
748.246	533.778
748.586	500.111
748.926	439.556
749.266	402.222
749.605	345.222
749.945	272.000
750.285	237.778
750.624	218.778
750.964	205.000
751.304	205.667
751.643	208.222
751.983	209.222
752.322	214.556
752.661	225.667
753.001	231.444
753.340	242.667
753.679	253.333
754.018	260.333
754.358	272.333
754.697	279.000
755.036	284.111
755.375	292.111
755.714	293.667
756.053	302.444
756.392	317.556
756.730	323.778
757.069	333.889
757.408	334.111
757.747	324.556
758.085	320.333
758.424	311.222
758.762	297.222
759.101	288.111
759.439	272.667
759.778	258.667
760.116	248.444
760.454	242.111
760.793	248.000
761.131	261.444
761.469	270.111
761.807	282.222
762.145	299.111
762.483	307.444
762.821	314.222
763.159	322.222
763.497	326.111
763.835	323.778
764.173	321.222
764.510	324.111
764.848	333.111
765.186	355.778
765.523	381.111
765.861	405.556
766.198	437.556
766.536	456.556
766.873	463.222
767.211	466.000
767.548	460.000
767.885	453.111
768.223	430.000
768.560	403.111
768.897	377.889
769.234	348.444
769.571	334.222
769.908	335.556
770.245	341.778
770.582	353.111
770.919	359.333
771.256	366.222
771.593	373.556
771.929	372.556
772.266	358.667
772.603	342.333
772.939	324.889
773.276	298.889
773.612	273.667
773.949	255.222
774.285	232.111
774.622	220.000
774.958	230.000
775.294	264.444
775.630	298.556
775.966	327.222
776.303	366.556
776.639	405.556
776.975	426.778
777.311	442.111
777.647	455.778
777.983	463.778
778.318	458.556
778.654	458.556
778.990	456.222
779.326	441.333
779.661	431.444
779.997	428.667
780.333	429.444
780.668	436.333
781.004	435.222
781.339	418.889
781.674	400.333
782.010	386.000
782.345	375.000
782.680	360.222
783.016	352.556
783.351	339.667
783.686	321.667
784.021	316.000
784.356	322.222
784.691	356.556
785.026	426.333
785.361	483.000
785.695	526.333
786.030	582.333
786.365	628.667
786.700	659.222
787.034	694.000
787.369	724.000
787.703	713.444
788.038	679.778
788.372	655.222
788.707	632.889
789.041	608.444
789.376	610.778
789.710	612.333
790.044	596.667
790.378	586.111
790.712	577.444
791.046	552.556
791.380	525.000
791.714	513.222
792.048	495.889
792.382	465.333
792.716	451.667
793.050	461.889
793.384	477.111
793.718	512.889
794.051	598.333
794.385	695.444
794.718	762.889
795.052	843.889
795.385	963.556
795.719	1071.444
796.052	1168.667
796.386	1285.111
796.719	1369.556
797.052	1367.222
797.385	1330.222
797.719	1311.667
798.052	1272.000
798.385	1200.556
798.718	1136.333
799.051	1053.889
799.384	925.667
799.716	802.111
800.049	720.667
800.382	662.222
800.715	613.333
801.048	570.444
801.380	523.000
801.713	473.556
802.045	441.778
802.378	432.222
802.710	458.556
803.043	507.778
803.375	557.444
803.707	603.778
804.040	668.333
804.372	750.222
804.704	852.778
805.036	966.778
805.368	1080.333
805.700	1184.667
806.032	1263.222
806.364	1305.556
806.696	1322.222
807.028	1314.889
807.360	1288.111
807.692	1235.778
808.023	1154.556
808.355	1059.111
808.687	947.444
809.018	858.000
809.350	808.333
809.681	802.556
810.013	830.889
810.344	865.222
810.676	880.333
811.007	903.889
811.338	944.000
811.669	970.889
812.001	960.778
812.332	945.889
812.663	917.000
812.994	857.000
813.325	811.889
813.656	821.778
813.987	853.556
814.317	875.111
814.648	931.889
814.979	1017.889
815.310	1095.000
815.640	1148.556
815.971	1204.333
816.301	1234.778
816.632	1207.778
816.962	1138.556
817.293	1064.111
817.623	963.778
817.954	858.889
818.284	781.556
818.614	754.778
818.944	747.778
819.274	738.222
819.605	780.000
819.935	920.889
820.265	1105.111
820.595	1284.556
820.924	1454.778
821.254	1620.111
821.584	1713.333
821.914	1738.889
822.244	1776.889
822.573	1833.778
822.903	1817.778
823.233	1737.556
823.562	1680.000
823.892	1681.000
824.221	1674.000
824.550	1661.667
824.880	1701.000
825.209	1752.444
825.538	1720.444
825.868	1631.444
826.197	1541.333
826.526	1428.889
826.855	1256.222
827.184	1073.778
827.513	941.222
827.842	819.556
828.171	692.222
828.500	606.333
828.828	602.444
829.157	708.556
829.486	849.444
829.815	967.556
830.143	1090.222
830.472	1261.556
830.800	1431.444
831.129	1544.889
831.457	1644.889
831.786	1778.667
832.114	1874.556
832.442	1898.889
832.770	1908.556
833.099	1959.111
833.427	1982.000
833.755	1942.111
834.083	1891.667
834.411	1858.111
834.739	1771.778
835.067	1610.889
835.395	1469.000
835.723	1364.778
836.050	1229.000
836.378	1055.444
836.706	917.778
837.033	828.778
837.361	739.778
837.689	645.111
838.016	580.444
838.344	559.667
838.671	585.111
838.998	646.889
839.326	716.444
839.653	797.556
839.980	979.889
840.307	1285.222
840.634	1590.667
840.961	1820.889
841.289	2053.222
841.615	2341.222
841.942	2586.111
842.269	2733.889
842.596	2805.556
842.923	2810.889
843.250	2712.889
843.576	2547.444
843.903	2390.778
844.230	2187.444
844.556	1903.667
844.883	1639.667
845.209	1468.778
845.536	1375.889
845.862	1302.333
846.188	1228.333
846.515	1176.667
846.841	1149.667
847.167	1139.222
847.493	1139.778
847.819	1148.000
848.146	1153.778
848.472	1151.000
848.798	1156.444
849.123	1216.111
849.449	1322.667
849.775	1419.222
850.101	1533.000
850.427	1720.000
850.752	1942.222
851.078	2115.000
851.404	2204.333
851.729	2234.667
852.055	2215.667
852.380	2187.556
852.706	2150.444
853.031	2067.556
853.356	1885.222
853.682	1650.889
854.007	1476.556
854.332	1370.778
854.657	1267.444
854.982	1170.667
855.307	1102.000
855.632	1083.556
855.957	1067.444
856.282	1040.889
856.607	1011.111
856.932	1001.333
857.256	1015.444
857.581	1017.444
857.906	1022.111
858.230	1092.556
858.555	1234.333
858.880	1378.000
859.204	1467.111
859.529	1536.222
859.853	1595.667
860.177	1634.444
860.502	1646.333
860.826	1589.556
861.150	1441.444
861.474	1244.444
861.798	1103.556
862.122	1022.889
862.446	937.889
862.770	851.111
863.094	812.000
863.418	840.222
863.742	886.444
864.066	901.556
864.389	912.556
864.713	924.778
865.037	962.778
865.360	1009.444
865.684	1025.333
866.008	1025.778
866.331	1066.889
866.654	1218.222
866.978	1438.667
867.301	1613.778
867.624	1783.111
867.948	2039.000
868.271	2371.222
868.594	2726.222
868.917	2941.111
869.240	2975.889
869.563	2882.222
869.886	2757.889
870.209	2665.222
870.532	2526.000
870.855	2251.000
871.177	1903.444
871.500	1590.000
871.823	1428.000
872.145	1365.778
872.468	1300.222
872.791	1213.556
873.113	1159.222
873.435	1162.111
873.758	1191.444
874.080	1200.556
874.402	1154.111
874.725	1104.000
875.047	1097.444
875.369	1155.444
875.691	1235.556
876.013	1284.889
876.335	1337.111
876.657	1477.556
876.979	1762.444
877.301	2094.667
877.623	2344.667
877.945	2495.333
878.266	2602.111
878.588	2737.111
878.910	2886.889
879.231	2942.000
879.553	2833.000
879.875	2546.111
880.196	2212.444
880.517	1951.000
880.839	1757.000
881.160	1569.222
881.481	1327.778
881.803	1065.667
882.124	874.111
882.445	759.778
882.766	709.556
883.087	676.667
883.408	633.556
883.729	607.111
884.050	617.333
884.371	674.889
884.692	755.222
885.012	810.889
885.333	860.889
885.654	908.444
885.974	981.444
886.295	1086.889
886.616	1198.444
886.936	1291.778
887.257	1346.556
887.577	1374.111
887.897	1418.222
888.218	1466.667
888.538	1506.333
888.858	1495.667
889.178	1427.444
889.498	1336.222
889.818	1264.222
890.139	1245.556
890.458	1248.556
890.778	1227.000
891.098	1186.333
891.418	1132.111
891.738	1106.333
892.058	1118.222
892.377	1151.222
892.697	1179.222
893.017	1177.778
893.336	1187.111
893.656	1266.778
893.975	1450.333
894.295	1712.556
894.614	1976.222
894.933	2166.778
895.253	2291.000
895.572	2383.333
895.891	2490.556
896.210	2606.667
896.529	2664.333
896.848	2609.444
897.167	2471.778
897.486	2309.667
897.805	2196.333
898.124	2116.111
898.443	2033.667
898.762	1913.667
899.081	1757.111
899.399	1605.778
899.718	1477.111
900.036	1368.000
900.355	1283.111
900.673	1199.556
900.992	1118.444
901.310	1035.889
901.629	974.667
901.947	953.889
902.265	977.667
902.583	1056.556
902.902	1174.333
903.220	1301.778
903.538	1442.000
903.856	1588.333
904.174	1743.111
904.492	1880.667
904.810	1986.778
905.128	2054.444
905.445	2045.778
905.763	1958.556
906.081	1836.556
906.398	1713.444
906.716	1565.333
907.034	1406.889
907.351	1245.222
907.669	1085.556
907.986	926.667
908.304	798.778
908.621	723.333
908.938	669.889
909.255	615.111
909.573	596.444
909.890	588.333
910.207	594.000
910.524	604.444
910.841	636.667
911.158	691.556
911.475	768.111
911.792	876.222
912.109	998.778
912.425	1124.222
912.742	1271.889
913.059	1424.000
913.375	1570.778
913.692	1688.000
914.009	1741.778
914.325	1746.889
914.641	1706.333
914.958	1635.333
915.274	1558.000
915.591	1453.111
915.907	1347.000
916.223	1263.444
916.539	1189.333
916.855	1153.667
917.172	1123.667
917.488	1082.333
917.804	1061.444
918.119	1041.333
918.435	1043.889
918.751	1047.000
919.067	1024.556
919.383	1004.000
919.698	984.556
920.014	968.444
920.330	981.444
920.645	1010.889
920.961	1089.333
921.276	1232.556
921.592	1409.556
921.907	1599.222
922.223	1769.778
922.538	1912.778
922.853	2066.000
923.168	2222.889
923.483	2380.111
923.799	2495.222
924.114	2519.000
924.429	2459.556
924.744	2350.222
925.059	2220.222
925.373	2088.222
925.688	1943.222
926.003	1771.444
926.318	1569.222
926.632	1344.111
926.947	1124.333
927.262	945.333
927.576	806.000
927.891	715.778
928.205	669.667
928.520	649.778
928.834	686.111
929.148	777.111
929.463	916.556
929.777	1081.000
930.091	1243.556
930.405	1388.778
930.719	1509.667
931.033	1591.556
931.347	1647.222
931.661	1678.667
931.975	1682.222
932.289	1667.000
932.603	1632.000
932.917	1568.889
933.230	1503.556
933.544	1430.444
933.858	1364.444
934.171	1307.444
934.485	1228.333
934.798	1134.444
935.112	1025.778
935.425	906.778
935.738	813.444
936.052	741.222
936.365	693.000
936.678	670.667
936.991	653.889
937.305	639.556
937.618	638.889
937.931	653.000
938.244	695.111
938.556	765.556
938.869	844.667
939.182	919.778
939.495	975.778
939.808	1005.778
940.120	1029.000
940.433	1032.000
940.746	1012.222
941.058	983.222
941.371	942.000
941.683	901.889
941.996	880.667
942.308	869.333
942.620	875.222
942.933	892.556
943.245	897.778
943.557	893.556
943.869	871.778
944.181	826.778
944.493	773.889
944.805	709.000
945.117	643.000
945.429	587.333
945.741	535.333
946.053	499.667
946.365	493.778
946.676	512.000
946.988	548.889
947.300	599.333
947.611	653.000
947.923	726.778
948.234	833.667
948.546	973.778
948.857	1145.778
949.169	1322.889
949.480	1469.889
949.791	1610.778
950.102	1723.667
950.413	1803.556
950.725	1849.778
951.036	1833.222
951.347	1758.000
951.658	1645.333
951.969	1505.667
952.280	1371.333
952.590	1244.889
952.901	1120.556
953.212	1011.222
953.523	920.444
953.833	842.000
954.144	786.444
954.454	738.889
954.765	689.667
955.075	649.889
955.386	603.667
955.696	564.667
956.007	546.889
956.317	538.556
956.627	550.111
956.937	588.889
957.247	645.111
957.558	714.333
957.868	786.778
958.178	849.778
958.488	905.778
958.797	945.778
959.107	961.111
959.417	961.778
959.727	947.333
960.037	909.444
960.346	867.667
960.656	825.778
960.966	782.222
961.275	742.556
961.585	715.333
961.894	689.556
962.203	665.667
962.513	641.333
962.822	615.778
963.131	597.000
963.441	587.667
963.750	582.778
964.059	586.333
964.368	596.444
964.677	607.778
964.986	633.889
965.295	657.778
965.604	694.667
965.913	711.444
966.221	723.556
966.530	729.778
966.839	758.556
967.148	788.778
967.456	819.111
967.765	851.222
968.073	878.889
968.382	892.222
968.690	940.778
968.999	985.556
969.307	1024.667
969.615	1055.667
969.924	1075.889
970.232	1102.111
970.540	1132.556
970.848	1154.556
971.156	1162.556
971.464	1155.111
971.772	1133.000
972.080	1108.778
972.388	1079.667
972.696	1040.111
973.003	992.778
973.311	937.556
973.619	882.667
973.926	838.111
974.234	794.000
974.542	758.889
974.849	736.667
975.157	716.556
975.464	703.556
975.771	708.333
976.079	721.111
976.386	742.333
976.693	777.667
977.000	818.222
977.307	857.222
977.615	892.778
977.922	918.444
978.229	936.778
978.536	937.000
978.842	927.000
979.149	908.667
979.456	874.222
979.763	832.333
980.070	788.889
980.376	752.333
980.683	719.778
980.989	690.889
981.296	666.222
981.602	644.111
981.909	622.111
982.215	612.889
982.522	616.778
982.828	621.000
983.134	626.889
983.440	642.778
983.746	663.667
984.053	702.667
984.359	761.222
984.665	820.111
984.971	877.333
985.277	936.778
985.582	989.111
985.888	1036.333
986.194	1082.556
986.500	1116.111
986.805	1121.889
987.111	1107.000
987.417	1076.333
987.722	1036.778
988.028	992.000
988.333	951.111
988.639	903.556
988.944	850.667
989.249	808.000
989.555	778.111
989.860	753.222
990.165	748.667
990.470	748.222
990.775	736.333
991.080	731.111
991.385	724.889
991.690	708.778
991.995	690.778
992.300	670.444
992.605	642.889
992.910	616.333
993.214	588.667
993.519	556.778
993.824	530.111
994.128	511.333
994.433	494.222
994.737	483.111
995.042	477.778
995.346	468.778
995.650	458.444
995.955	454.111
996.259	446.667
996.563	435.556
996.867	422.111
997.171	407.333
997.476	395.889
997.780	383.556
998.083	376.667
998.387	374.556
998.691	370.667
998.995	373.111
999.299	381.333
999.603	391.889
999.906	402.667
1000.210	416.778
1000.514	425.556
1000.817	432.556
1001.121	453.111
1001.424	471.667
1001.728	492.667
1002.031	521.889
1002.334	546.222
1002.638	571.444
1002.941	613.111
1003.244	663.333
1003.547	704.778
1003.850	744.667
1004.153	785.889
1004.456	814.000
1004.759	831.000
1005.062	855.667
1005.365	869.444
1005.668	863.000
1005.971	854.778
1006.273	836.111
1006.576	800.778
1006.879	765.778
1007.181	729.000
1007.484	690.556
1007.786	660.111
1008.089	627.889
1008.391	592.000
1008.693	563.222
1008.996	542.667
1009.298	520.333
1009.600	502.556
1009.902	494.222
1010.204	481.778
1010.507	466.000
1010.809	461.556
1011.111	451.000
1011.412	434.778
1011.714	424.778
1012.016	415.444
1012.318	401.333
1012.620	386.333
1012.921	368.000
1013.223	345.222
1013.525	322.222
1013.826	302.667
1014.128	280.556
1014.429	260.667
1014.731	243.333
1015.032	229.333
1015.333	220.667
1015.635	219.111
1015.936	217.667
1016.237	220.000
1016.538	226.889
1016.839	232.111
1017.140	245.333
1017.441	259.889
1017.742	270.111
1018.043	280.333
1018.344	292.889
1018.645	303.111
1018.946	311.444
1019.246	325.222
1019.547	344.556
1019.848	353.222
1020.148	378.333
1020.449	409.333
1020.749	430.444
1021.050	466.222
1021.350	505.000
1021.651	535.778
1021.951	573.667
1022.251	613.111
1022.551	644.111
1022.852	658.111
1023.152	679.333
1023.452	703.778
1023.752	702.111
1024.052	713.222
1024.352	728.778
1024.652	721.889
1024.952	721.778
1025.251	727.000
1025.551	716.556
1025.851	698.556
1026.150	689.444
1026.450	675.778
1026.750	646.889
1027.049	626.667
1027.349	608.667
1027.648	575.000
1027.947	551.444
1028.247	543.556
1028.546	524.444
1028.845	504.444
1029.144	498.444
1029.444	486.889
1029.743	467.444
1030.042	458.444
1030.341	448.667
1030.640	429.111
1030.939	411.111
1031.238	398.444
1031.536	376.444
1031.835	352.778
1032.134	335.778
1032.433	314.111
1032.731	288.889
1033.030	270.000
1033.328	251.778
1033.627	231.556
1033.925	218.667
1034.224	210.778
1034.522	210.778
1034.820	210.778
1035.119	216.222
1035.417	218.111
1035.715	227.889
1036.013	243.667
1036.311	254.111
1036.609	266.111
1036.907	283.889
1037.205	291.667
1037.503	297.222
1037.801	313.778
1038.099	331.222
1038.397	332.444
1038.694	338.889
1038.992	352.222
1039.290	355.667
1039.587	353.778
1039.885	364.444
1040.182	372.000
1040.479	367.222
1040.777	375.111
1041.074	391.000
1041.372	392.667
1041.669	396.667
1041.966	413.333
1042.263	420.000
1042.560	420.889
1042.857	435.778
1043.154	445.444
1043.451	441.222
1043.748	442.111
1044.045	446.111
1044.342	438.444
1044.639	422.222
1044.935	415.556
1045.232	399.333
1045.529	371.889
1045.825	354.333
1046.122	336.556
1046.418	312.222
1046.715	292.222
1047.011	277.222
1047.308	262.111
1047.604	245.111
1047.900	236.556
1048.197	227.556
1048.493	214.444
1048.789	206.111
1049.085	198.556
1049.381	189.111
1049.677	181.444
1049.973	175.222
1050.269	170.000
1050.565	163.222
1050.860	162.000
1051.156	159.111
1051.452	156.000
1051.748	157.000
1052.043	160.444
1052.339	163.444
1052.634	173.556
1052.930	184.222
1053.225	192.222
1053.521	200.444
1053.816	216.444
1054.111	229.889
1054.407	237.222
1054.702	251.444
1054.997	270.889
1055.292	276.667
1055.587	285.111
1055.882	303.556
1056.177	315.778
1056.472	318.444
1056.767	331.000
1057.062	345.111
1057.357	345.889
1057.651	343.333
1057.946	353.778
1058.241	354.667
1058.535	342.778
1058.830	344.000
1059.124	349.667
1059.419	338.222
1059.713	333.444
1060.008	335.111
1060.302	329.667
1060.596	314.111
1060.890	309.000
1061.185	308.444
1061.479	292.111
1061.773	275.667
1062.067	269.000
1062.361	253.333
1062.655	233.444
1062.949	223.000
1063.243	213.778
1063.536	198.556
1063.830	184.000
1064.124	179.000
1064.418	170.111
1064.711	159.333
1065.005	151.111
1065.298	145.111
1065.592	134.778
1065.885	128.333
1066.179	123.889
1066.472	118.111
1066.765	109.333
1067.058	105.444
1067.352	101.778
1067.645	99.000
1067.938	96.556
1068.231	95.111
1068.524	92.889
1068.817	90.556
1069.110	89.444
1069.403	89.222
1069.696	88.000
1069.989	87.778
1070.281	88.889
1070.574	89.444
1070.867	89.667
1071.159	90.889
1071.452	93.000
1071.744	95.889
1072.037	99.889
1072.329	103.889
1072.622	108.444
1072.914	111.000
1073.206	115.778
1073.498	122.889
1073.791	128.333
1074.083	133.556
1074.375	140.667
1074.667	143.778
1074.959	144.667
1075.251	149.222
1075.543	154.667
1075.835	155.889
1076.126	156.556
1076.418	159.444
1076.710	160.778
1077.002	159.000
1077.293	162.556
1077.585	169.444
1077.876	169.778
1078.168	168.333
1078.459	173.333
1078.751	174.778
1079.042	170.667
1079.333	169.111
1079.625	170.000
1079.916	165.444
1080.207	159.333
1080.498	156.556
1080.789	154.111
1081.080	147.556
1081.371	142.556
1081.662	142.000
1081.953	139.111
1082.244	131.556
1082.535	126.556
1082.826	122.222
1083.116	115.556
1083.407	110.556
1083.698	104.667
1083.988	99.111
1084.279	93.222
1084.569	87.667
1084.859	84.889
1085.150	81.778
1085.440	78.444
1085.730	76.222
1086.021	73.556
1086.311	72.444
1086.601	71.889
1086.891	70.889
1087.181	70.111
1087.471	69.222
1087.761	69.444
1088.051	69.333
1088.341	69.667
1088.631	70.667
1088.921	71.333
1089.210	71.111
1089.500	71.111
1089.790	71.556
1090.079	71.889
1090.369	72.667
1090.658	73.111
1090.948	74.000
1091.237	74.444
1091.526	73.889
1091.816	75.889
1092.105	77.333
1092.394	79.111
1092.683	80.333
1092.973	80.222
1093.262	80.778
1093.551	80.444
1093.840	80.667
1094.129	83.000
1094.417	84.556
1094.706	85.778
1094.995	86.111
1095.284	86.556
1095.573	88.556
1095.861	89.778
1096.150	92.222
1096.438	94.333
1096.727	94.556
1097.016	92.556
1097.304	92.222
1097.592	93.111
1097.881	93.222
1098.169	91.444
1098.457	91.444
1098.745	89.889
1099.034	86.778
1099.322	87.667
