520.430	0.000
520.800	0.000
521.169	60.000
521.539	53.000
521.909	56.000
522.278	73.000
522.648	60.000
523.017	67.000
523.387	71.000
523.756	65.000
524.125	62.000
524.494	79.000
524.864	59.000
525.233	67.000
525.602	70.000
525.971	62.000
526.340	62.000
526.709	58.000
527.078	62.000
527.447	69.000
527.816	84.222
528.185	163.556
528.553	240.222
528.922	319.000
529.291	410.222
529.659	521.556
530.028	661.556
530.396	827.111
530.765	1014.111
531.133	1223.889
531.502	1432.000
531.870	1664.556
532.238	1926.333
532.606	2229.444
532.975	2532.000
533.343	2797.222
533.711	3018.222
534.079	3195.444
534.447	3332.333
534.815	3406.778
535.183	3403.333
535.551	3325.111
535.919	3117.222
536.286	2836.889
536.654	2541.222
537.022	2240.444
537.389	1959.000
537.757	1682.444
538.125	1433.444
538.492	1254.778
538.859	1140.444
539.227	1155.333
539.594	1234.333
539.961	1346.222
540.329	1500.667
540.696	1654.667
541.063	1784.667
541.430	1906.778
541.797	2031.111
542.164	2130.556
542.531	2165.222
542.898	2210.889
543.265	2280.222
543.632	2352.333
543.999	2475.111
544.366	2617.111
544.732	2700.556
545.099	2733.000
545.466	2709.889
545.832	2650.222
546.199	2539.778
546.565	2376.667
546.932	2168.444
547.298	1914.778
547.664	1684.111
548.031	1555.444
548.397	1508.556
548.763	1612.000
549.129	1841.222
549.495	2118.111
549.861	2437.556
550.227	2781.111
550.593	3123.222
550.959	3439.667
551.325	3621.000
551.691	3672.778
552.057	3559.889
552.422	3331.556
552.788	3045.444
553.154	2693.667
553.519	2339.889
553.885	1983.000
554.250	1629.889
554.616	1366.111
554.981	1194.444
555.347	1094.667
555.712	1044.222
556.077	1050.111
556.443	1101.222
556.808	1176.556
557.173	1265.222
557.538	1407.333
557.903	1546.889
558.268	1767.556
558.633	2081.444
558.998	2394.667
559.363	2696.889
559.727	2998.889
560.092	3277.333
560.457	3545.556
560.822	3726.000
561.186	3768.000
561.551	3712.667
561.915	3530.667
562.280	3289.889
562.644	3044.667
563.009	2793.111
563.373	2521.111
563.737	2284.778
564.102	2143.333
564.466	2082.333
564.830	2051.556
565.194	2077.778
565.558	2149.333
565.922	2191.667
566.286	2223.111
566.650	2271.778
567.014	2285.222
567.378	2286.889
567.741	2333.667
568.105	2388.333
568.469	2464.111
568.833	2520.778
569.196	2671.778
569.560	2891.889
569.923	3079.222
570.287	3247.000
570.650	3319.111
571.013	3312.222
571.377	3265.889
571.740	3139.333
572.103	2971.667
572.466	2725.889
572.830	2423.222
573.193	2169.889
573.556	1984.222
573.919	1873.222
574.282	1855.222
574.645	1900.778
575.007	1967.889
575.370	2159.000
575.733	2405.444
576.096	2648.111
576.458	2887.333
576.821	3035.000
577.184	3103.556
577.546	3190.000
577.909	3207.222
578.271	3173.556
578.633	3050.556
578.996	2880.889
579.358	2684.444
579.720	2481.111
580.083	2260.667
580.445	2077.889
580.807	1900.556
581.169	1723.222
581.531	1608.889
581.893	1492.778
582.255	1370.778
582.617	1303.889
582.979	1236.889
583.340	1240.667
583.702	1289.778
584.064	1286.444
584.425	1276.889
584.787	1291.111
585.149	1313.333
585.510	1368.889
585.872	1395.111
586.233	1381.778
586.594	1378.667
586.956	1341.222
587.317	1355.000
587.678	1363.556
588.039	1330.111
588.401	1324.889
588.762	1302.333
589.123	1287.444
589.484	1335.444
589.845	1347.333
590.206	1328.556
590.566	1291.778
590.927	1245.222
591.288	1237.333
591.649	1199.444
592.009	1143.111
592.370	1086.222
592.731	983.556
593.091	908.000
593.452	903.556
593.812	886.444
594.172	923.222
594.533	958.667
594.893	1014.111
595.253	1111.444
595.614	1197.222
595.974	1323.333
596.334	1423.333
596.694	1482.111
597.054	1523.667
597.414	1485.556
597.774	1430.333
598.134	1354.778
598.494	1259.889
598.853	1202.556
599.213	1142.667
599.573	1125.667
599.932	1128.000
600.292	1171.333
600.652	1379.667
601.011	1607.222
601.371	1972.111
601.730	2295.889
602.089	2563.111
602.449	2845.111
602.808	3036.111
603.167	3170.556
603.526	3284.889
603.886	3261.222
604.245	3294.889
604.604	3151.222
604.963	3006.889
605.322	2837.111
605.681	2632.667
606.040	2508.444
606.398	2386.111
606.757	2274.333
607.116	2185.111
607.475	1975.333
607.833	1856.000
608.192	1746.000
608.550	1691.000
608.909	1654.778
609.267	1611.667
609.626	1614.778
609.984	1608.000
610.342	1697.556
610.701	1854.778
611.059	2016.667
611.417	2149.556
611.775	2221.111
612.133	2350.889
612.491	2409.444
612.849	2550.556
613.207	2666.000
613.565	2709.444
613.923	2770.000
614.281	2723.000
614.638	2726.778
614.996	2739.556
615.354	2667.778
615.711	2616.889
616.069	2441.667
616.427	2275.111
616.784	2087.444
617.141	1857.111
617.499	1679.444
617.856	1501.667
618.213	1354.333
618.571	1212.444
618.928	1150.889
619.285	1119.889
619.642	1133.444
619.999	1138.111
620.356	1171.444
620.713	1238.778
621.070	1306.556
621.427	1427.222
621.784	1467.778
622.141	1475.333
622.497	1433.889
622.854	1359.111
623.211	1314.222
623.567	1236.667
623.924	1144.333
624.280	1047.889
624.637	937.444
624.993	907.556
625.349	902.333
625.706	904.333
626.062	932.556
626.418	945.778
626.774	939.889
627.131	931.667
627.487	924.778
627.843	953.667
628.199	982.333
628.555	1028.778
628.911	1038.000
629.266	1034.444
629.622	1029.556
629.978	1053.000
630.334	1064.889
630.689	1064.778
631.045	1036.667
631.401	1009.222
631.756	949.889
632.112	929.333
632.467	903.444
632.822	865.556
633.178	844.667
633.533	840.111
633.888	856.778
634.243	881.444
634.599	913.111
634.954	949.333
635.309	1033.333
635.664	1169.556
636.019	1286.556
636.374	1406.667
636.729	1487.222
637.083	1586.667
637.438	1672.778
637.793	1762.222
638.148	1785.444
638.502	1770.667
638.857	1681.556
639.211	1615.444
639.566	1529.889
639.920	1455.778
640.275	1363.333
640.629	1233.556
640.983	1101.333
641.338	983.444
641.692	902.111
642.046	848.444
642.400	851.222
642.754	906.333
643.108	990.778
643.462	1112.778
643.816	1272.222
644.170	1467.111
644.524	1701.556
644.878	1989.778
645.232	2193.778
645.585	2381.444
645.939	2423.333
646.293	2457.667
646.646	2468.889
647.000	2543.222
647.353	2496.333
647.707	2443.222
648.060	2258.111
648.413	2138.000
648.767	1964.222
649.120	1869.111
649.473	1727.222
649.826	1554.556
650.179	1324.444
650.533	1158.111
650.885	963.111
651.239	833.222
651.591	711.667
651.944	618.000
652.297	544.333
652.650	519.222
653.003	502.556
653.355	473.000
653.708	486.000
654.061	561.000
654.413	703.778
654.766	830.778
655.118	991.111
655.471	1130.667
655.823	1318.000
656.175	1454.000
656.528	1587.333
656.880	1635.111
657.232	1627.333
657.584	1538.333
657.936	1471.111
658.288	1354.778
658.640	1256.444
658.992	1105.444
659.344	1006.667
659.696	884.667
660.048	844.444
660.400	855.333
660.751	962.444
661.103	1026.444
661.455	1101.444
661.806	1134.778
662.158	1218.222
662.509	1325.000
662.861	1501.778
663.212	1604.889
663.563	1705.000
663.915	1709.667
664.266	1815.333
664.617	1892.556
664.968	2027.111
665.319	2064.889
665.670	2055.667
666.021	1951.000
666.372	1908.667
666.723	1837.000
667.074	1821.111
667.425	1699.111
667.776	1589.556
668.127	1429.889
668.477	1312.444
668.828	1206.222
669.179	1145.111
669.529	1059.444
669.880	948.667
670.230	810.889
670.581	757.222
670.931	759.444
671.281	808.556
671.632	877.778
671.982	895.889
672.332	889.222
672.682	867.556
673.032	868.444
673.382	849.889
673.732	791.111
674.082	708.889
674.432	636.222
674.782	572.111
675.132	604.778
675.482	598.667
675.831	612.556
676.181	609.222
676.531	622.111
676.880	632.556
677.230	649.889
677.579	656.000
677.929	688.000
678.278	692.111
678.628	749.333
678.977	828.222
679.326	934.889
679.675	1048.000
680.024	1166.333
680.374	1292.333
680.723	1370.222
681.072	1446.111
681.421	1483.000
681.770	1604.444
682.119	1663.111
682.467	1732.000
682.816	1726.222
683.165	1661.667
683.514	1540.222
683.862	1442.222
684.211	1321.222
684.559	1199.000
684.908	994.333
685.256	845.111
685.605	712.000
685.953	631.667
686.302	634.889
686.650	652.222
686.998	739.889
687.346	819.778
687.694	932.000
688.043	1036.222
688.391	1083.333
688.739	1111.556
689.087	1126.667
689.435	1124.556
689.782	1148.778
690.130	1173.889
690.478	1186.111
690.826	1234.778
691.173	1287.222
691.521	1366.222
691.869	1420.222
692.216	1467.222
692.564	1520.889
692.911	1494.444
693.259	1392.778
693.606	1278.000
693.953	1149.889
694.300	1051.778
694.648	987.000
694.995	944.778
695.342	922.333
695.689	922.444
696.036	980.111
696.383	1077.889
696.730	1154.000
697.077	1198.222
697.424	1210.222
697.771	1227.667
698.117	1244.667
698.464	1253.111
698.811	1252.333
699.157	1270.333
699.504	1326.444
699.850	1400.000
700.197	1511.778
700.543	1643.222
700.890	1758.000
701.236	1873.778
701.582	1947.889
701.929	2000.556
702.275	1977.111
702.621	1868.667
702.967	1759.222
703.313	1599.111
703.659	1436.444
704.005	1269.111
704.351	1103.667
704.697	992.889
705.043	884.556
705.388	848.556
705.734	804.111
706.080	794.889
706.426	820.000
706.771	905.889
707.117	976.889
707.462	1036.556
707.808	1124.333
708.153	1119.778
708.498	1098.556
708.844	1107.000
709.189	1128.333
709.534	1133.222
709.879	1077.556
710.225	1054.778
710.570	1009.222
710.915	982.667
711.260	992.333
711.605	1044.889
711.950	1095.556
712.294	1101.000
712.639	1093.667
712.984	1046.667
713.329	989.111
713.673	941.889
714.018	848.667
714.363	795.000
714.707	708.778
715.052	639.000
715.396	589.444
715.740	586.111
716.085	619.444
716.429	638.444
716.773	684.889
717.117	708.000
717.462	755.556
717.806	801.333
718.150	837.889
718.494	883.000
718.838	846.000
719.182	782.333
719.526	733.889
719.869	678.778
720.213	673.333
720.557	638.444
720.901	617.556
721.244	581.222
721.588	533.111
721.932	544.667
722.275	563.556
722.618	596.778
722.962	604.556
723.305	594.556
723.649	584.111
723.992	553.333
724.335	537.333
724.678	539.333
725.021	534.333
725.365	559.111
725.708	569.778
726.051	640.222
726.393	710.222
726.736	783.667
727.079	902.000
727.422	951.111
727.765	998.333
728.108	1012.556
728.450	983.222
728.793	945.889
729.135	848.111
729.478	748.778
729.820	658.000
730.163	563.000
730.505	569.778
730.848	556.222
731.190	598.889
731.532	658.333
731.874	693.889
732.217	744.333
732.559	793.556
732.901	842.444
733.243	860.111
733.585	810.889
733.927	758.333
734.269	671.667
734.610	598.222
734.952	581.333
735.294	580.778
735.636	604.889
735.977	634.333
736.319	631.222
736.660	663.889
737.002	703.556
737.343	744.778
737.685	797.889
738.026	802.667
738.368	778.111
738.709	735.667
739.050	683.667
739.391	682.333
739.732	671.111
740.073	639.889
740.415	606.111
740.756	561.000
741.096	565.111
741.437	607.333
741.778	631.111
742.119	652.778
742.460	646.333
742.801	627.333
743.141	638.000
743.482	648.889
743.823	660.667
744.163	651.778
744.504	622.000
744.844	657.556
745.184	704.333
745.525	759.889
745.865	866.667
746.205	905.111
746.545	931.111
746.886	947.111
747.226	929.111
747.566	902.667
747.906	824.000
748.246	731.333
748.586	660.222
748.926	558.889
749.266	520.667
749.605	520.111
749.945	533.778
750.285	606.778
750.624	723.556
750.964	798.111
751.304	868.667
751.643	922.111
751.983	927.000
752.322	931.667
752.661	918.889
753.001	906.000
753.340	922.222
753.679	889.889
754.018	872.556
754.358	897.333
754.697	897.556
755.036	896.333
755.375	877.778
755.714	851.111
756.053	827.556
756.392	765.222
756.730	707.111
757.069	716.667
757.408	705.778
757.747	657.556
758.085	633.333
758.424	621.556
758.762	623.333
759.101	637.889
759.439	631.556
759.778	615.444
760.116	568.778
760.454	504.556
760.793	481.778
761.131	477.111
761.469	480.000
761.807	493.000
762.145	516.000
762.483	529.111
762.821	537.556
763.159	533.333
763.497	514.222
763.835	508.000
764.173	514.444
764.510	525.222
764.848	556.444
765.186	598.111
765.523	623.778
765.861	638.778
766.198	663.889
766.536	694.444
766.873	725.667
767.211	757.111
767.548	763.778
767.885	739.556
768.223	684.889
768.560	636.556
768.897	607.333
769.234	594.444
769.571	606.000
769.908	644.778
770.245	716.556
770.582	779.333
770.919	808.111
771.256	821.444
771.593	834.333
771.929	846.444
772.266	870.667
772.603	919.889
772.939	925.111
773.276	892.222
773.612	868.889
773.949	872.222
774.285	926.556
774.622	1007.556
774.958	1073.444
775.294	1146.222
775.630	1212.667
775.966	1271.111
776.303	1345.333
776.639	1410.111
776.975	1416.222
777.311	1373.222
777.647	1336.111
777.983	1301.000
778.318	1190.778
778.654	1042.556
778.990	910.778
779.326	759.778
779.661	644.889
779.997	585.444
780.333	526.778
780.668	464.000
781.004	422.667
781.339	419.222
781.674	447.222
782.010	482.222
782.345	503.000
782.680	515.444
783.016	562.333
783.351	622.222
783.686	681.889
784.021	814.111
784.356	969.000
784.691	1108.889
785.026	1285.000
785.361	1422.444
785.695	1478.111
786.030	1492.556
786.365	1523.556
786.700	1527.111
787.034	1439.556
787.369	1317.556
787.703	1172.667
788.038	1015.111
788.372	940.222
788.707	940.667
789.041	966.000
789.376	980.444
789.710	988.667
790.044	979.556
790.378	970.222
790.712	986.000
791.046	981.667
791.380	939.444
791.714	907.000
792.048	855.667
792.382	777.333
792.716	749.444
793.050	809.222
793.384	886.222
793.718	962.222
794.051	1039.778
794.385	1080.444
794.718	1077.111
795.052	1071.000
795.385	1075.778
795.719	1042.333
796.052	953.778
796.386	853.000
796.719	743.333
797.052	654.444
797.385	624.111
797.719	629.556
798.052	632.556
798.385	624.111
798.718	620.667
799.051	632.333
799.384	665.889
799.716	721.333
800.049	763.889
800.382	788.222
800.715	810.889
801.048	832.889
801.380	875.778
801.713	951.778
802.045	1046.444
802.378	1120.222
802.710	1141.333
803.043	1129.778
803.375	1116.889
803.707	1127.556
804.040	1175.556
804.372	1230.000
804.704	1258.000
805.036	1237.444
805.368	1200.222
805.700	1187.333
806.032	1216.111
806.364	1285.889
806.696	1338.556
807.028	1317.444
807.360	1266.111
807.692	1261.222
808.023	1343.222
808.355	1481.111
808.687	1692.222
809.018	1911.667
809.350	2023.333
809.681	2091.889
810.013	2219.000
810.344	2367.667
810.676	2448.889
811.007	2473.667
811.338	2471.889
811.669	2359.333
812.001	2174.556
812.332	2070.222
812.663	2038.444
812.994	1970.333
813.325	1865.667
813.656	1781.222
813.987	1669.667
814.317	1512.889
814.648	1390.889
814.979	1313.444
815.310	1216.667
815.640	1079.778
815.971	971.444
816.301	916.000
816.632	895.556
816.962	958.889
817.293	1172.778
817.623	1453.444
817.954	1708.889
818.284	1961.000
818.614	2315.111
818.944	2696.111
819.274	3050.667
819.605	3323.444
819.935	3505.444
820.265	3484.000
820.595	3317.667
820.924	3157.778
821.254	3046.556
821.584	2851.667
821.914	2568.778
822.244	2235.667
822.573	1944.889
822.903	1672.556
823.233	1480.333
823.562	1401.444
823.892	1391.000
824.221	1331.222
824.550	1208.111
824.880	1123.889
825.209	1101.111
825.538	1091.333
825.868	1078.222
826.197	1095.444
826.526	1151.556
826.855	1214.000
827.184	1309.222
827.513	1573.556
827.842	1940.667
828.171	2299.333
828.500	2651.444
828.828	3011.111
829.157	3204.667
829.486	3290.111
829.815	3292.667
830.143	3306.667
830.472	3310.889
830.800	3230.556
831.129	3020.889
831.457	2714.111
831.786	2393.444
832.114	2241.778
832.442	2127.111
832.770	2022.444
833.099	1900.667
833.427	1664.111
833.755	1407.111
834.083	1265.111
834.411	1236.444
834.739	1240.444
835.067	1197.222
835.395	1152.222
835.723	1181.889
836.050	1293.778
836.378	1433.556
836.706	1533.111
837.033	1603.889
837.361	1664.222
837.689	1687.889
838.016	1699.000
838.344	1725.778
838.671	1771.333
838.998	1773.667
839.326	1714.444
839.653	1647.556
839.980	1618.000
840.307	1595.222
840.634	1565.556
840.961	1524.000
841.289	1464.889
841.615	1353.111
841.942	1211.889
842.269	1131.778
842.596	1164.667
842.923	1354.667
843.250	1643.889
843.576	1898.778
843.903	2060.889
844.230	2220.333
844.556	2509.222
844.883	2836.889
845.209	3141.444
845.536	3308.333
845.862	3370.111
846.188	3309.667
846.515	3176.000
846.841	3080.556
847.167	2965.000
847.493	2735.667
847.819	2471.556
848.146	2180.889
848.472	1966.889
848.798	1773.222
849.123	1699.111
849.449	1756.667
849.775	1812.556
850.101	1833.000
850.427	1794.444
850.752	1722.111
851.078	1684.889
851.404	1682.556
851.729	1719.778
852.055	1826.667
852.380	1970.556
852.706	2163.778
853.031	2291.222
853.356	2503.778
853.682	2840.222
854.007	3174.889
854.332	3496.111
854.657	3711.222
854.982	3747.556
855.307	3747.556
855.632	3796.333
855.957	3889.000
856.282	3735.333
856.607	3443.111
856.932	3133.778
857.256	2791.889
857.581	2428.889
857.906	2087.444
858.230	1813.222
858.555	1562.444
858.880	1350.222
859.204	1256.778
859.529	1163.889
859.853	1099.889
860.177	1109.111
860.502	1151.778
860.826	1164.333
861.150	1161.889
861.474	1228.778
861.798	1390.444
862.122	1556.333
862.446	1674.556
862.770	1789.000
863.094	1933.889
863.418	2140.000
863.742	2348.222
864.066	2435.111
864.389	2450.444
864.713	2539.667
865.037	2738.667
865.360	2969.667
865.684	3028.333
866.008	2939.444
866.331	2749.556
866.654	2572.333
866.978	2467.667
867.301	2319.111
867.624	2037.556
867.948	1705.889
868.271	1416.556
868.594	1277.778
868.917	1202.667
869.240	1166.111
869.563	1178.778
869.886	1313.778
870.209	1562.667
870.532	1810.444
870.855	1991.111
871.177	2155.222
871.500	2389.889
871.823	2642.667
872.145	2824.111
872.468	2880.333
872.791	2785.444
873.113	2676.111
873.435	2718.889
873.758	2869.889
874.080	3031.000
874.402	3135.333
874.725	3213.667
875.047	3312.000
875.369	3430.222
875.691	3487.667
876.013	3380.778
876.335	3104.556
876.657	2786.667
876.979	2482.222
877.301	2148.667
877.623	1808.222
877.945	1497.333
878.266	1248.444
878.588	1121.667
878.910	1173.333
879.231	1326.444
879.553	1488.222
879.875	1622.111
880.196	1819.333
880.517	2093.556
880.839	2366.667
881.160	2555.444
881.481	2630.222
881.803	2559.667
882.124	2418.667
882.445	2287.333
882.766	2218.889
883.087	2134.333
883.408	1966.556
883.729	1799.556
884.050	1696.889
884.371	1655.222
884.692	1641.667
885.012	1590.444
885.333	1513.000
885.654	1384.667
885.974	1256.222
886.295	1201.889
886.616	1149.778
886.936	1101.889
887.257	1068.000
887.577	1064.556
887.897	1137.556
888.218	1271.000
888.538	1476.222
888.858	1689.556
889.178	1845.556
889.498	1999.889
889.818	2145.778
890.139	2287.667
890.458	2416.667
890.778	2474.111
891.098	2443.667
891.418	2326.778
891.738	2220.556
892.058	2186.222
892.377	2187.222
892.697	2175.222
893.017	2115.778
893.336	2010.000
893.656	1916.667
893.975	1853.222
894.295	1828.222
894.614	1802.222
894.933	1730.222
895.253	1642.333
895.572	1602.111
895.891	1659.444
896.210	1809.444
896.529	1967.444
896.848	2112.000
897.167	2235.556
897.486	2351.444
897.805	2526.222
898.124	2754.889
898.443	2982.667
898.762	3167.333
899.081	3314.444
899.399	3475.222
899.718	3628.667
900.036	3696.111
900.355	3701.444
900.673	3630.556
900.992	3492.667
901.310	3298.333
901.629	3063.444
901.947	2820.556
902.265	2572.556
902.583	2340.000
902.902	2156.889
903.220	1974.444
903.538	1796.111
903.856	1636.000
904.174	1550.667
904.492	1567.889
904.810	1637.444
905.128	1741.556
905.445	1843.444
905.763	1942.222
906.081	2026.333
906.398	2100.333
906.716	2133.444
907.034	2128.444
907.351	2059.222
907.669	1944.778
907.986	1792.444
908.304	1659.556
908.621	1581.556
908.938	1551.000
909.255	1496.556
909.573	1429.111
909.890	1336.000
910.207	1240.667
910.524	1146.778
910.841	1070.222
911.158	998.000
911.475	910.000
911.792	806.111
912.109	720.222
912.425	663.000
912.742	629.222
913.059	607.333
913.375	614.556
913.692	658.889
914.009	731.333
914.325	816.222
914.641	896.889
914.958	988.889
915.274	1098.444
915.591	1211.000
915.907	1327.778
916.223	1444.778
916.539	1567.111
916.855	1702.222
917.172	1824.222
917.488	1933.000
917.804	2033.111
918.119	2123.667
918.435	2220.444
918.751	2296.222
919.067	2307.222
919.383	2231.778
919.698	2071.444
920.014	1888.444
920.330	1737.444
920.645	1602.222
920.961	1472.111
921.276	1346.556
921.592	1233.889
921.907	1176.778
922.223	1180.222
922.538	1238.667
922.853	1340.556
923.168	1473.778
923.483	1693.667
923.799	2013.222
924.114	2341.000
924.429	2664.444
924.744	2901.444
925.059	3022.667
925.373	3104.000
925.688	3181.889
926.003	3230.889
926.318	3226.111
926.632	3132.333
926.947	3017.778
927.262	2867.556
927.576	2719.222
927.891	2600.000
928.205	2456.000
928.520	2258.667
928.834	2048.111
929.148	1802.222
929.463	1535.556
929.777	1271.333
930.091	1046.222
930.405	890.667
930.719	803.556
931.033	758.667
931.347	754.000
931.661	777.000
931.975	827.444
932.289	928.222
932.603	1058.667
932.917	1186.889
933.230	1300.444
933.544	1369.556
933.858	1407.000
934.171	1436.000
934.485	1448.000
934.798	1456.778
935.112	1449.000
935.425	1415.111
935.738	1392.889
936.052	1391.556
936.365	1405.222
936.678	1451.444
936.991	1478.111
937.305	1472.556
937.618	1457.444
937.931	1412.111
938.244	1349.889
938.556	1286.667
938.869	1209.000
939.182	1147.778
939.495	1100.889
939.808	1058.778
940.120	1043.444
940.433	1026.000
940.746	1005.000
941.058	1013.000
941.371	1034.111
941.683	1073.556
941.996	1160.889
942.308	1268.667
942.620	1419.000
942.933	1603.778
943.245	1760.778
943.557	1900.444
943.869	2002.000
944.181	2067.556
944.493	2125.778
944.805	2168.667
945.117	2184.444
945.429	2188.556
945.741	2154.778
946.053	2099.111
946.365	2034.333
946.676	1959.111
946.988	1865.667
947.300	1759.556
947.611	1620.222
947.923	1474.778
948.234	1346.889
948.546	1244.444
948.857	1199.111
949.169	1221.222
949.480	1277.111
949.791	1371.000
950.102	1480.778
950.413	1585.111
950.725	1667.111
951.036	1701.778
951.347	1700.778
951.658	1690.556
951.969	1658.556
952.280	1624.111
952.590	1602.778
952.901	1571.111
953.212	1529.778
953.523	1500.000
953.833	1470.556
954.144	1449.333
954.454	1419.556
954.765	1365.111
955.075	1309.889
955.386	1250.556
955.696	1190.667
956.007	1151.889
956.317	1135.333
956.627	1113.000
956.937	1103.889
957.247	1109.444
957.558	1110.667
957.868	1117.556
958.178	1119.111
958.488	1113.000
958.797	1115.556
959.107	1101.556
959.417	1100.222
959.727	1100.333
960.037	1083.667
960.346	1077.111
960.656	1080.889
960.966	1076.556
961.275	1068.111
961.585	1063.667
961.894	1051.222
962.203	1029.333
962.513	1001.778
962.822	959.111
963.131	913.889
963.441	854.889
963.750	787.667
964.059	728.556
964.368	659.000
964.677	597.778
964.986	558.111
965.295	523.111
965.604	523.778
965.913	515.333
966.221	502.000
966.530	490.556
966.839	487.222
967.148	491.556
967.456	509.111
967.765	540.444
968.073	580.556
968.382	602.667
968.690	650.444
968.999	705.333
969.307	761.222
969.615	830.000
969.924	904.444
970.232	980.889
970.540	1068.556
970.848	1157.556
971.156	1246.778
971.464	1334.556
971.772	1397.444
972.080	1435.111
972.388	1448.556
972.696	1426.111
973.003	1377.889
973.311	1314.778
973.619	1234.000
973.926	1146.667
974.234	1070.889
974.542	1008.333
974.849	969.444
975.157	961.000
975.464	961.556
975.771	979.000
976.079	1000.556
976.386	1022.667
976.693	1060.333
977.000	1100.778
977.307	1143.333
977.615	1194.778
977.922	1228.556
978.229	1258.222
978.536	1278.444
978.842	1293.111
979.149	1302.889
979.456	1296.556
979.763	1274.222
980.070	1243.556
980.376	1196.778
980.683	1141.111
980.989	1083.333
981.296	1020.778
981.602	942.444
981.909	866.111
982.215	791.111
982.522	710.111
982.828	634.222
983.134	564.778
983.440	499.556
983.746	448.000
984.053	412.222
984.359	387.444
984.665	371.667
984.971	372.556
985.277	386.667
985.582	405.333
985.888	429.556
986.194	460.000
986.500	493.222
986.805	517.111
987.111	546.333
987.417	573.000
987.722	593.000
988.028	626.444
988.333	669.000
988.639	712.444
988.944	767.222
989.249	819.444
989.555	879.778
989.860	949.444
990.165	1021.556
990.470	1090.333
990.775	1152.556
991.080	1202.000
991.385	1234.111
991.690	1265.333
991.995	1299.667
992.300	1318.667
992.605	1349.444
992.910	1393.778
993.214	1422.000
993.519	1438.667
993.824	1471.889
994.128	1507.778
994.433	1542.444
994.737	1579.444
995.042	1609.222
995.346	1606.222
995.650	1594.222
995.955	1576.556
996.259	1547.222
996.563	1516.778
996.867	1478.667
997.171	1423.556
997.476	1363.778
997.780	1295.889
998.083	1227.000
998.387	1165.444
998.691	1106.667
998.995	1050.333
999.299	994.222
999.603	944.222
999.906	881.333
1000.210	821.556
1000.514	777.111
1000.817	726.111
1001.121	670.222
1001.424	630.556
1001.728	586.556
1002.031	532.111
1002.334	489.000
1002.638	456.111
1002.941	426.556
1003.244	416.222
1003.547	413.889
1003.850	408.111
1004.153	402.222
1004.456	399.778
1004.759	400.222
1005.062	405.889
1005.365	413.556
1005.668	421.444
1005.971	434.667
1006.273	443.778
1006.576	448.444
1006.879	463.889
1007.181	474.000
1007.484	484.111
1007.786	506.444
1008.089	526.778
1008.391	537.333
1008.693	544.667
1008.996	554.444
1009.298	561.889
1009.600	573.444
1009.902	605.444
1010.204	626.556
1010.507	644.000
1010.809	677.556
1011.111	700.222
1011.412	717.000
1011.714	749.889
1012.016	774.556
1012.318	788.111
1012.620	809.556
1012.921	823.111
1013.223	812.889
1013.525	799.222
1013.826	802.111
1014.128	791.111
1014.429	777.111
1014.731	775.667
1015.032	762.556
1015.333	740.556
1015.635	736.000
1015.936	730.778
1016.237	711.444
1016.538	692.889
1016.839	675.889
1017.140	648.556
1017.441	615.556
1017.742	585.444
1018.043	540.889
1018.344	492.556
1018.645	453.444
1018.946	416.889
1019.246	379.667
1019.547	349.889
1019.848	318.444
1020.148	294.222
1020.449	279.556
1020.749	268.444
1021.050	261.889
1021.350	257.556
1021.651	254.000
1021.951	256.111
1022.251	262.333
1022.551	272.556
1022.852	283.556
1023.152	297.556
1023.452	310.667
1023.752	321.667
1024.052	341.111
1024.352	362.667
1024.652	377.222
1024.952	400.333
1025.251	418.111
1025.551	424.111
1025.851	428.778
1026.150	437.444
1026.450	442.444
1026.750	440.889
1027.049	444.778
1027.349	443.444
1027.648	435.000
1027.947	436.778
1028.247	450.889
1028.546	453.222
1028.845	461.000
1029.144	474.889
1029.444	481.333
1029.743	483.222
1030.042	501.556
1030.341	507.333
1030.640	504.889
1030.939	506.778
1031.238	512.000
1031.536	503.444
1031.835	496.444
1032.134	495.667
1032.433	484.444
1032.731	465.667
1033.030	456.556
1033.328	444.000
1033.627	422.778
1033.925	408.111
1034.224	396.000
1034.522	384.667
1034.820	369.111
1035.119	358.222
1035.417	342.778
1035.715	328.000
1036.013	315.444
1036.311	299.222
1036.609	284.222
1036.907	272.556
1037.205	256.222
1037.503	241.667
1037.801	234.667
1038.099	227.222
1038.397	214.444
1038.694	206.889
1038.992	203.778
1039.290	197.778
1039.587	193.333
1039.885	196.111
1040.182	201.444
1040.479	204.000
1040.777	220.444
1041.074	242.889
1041.372	262.111
1041.669	287.667
1041.966	327.111
1042.263	359.889
1042.560	395.222
1042.857	447.889
1043.154	494.556
1043.451	532.444
1043.748	588.222
1044.045	644.222
1044.342	677.333
1044.639	706.111
1044.935	749.222
1045.232	771.667
1045.529	772.778
1045.825	790.556
1046.122	795.444
1046.418	778.000
1046.715	777.556
1047.011	790.444
1047.308	784.556
1047.604	779.889
1047.900	795.333
1048.197	796.556
1048.493	775.556
1048.789	773.889
1049.085	767.111
1049.381	735.111
1049.677	707.556
1049.973	692.778
1050.269	660.556
1050.565	617.667
1050.860	601.889
1051.156	583.444
1051.452	545.333
1051.748	516.111
1052.043	493.111
1052.339	462.444
1052.634	427.000
1052.930	395.556
1053.225	361.000
1053.521	315.778
1053.816	281.889
1054.111	259.778
1054.407	235.000
1054.702	213.778
1054.997	196.333
1055.292	179.778
1055.587	165.222
1055.882	157.778
1056.177	154.222
1056.472	151.333
1056.767	149.333
1057.062	150.444
1057.357	150.889
1057.651	154.556
1057.946	163.444
1058.241	172.778
1058.535	178.333
1058.830	187.111
1059.124	199.667
1059.419	205.889
1059.713	216.111
1060.008	230.889
1060.302	244.333
1060.596	249.333
1060.890	263.667
1061.185	286.667
1061.479	295.778
1061.773	306.000
1062.067	332.111
1062.361	347.778
1062.655	351.889
1062.949	369.778
1063.243	394.111
1063.536	399.222
1063.830	399.333
1064.124	422.667
1064.418	435.333
1064.711	429.556
1065.005	434.889
1065.298	449.000
1065.592	436.444
1065.885	421.222
1066.179	423.778
1066.472	416.889
1066.765	394.778
1067.058	386.000
1067.352	382.111
1067.645	361.000
1067.938	339.111
1068.231	333.222
1068.524	326.000
1068.817	306.333
1069.110	295.889
1069.403	288.333
1069.696	266.222
1069.989	244.889
1070.281	234.667
1070.574	220.778
1070.867	201.556
1071.159	183.111
1071.452	172.000
1071.744	157.889
1072.037	141.222
1072.329	132.111
1072.622	123.889
1072.914	115.889
1073.206	109.444
1073.498	105.111
1073.791	104.444
1074.083	101.667
1074.375	102.333
1074.667	102.000
1074.959	100.889
1075.251	102.111
1075.543	102.889
1075.835	104.778
1076.126	108.333
1076.418	111.222
1076.710	112.556
1077.002	112.889
1077.293	116.111
1077.585	121.111
1077.876	123.667
1078.168	126.667
1078.459	130.889
1078.751	132.778
1079.042	130.556
1079.333	131.667
1079.625	132.333
1079.916	130.444
1080.207	128.667
1080.498	127.556
1080.789	127.556
1081.080	124.222
1081.371	123.333
1081.662	124.889
1081.953	124.667
1082.244	122.667
1082.535	123.889
1082.826	123.111
1083.116	121.444
1083.407	119.667
1083.698	118.556
1083.988	116.000
1084.279	112.444
1084.569	111.111
1084.859	111.444
1085.150	110.111
1085.440	109.667
1085.730	114.222
1086.021	115.444
1086.311	116.556
1086.601	119.333
1086.891	123.000
1087.181	123.889
1087.471	124.111
1087.761	124.000
1088.051	125.556
1088.341	121.333
1088.631	119.333
1088.921	119.000
1089.210	114.778
1089.500	110.111
1089.790	106.778
1090.079	103.778
1090.369	101.444
1090.658	96.778
1090.948	94.444
1091.237	90.667
1091.526	86.000
1091.816	85.111
1092.105	83.556
1092.394	82.111
1092.683	80.889
1092.973	79.444
1093.262	78.556
1093.551	76.667
1093.840	76.778
1094.129	78.333
1094.417	78.667
1094.706	80.667
1094.995	81.667
1095.284	81.889
1095.573	83.778
1095.861	86.000
1096.150	89.222
1096.438	93.889
1096.727	96.000
1097.016	96.444
1097.304	98.111
1097.592	100.667
1097.881	103.444
1098.169	103.444
1098.457	105.222
1098.745	106.556
1099.034	104.111
1099.322	105.111
