520.430	0.000
520.800	0.000
521.169	57.000
521.539	57.000
521.909	54.000
522.278	70.000
522.648	60.000
523.017	66.000
523.387	65.000
523.756	63.000
524.125	55.000
524.494	75.000
524.864	59.000
525.233	63.000
525.602	64.000
525.971	62.000
526.340	62.000
526.709	65.000
527.078	57.000
527.447	71.000
527.816	81.444
528.185	162.667
528.553	250.444
528.922	347.333
529.291	463.889
529.659	611.444
530.028	791.889
530.396	1001.333
530.765	1238.778
531.133	1507.111
531.502	1759.444
531.870	2024.000
532.238	2308.444
532.606	2612.889
532.975	2871.556
533.343	3069.778
533.711	3222.000
534.079	3322.000
534.447	3360.000
534.815	3335.111
535.183	3227.444
535.551	3029.667
535.919	2730.556
536.286	2418.333
536.654	2125.222
537.022	1850.556
537.389	1603.667
537.757	1386.000
538.125	1218.556
538.492	1132.111
538.859	1129.667
539.227	1231.000
539.594	1360.556
539.961	1504.000
540.329	1668.222
540.696	1822.000
541.063	1939.778
541.430	2036.778
541.797	2135.778
542.164	2215.889
542.531	2255.000
542.898	2325.778
543.265	2429.000
543.632	2519.667
543.999	2644.556
544.366	2749.778
544.732	2775.111
545.099	2732.000
545.466	2636.333
545.832	2504.556
546.199	2326.444
546.565	2102.222
546.932	1884.778
547.298	1668.333
547.664	1545.444
548.031	1568.333
548.397	1676.222
548.763	1916.667
549.129	2233.222
549.495	2564.333
549.861	2905.333
550.227	3229.111
550.593	3524.444
550.959	3673.333
551.325	3633.556
551.691	3516.778
552.057	3270.556
552.422	2960.111
552.788	2618.111
553.154	2256.778
553.519	1905.778
553.885	1560.667
554.250	1310.556
554.616	1177.000
554.981	1103.222
555.347	1078.111
555.712	1079.222
556.077	1137.778
556.443	1225.111
556.808	1338.667
557.173	1456.000
557.538	1634.444
557.903	1854.556
558.268	2164.556
558.633	2478.556
558.998	2787.889
559.363	3071.333
559.727	3345.333
560.092	3582.778
560.457	3809.889
560.822	3856.444
561.186	3742.667
561.551	3527.444
561.915	3290.778
562.280	3020.111
562.644	2751.667
563.009	2511.333
563.373	2285.000
563.737	2109.778
564.102	2075.000
564.466	2084.111
564.830	2112.333
565.194	2184.000
565.558	2250.000
565.922	2297.889
566.286	2320.667
566.650	2340.889
567.014	2331.222
567.378	2374.778
567.741	2465.889
568.105	2544.778
568.469	2653.222
568.833	2806.222
569.196	3014.444
569.560	3211.778
569.923	3316.778
570.287	3397.111
570.650	3369.667
571.013	3275.222
571.377	3146.444
571.740	2926.556
572.103	2670.778
572.466	2398.333
572.830	2144.889
573.193	2000.000
573.556	1932.778
573.919	1907.333
574.282	1967.889
574.645	2108.667
575.007	2289.889
575.370	2562.556
575.733	2844.444
576.096	3028.556
576.458	3172.111
576.821	3236.778
577.184	3255.000
577.546	3281.556
577.909	3199.111
578.271	3066.000
578.633	2882.111
578.996	2660.667
579.358	2459.889
579.720	2255.667
580.083	2061.444
580.445	1911.222
580.807	1772.556
581.169	1629.556
581.531	1530.222
581.893	1424.889
582.255	1314.222
582.617	1287.444
582.979	1301.667
583.340	1317.333
583.702	1323.667
584.064	1292.778
584.425	1308.667
584.787	1368.444
585.149	1391.333
585.510	1427.222
585.872	1413.667
586.233	1372.889
586.594	1387.889
586.956	1372.889
587.317	1380.000
587.678	1384.889
588.039	1337.333
588.401	1335.667
588.762	1345.333
589.123	1374.444
589.484	1410.778
589.845	1348.778
590.206	1292.556
590.566	1247.222
590.927	1195.667
591.288	1159.333
591.649	1086.444
592.009	987.222
592.370	898.444
592.731	834.000
593.091	836.889
593.452	897.889
593.812	934.333
594.172	1010.222
594.533	1095.333
594.893	1196.444
595.253	1344.222
595.614	1457.444
595.974	1545.667
596.334	1568.889
596.694	1552.444
597.054	1525.222
597.414	1424.778
597.774	1317.889
598.134	1232.556
598.494	1152.000
598.853	1142.000
599.213	1130.889
599.573	1190.667
599.932	1313.000
600.292	1503.000
600.652	1872.667
601.011	2138.778
601.371	2444.556
601.730	2695.111
602.089	2873.333
602.449	3077.222
602.808	3199.444
603.167	3232.444
603.526	3256.333
603.886	3106.889
604.245	3079.333
604.604	2916.222
604.963	2735.111
605.322	2595.333
605.681	2443.889
606.040	2347.444
606.398	2220.000
606.757	2064.667
607.116	1972.000
607.475	1833.333
607.833	1821.889
608.192	1803.000
608.550	1773.889
608.909	1730.111
609.267	1701.111
609.626	1791.000
609.984	1882.667
610.342	2029.778
610.701	2132.222
611.059	2189.333
611.417	2282.333
611.775	2352.000
612.133	2506.556
612.491	2552.444
612.849	2637.667
613.207	2714.778
613.565	2746.667
613.923	2821.000
614.281	2806.222
614.638	2797.333
614.996	2771.556
615.354	2647.667
615.711	2554.000
616.069	2337.111
616.427	2119.444
616.784	1858.000
617.141	1631.000
617.499	1463.222
617.856	1291.556
618.213	1174.556
618.571	1070.333
618.928	1085.333
619.285	1117.556
619.642	1198.667
619.999	1259.889
620.356	1337.778
620.713	1434.556
621.070	1499.556
621.427	1555.444
621.784	1545.000
622.141	1484.333
622.497	1423.667
622.854	1330.444
623.211	1258.222
623.567	1150.000
623.924	1053.667
624.280	991.667
624.637	954.778
624.993	954.778
625.349	970.556
625.706	976.333
626.062	977.667
626.418	963.778
626.774	947.000
627.131	966.111
627.487	990.444
627.843	1034.222
628.199	1037.000
628.555	1034.889
628.911	1031.667
629.266	1032.889
629.622	1033.222
629.978	1035.889
630.334	1016.778
630.689	1003.111
631.045	965.222
631.401	948.556
631.756	903.222
632.112	867.889
632.467	840.889
632.822	840.556
633.178	866.778
633.533	896.222
633.888	922.778
634.243	948.000
634.599	1021.333
634.954	1137.667
635.309	1253.333
635.664	1382.333
636.019	1467.556
636.374	1555.333
636.729	1625.111
637.083	1723.000
637.438	1755.333
637.793	1767.000
638.148	1706.222
638.502	1654.222
638.857	1556.556
639.211	1487.778
639.566	1388.778
639.920	1279.222
640.275	1162.667
640.629	1050.778
640.983	954.333
641.338	890.667
641.692	865.444
642.046	897.222
642.400	983.111
642.754	1098.444
643.108	1236.111
643.462	1379.000
643.816	1591.889
644.170	1894.667
644.524	2169.778
644.878	2411.333
645.232	2484.556
645.585	2496.889
645.939	2509.111
646.293	2606.222
646.646	2627.667
647.000	2627.111
647.353	2438.778
647.707	2271.222
648.060	2072.333
648.413	1988.778
648.767	1871.889
649.120	1720.333
649.473	1470.333
649.826	1262.778
650.179	1041.667
650.533	903.333
650.885	770.778
651.239	673.333
651.591	589.444
651.944	564.444
652.297	541.444
652.650	519.000
653.003	523.222
653.355	571.333
653.708	700.556
654.061	832.444
654.413	997.556
654.766	1124.222
655.118	1286.889
655.471	1429.889
655.823	1582.222
656.175	1643.222
656.528	1650.556
656.880	1569.222
657.232	1487.111
657.584	1358.778
657.936	1273.778
658.288	1130.222
658.640	1012.667
658.992	878.222
659.344	824.667
659.696	810.889
660.048	901.444
660.400	979.444
660.751	1085.000
661.103	1125.778
661.455	1197.333
661.806	1301.333
662.158	1485.667
662.509	1621.000
662.861	1736.889
663.212	1737.556
663.563	1816.444
663.915	1879.444
664.266	2036.222
664.617	2103.333
664.968	2112.333
665.319	2002.444
665.670	1945.444
666.021	1876.444
666.372	1876.111
666.723	1781.222
667.074	1669.333
667.425	1476.556
667.776	1358.111
668.127	1252.000
668.477	1186.556
668.828	1087.556
669.179	981.111
669.529	845.222
669.880	771.889
670.230	752.667
670.581	802.667
670.931	853.556
671.281	876.889
671.632	874.000
671.982	859.222
672.332	858.000
672.682	846.667
673.032	802.444
673.382	730.000
673.732	643.333
674.082	584.333
674.432	594.333
674.782	592.444
675.132	611.111
675.482	610.000
675.831	622.000
676.181	628.111
676.531	647.778
676.880	660.333
677.230	692.000
677.579	696.444
677.929	752.444
678.278	824.444
678.628	924.444
678.977	1029.222
679.326	1161.444
679.675	1287.556
680.024	1375.111
680.374	1439.333
680.723	1492.000
681.072	1610.444
681.421	1671.667
681.770	1763.111
682.119	1770.556
682.467	1721.444
682.816	1608.222
683.165	1516.222
683.514	1404.667
683.862	1279.000
684.211	1074.444
684.559	921.111
684.908	752.889
685.256	655.889
685.605	629.556
685.953	642.333
686.302	737.000
686.650	789.778
686.998	900.667
687.346	1012.111
687.694	1075.444
688.043	1112.889
688.391	1131.889
688.739	1133.778
689.087	1162.556
689.435	1157.222
689.782	1186.222
690.130	1242.333
690.478	1271.000
690.826	1343.778
691.173	1383.889
691.521	1447.889
691.869	1480.111
692.216	1444.111
692.564	1370.889
692.911	1275.444
693.259	1141.556
693.606	1036.000
693.953	956.000
694.300	934.444
694.648	912.778
694.995	937.778
695.342	1006.889
695.689	1094.333
696.036	1175.778
696.383	1235.222
696.730	1273.444
697.077	1321.889
697.424	1339.444
697.771	1345.444
698.117	1333.222
698.464	1333.333
698.811	1366.000
699.157	1434.444
699.504	1569.444
699.850	1674.222
700.197	1755.333
700.543	1863.333
700.890	1995.556
701.236	2103.556
701.582	2073.889
701.929	1968.111
702.275	1840.889
702.621	1654.111
702.967	1518.000
703.313	1357.333
703.659	1192.222
704.005	1006.778
704.351	843.556
704.697	793.556
705.043	771.000
705.388	783.333
705.734	813.222
706.080	891.000
706.426	954.222
706.771	1047.778
707.117	1107.667
707.462	1112.333
707.808	1132.778
708.153	1138.000
708.498	1147.333
708.844	1133.556
709.189	1084.444
709.534	1048.333
709.879	993.333
710.225	997.444
710.570	1013.889
710.915	1077.222
711.260	1110.111
711.605	1139.444
711.950	1136.889
712.294	1089.444
712.639	1050.667
712.984	980.778
713.329	897.889
713.673	838.778
714.018	738.333
714.363	677.222
714.707	610.333
715.052	599.778
715.396	613.333
715.740	654.000
716.085	698.778
716.429	717.444
716.773	761.000
717.117	788.333
717.462	853.667
717.806	897.778
718.150	861.333
718.494	821.111
718.838	755.444
719.182	713.333
719.526	699.222
719.869	666.444
720.213	650.778
720.557	584.111
720.901	543.667
721.244	550.222
721.588	568.111
721.932	600.556
722.275	603.889
722.618	619.222
722.962	610.667
723.305	588.444
723.649	577.667
723.992	562.111
724.335	571.111
724.678	585.111
725.021	592.889
725.365	642.889
725.708	666.333
726.051	758.333
726.393	841.333
726.736	902.444
727.079	975.222
727.422	975.667
727.765	971.333
728.108	939.111
728.450	858.889
728.793	786.778
729.135	675.556
729.478	617.667
729.820	586.667
730.163	561.000
730.505	621.444
730.848	646.444
731.190	683.667
731.532	729.556
731.874	779.111
732.217	839.444
732.559	841.333
732.901	817.333
733.243	757.778
733.585	656.778
733.927	603.111
734.269	578.111
734.610	588.667
734.952	630.667
735.294	636.778
735.636	646.444
735.977	675.667
736.319	703.778
736.660	761.667
737.002	804.556
737.343	807.222
737.685	788.111
738.026	728.333
738.368	692.778
738.709	687.333
739.050	668.111
739.391	649.222
739.732	603.889
740.073	570.222
740.415	585.333
740.756	603.444
741.096	633.111
741.437	657.000
741.778	648.667
742.119	656.111
742.460	663.556
742.801	669.222
743.141	686.000
743.482	674.333
743.823	681.000
744.163	703.667
744.504	720.667
744.844	814.111
745.184	881.111
745.525	925.111
745.865	981.222
746.205	978.333
746.545	963.889
746.886	917.444
747.226	838.222
747.566	777.333
747.906	670.778
748.246	581.333
748.586	554.111
748.926	536.889
749.266	567.444
749.605	646.444
749.945	726.667
750.285	827.000
750.624	940.222
750.964	982.778
751.304	1000.556
751.643	981.444
751.983	957.222
752.322	986.333
752.661	973.667
753.001	939.111
753.340	947.111
753.679	920.111
754.018	901.667
754.358	912.222
754.697	910.667
755.036	887.778
755.375	808.556
755.714	746.889
756.053	765.444
756.392	760.111
756.730	707.333
757.069	694.889
757.408	677.556
757.747	661.000
758.085	669.222
758.424	686.000
758.762	686.556
759.101	647.889
759.439	581.111
759.778	546.444
760.116	516.444
760.454	496.000
760.793	493.778
761.131	508.000
761.469	522.000
761.807	538.222
762.145	548.111
762.483	533.222
762.821	520.667
763.159	516.556
763.497	514.667
763.835	538.111
764.173	577.222
764.510	601.889
764.848	618.556
765.186	642.333
765.523	672.889
765.861	699.222
766.198	733.222
766.536	757.556
766.873	761.556
767.211	740.222
767.548	696.556
767.885	652.889
768.223	604.333
768.560	582.000
768.897	607.333
769.234	678.333
769.571	742.667
769.908	796.333
770.245	844.222
770.582	873.778
770.919	883.889
771.256	906.778
771.593	951.556
771.929	958.333
772.266	932.222
772.603	924.000
772.939	918.556
773.276	937.444
773.612	978.333
773.949	1020.000
774.285	1072.667
774.622	1142.333
774.958	1234.778
775.294	1344.444
775.630	1408.556
775.966	1408.889
776.303	1378.111
776.639	1369.889
776.975	1361.444
777.311	1299.444
777.647	1187.556
777.983	1053.667
778.318	876.000
778.654	740.556
778.990	660.333
779.326	584.222
779.661	517.222
779.997	473.333
780.333	456.222
780.668	462.444
781.004	480.444
781.339	495.111
781.674	524.000
782.010	564.778
782.345	588.889
782.680	617.333
783.016	722.667
783.351	844.778
783.686	987.333
784.021	1198.333
784.356	1364.333
784.691	1433.000
785.026	1489.444
785.361	1559.333
785.695	1583.111
786.030	1528.778
786.365	1453.222
786.700	1311.556
787.034	1103.444
787.369	959.556
787.703	908.778
788.038	918.333
788.372	957.222
788.707	1003.444
789.041	1015.667
789.376	1005.556
789.710	1009.556
790.044	1015.222
790.378	1021.778
790.712	1022.444
791.046	954.333
791.380	837.333
791.714	769.000
792.048	772.444
792.382	815.778
792.716	915.889
793.050	1025.889
793.384	1080.778
793.718	1097.222
794.051	1122.000
794.385	1146.000
794.718	1131.222
795.052	1082.778
795.385	1006.000
795.719	877.667
796.052	744.889
796.386	668.556
796.719	634.444
797.052	622.556
797.385	615.444
797.719	605.889
798.052	594.000
798.385	609.222
798.718	654.778
799.051	714.444
799.384	777.333
799.716	821.889
800.049	832.222
800.382	840.222
800.715	885.000
801.048	965.444
801.380	1052.333
801.713	1116.000
802.045	1139.556
802.378	1121.333
802.710	1104.778
803.043	1129.889
803.375	1199.333
803.707	1258.667
804.040	1275.667
804.372	1246.556
804.704	1196.333
805.036	1188.222
805.368	1244.667
805.700	1309.111
806.032	1325.778
806.364	1287.889
806.696	1237.333
807.028	1222.111
807.360	1319.333
807.692	1568.778
808.023	1798.000
808.355	1910.000
808.687	1996.889
809.018	2111.889
809.350	2218.222
809.681	2334.556
810.013	2465.333
810.344	2513.444
810.676	2387.000
811.007	2225.889
811.338	2139.889
811.669	2056.556
812.001	1955.556
812.332	1912.556
812.663	1885.222
812.994	1774.889
813.325	1617.667
813.656	1489.000
813.987	1381.333
814.317	1266.444
814.648	1174.222
814.979	1098.889
815.310	995.667
815.640	891.667
815.971	897.000
816.301	1026.889
816.632	1211.889
816.962	1437.778
817.293	1727.889
817.623	2052.444
817.954	2367.556
818.284	2703.444
818.614	3063.333
818.944	3360.222
819.274	3507.889
819.605	3483.444
819.935	3394.667
820.265	3229.889
820.595	3011.111
820.924	2790.889
821.254	2558.222
821.584	2256.667
821.914	1912.333
822.244	1622.111
822.573	1499.778
822.903	1428.556
823.233	1355.111
823.562	1286.111
823.892	1226.222
824.221	1159.000
824.550	1085.667
824.880	1070.556
825.209	1095.556
825.538	1093.778
825.868	1089.667
826.197	1200.556
826.526	1498.111
826.855	1836.889
827.184	2178.778
827.513	2542.333
827.842	2891.444
828.171	3134.333
828.500	3254.667
828.828	3340.556
829.157	3433.222
829.486	3409.778
829.815	3282.667
830.143	3079.556
830.472	2847.556
830.800	2564.778
831.129	2312.778
831.457	2177.889
831.786	2121.222
832.114	1984.556
832.442	1740.000
832.770	1520.889
833.099	1389.000
833.427	1320.000
833.755	1285.000
834.083	1263.889
834.411	1247.444
834.739	1222.556
835.067	1192.778
835.395	1209.667
835.723	1308.222
836.050	1459.667
836.378	1554.556
836.706	1586.778
837.033	1617.778
837.361	1692.778
837.689	1762.222
838.016	1784.000
838.344	1785.889
838.671	1780.333
838.998	1726.778
839.326	1654.889
839.653	1602.444
839.980	1576.333
840.307	1508.111
840.634	1379.889
840.961	1261.778
841.289	1196.111
841.615	1218.444
841.942	1334.333
842.269	1476.778
842.596	1621.778
842.923	1807.111
843.250	2026.444
843.576	2249.222
843.903	2451.333
844.230	2707.222
844.556	2938.111
844.883	3059.333
845.209	3206.222
845.536	3360.556
845.862	3244.667
846.188	3053.333
846.515	2852.667
846.841	2685.222
847.167	2458.667
847.493	2204.444
847.819	1992.111
848.146	1757.889
848.472	1539.333
848.798	1606.222
849.123	1736.556
849.449	1825.667
849.775	1839.222
850.101	1802.778
850.427	1762.333
850.752	1802.444
851.078	1893.889
851.404	1966.556
851.729	2034.333
852.055	2163.333
852.380	2382.889
852.706	2620.778
853.031	2853.667
853.356	3148.333
853.682	3320.556
854.007	3463.333
854.332	3658.222
854.657	3805.444
854.982	3753.000
855.307	3620.000
855.632	3488.000
855.957	3297.333
856.282	2937.889
856.607	2585.111
856.932	2275.556
857.256	1970.333
857.581	1629.444
857.906	1391.778
858.230	1221.444
858.555	1103.778
858.880	1051.222
859.204	1025.889
859.529	1026.556
859.853	1073.667
860.177	1197.111
860.502	1333.222
860.826	1409.778
861.150	1478.889
861.474	1618.333
861.798	1824.000
862.122	2003.556
862.446	2094.222
862.770	2122.000
863.094	2186.111
863.418	2384.778
863.742	2629.889
864.066	2758.444
864.389	2820.778
864.713	2877.444
865.037	2954.667
865.360	2996.222
865.684	2930.000
866.008	2727.444
866.331	2440.222
866.654	2200.889
866.978	2049.444
867.301	1859.778
867.624	1609.556
867.948	1382.778
868.271	1288.000
868.594	1309.111
868.917	1360.556
869.240	1409.000
869.563	1505.889
869.886	1762.889
870.209	2091.667
870.532	2380.889
870.855	2548.778
871.177	2633.444
871.500	2713.000
871.823	2807.000
872.145	2898.889
872.468	2903.000
872.791	2781.222
873.113	2759.889
873.435	2825.778
873.758	3012.667
874.080	3242.667
874.402	3442.889
874.725	3456.333
875.047	3361.778
875.369	3245.444
875.691	3087.222
876.013	2762.111
876.335	2401.000
876.657	2034.778
876.979	1691.556
877.301	1348.333
877.623	1167.111
877.945	1084.778
878.266	1086.444
878.588	1235.444
878.910	1540.222
879.231	1839.444
879.553	2075.222
879.875	2231.667
880.196	2370.556
880.517	2514.333
880.839	2608.111
881.160	2601.778
881.481	2447.778
881.803	2179.778
882.124	1987.778
882.445	1920.778
882.766	1925.667
883.087	1908.333
883.408	1825.111
883.729	1749.222
884.050	1684.222
884.371	1629.000
884.692	1579.889
885.012	1469.778
885.333	1314.333
885.654	1153.444
885.974	1043.222
886.295	1020.889
886.616	1030.778
886.936	1099.444
887.257	1208.556
887.577	1321.778
887.897	1498.222
888.218	1718.222
888.538	1963.667
888.858	2181.333
889.178	2314.667
889.498	2395.778
889.818	2439.000
890.139	2492.556
890.458	2551.556
890.778	2521.333
891.098	2403.222
891.418	2239.778
891.738	2121.556
892.058	2082.333
892.377	2076.333
892.697	2040.111
893.017	1931.444
893.336	1788.889
893.656	1692.667
893.975	1686.889
894.295	1759.667
894.614	1844.111
894.933	1881.778
895.253	1890.111
895.572	1913.222
895.891	1995.778
896.210	2156.778
896.529	2353.778
896.848	2538.444
897.167	2682.444
897.486	2801.111
897.805	2966.111
898.124	3178.889
898.443	3401.889
898.762	3582.333
899.081	3676.556
899.399	3680.222
899.718	3604.778
900.036	3484.556
900.355	3364.556
900.673	3228.000
900.992	3069.889
901.310	2865.000
901.629	2628.111
901.947	2390.333
902.265	2171.000
902.583	1985.000
902.902	1827.889
903.220	1679.778
903.538	1566.778
903.856	1505.556
904.174	1543.444
904.492	1681.333
904.810	1855.667
905.128	2030.222
905.445	2145.556
905.763	2188.667
906.081	2174.778
906.398	2136.111
906.716	2060.333
907.034	1968.667
907.351	1841.889
907.669	1697.000
907.986	1559.222
908.304	1473.778
908.621	1431.556
908.938	1394.111
909.255	1319.000
909.573	1248.778
909.890	1158.889
910.207	1062.333
910.524	969.778
910.841	881.222
911.158	787.222
911.475	697.889
911.792	636.667
912.109	600.111
912.425	574.444
912.742	579.444
913.059	624.667
913.375	734.000
913.692	887.333
914.009	1045.222
914.325	1182.222
914.641	1289.000
914.958	1387.111
915.274	1484.222
915.591	1555.111
915.907	1634.889
916.223	1728.889
916.539	1825.889
916.855	1946.667
917.172	2081.667
917.488	2186.667
917.804	2254.000
918.119	2288.667
918.435	2318.667
918.751	2286.333
919.067	2146.889
919.383	1949.333
919.698	1728.778
920.014	1522.222
920.330	1378.222
920.645	1269.111
920.961	1188.333
921.276	1149.889
921.592	1174.000
921.907	1296.333
922.223	1464.000
922.538	1627.667
922.853	1818.889
923.168	2061.111
923.483	2391.889
923.799	2737.778
924.114	3040.667
924.429	3261.333
924.744	3355.778
925.059	3387.222
925.373	3407.889
925.688	3390.889
926.003	3282.556
926.318	3090.667
926.632	2860.889
926.947	2607.667
927.262	2357.889
927.576	2132.778
927.891	1913.111
928.205	1697.889
928.520	1485.111
928.834	1310.111
929.148	1146.778
929.463	1012.000
929.777	916.000
930.091	860.222
930.405	838.889
930.719	849.778
931.033	876.222
931.347	926.889
931.661	1002.222
931.975	1096.000
932.289	1208.222
932.603	1321.222
932.917	1395.889
933.230	1451.111
933.544	1477.444
933.858	1490.778
934.171	1499.111
934.485	1482.556
934.798	1463.222
935.112	1439.556
935.425	1406.333
935.738	1405.556
936.052	1423.444
936.365	1439.778
936.678	1461.222
936.991	1456.000
937.305	1426.222
937.618	1388.222
937.931	1330.778
938.244	1259.444
938.556	1197.000
938.869	1134.222
939.182	1092.000
939.495	1068.333
939.808	1046.000
940.120	1050.889
940.433	1063.778
940.746	1078.000
941.058	1127.444
941.371	1195.333
941.683	1288.778
941.996	1442.444
942.308	1623.333
942.620	1833.111
942.933	2038.444
943.245	2173.222
943.557	2264.222
943.869	2305.111
944.181	2302.000
944.493	2289.778
944.805	2253.333
945.117	2179.778
945.429	2087.222
945.741	1972.667
946.053	1867.000
946.365	1785.444
946.676	1716.000
946.988	1641.444
947.300	1562.333
947.611	1454.667
947.923	1351.556
948.234	1288.000
948.546	1273.889
948.857	1313.444
949.169	1407.333
949.480	1523.111
949.791	1661.889
950.102	1772.000
950.413	1844.111
950.725	1887.778
951.036	1890.444
951.347	1847.444
951.658	1793.444
951.969	1703.889
952.280	1590.889
952.590	1474.222
952.901	1375.000
953.212	1314.556
953.523	1297.111
953.833	1283.222
954.144	1280.556
954.454	1278.778
954.765	1254.778
955.075	1226.667
955.386	1198.333
955.696	1164.333
956.007	1126.778
956.317	1086.000
956.627	1040.444
956.937	1010.667
957.247	1002.444
957.558	1009.556
957.868	1050.556
958.178	1099.333
958.488	1137.222
958.797	1171.111
959.107	1179.778
959.417	1182.778
959.727	1183.333
960.037	1155.667
960.346	1120.889
960.656	1080.111
960.966	1031.000
961.275	986.444
961.585	952.667
961.894	914.333
962.203	875.333
962.513	836.778
962.822	794.778
963.131	758.111
963.441	709.222
963.750	651.333
964.059	601.444
964.368	550.444
964.677	511.000
964.986	490.000
965.295	467.667
965.604	468.778
965.913	457.111
966.221	454.889
966.530	468.222
966.839	512.556
967.148	576.778
967.456	650.333
967.765	730.667
968.073	811.111
968.382	866.444
968.690	946.000
968.999	1023.667
969.307	1089.333
969.615	1150.889
969.924	1199.778
970.232	1244.000
970.540	1291.667
970.848	1324.333
971.156	1343.667
971.464	1353.667
971.772	1338.000
972.080	1309.778
972.388	1271.222
972.696	1217.333
973.003	1157.556
973.311	1107.333
973.619	1063.333
973.926	1036.556
974.234	1025.222
974.542	1025.000
974.849	1033.111
975.157	1050.333
975.464	1065.889
975.771	1088.222
976.079	1106.556
976.386	1125.000
976.693	1154.222
977.000	1187.333
977.307	1217.667
977.615	1247.000
977.922	1261.889
978.229	1274.000
978.536	1283.667
978.842	1286.444
979.149	1284.556
979.456	1257.333
979.763	1208.667
980.070	1152.333
980.376	1087.778
980.683	1012.333
980.989	937.333
981.296	854.889
981.602	760.222
981.909	667.444
982.215	589.778
982.522	515.333
982.828	453.444
983.134	409.333
983.440	377.444
983.746	359.556
984.053	360.667
984.359	378.222
984.665	399.222
984.971	422.778
985.277	454.222
985.582	485.000
985.888	511.556
986.194	548.667
986.500	583.667
986.805	608.556
987.111	641.000
987.417	677.889
987.722	720.000
988.028	779.889
988.333	848.444
988.639	918.889
988.944	995.222
989.249	1060.778
989.555	1122.889
989.860	1182.222
990.165	1232.667
990.470	1273.111
990.775	1308.222
991.080	1336.000
991.385	1346.333
991.690	1360.111
991.995	1382.111
992.300	1397.889
992.605	1428.444
992.910	1482.222
993.214	1524.000
993.519	1549.333
993.824	1579.111
994.128	1607.333
994.433	1626.000
994.737	1639.778
995.042	1643.333
995.346	1615.333
995.650	1577.556
995.955	1532.000
996.259	1472.556
996.563	1410.778
996.867	1348.889
997.171	1272.222
997.476	1205.778
997.780	1137.556
998.083	1066.444
998.387	1004.111
998.691	948.000
998.995	890.444
999.299	836.667
999.603	793.000
999.906	738.111
1000.210	683.556
1000.514	643.333
1000.817	596.556
1001.121	540.889
1001.424	501.222
1001.728	471.222
1002.031	440.889
1002.334	422.444
1002.638	415.111
1002.941	408.667
1003.244	409.111
1003.547	412.333
1003.850	414.667
1004.153	419.000
1004.456	423.000
1004.759	431.667
1005.062	445.111
1005.365	454.222
1005.668	460.444
1005.971	475.889
1006.273	490.111
1006.576	499.000
1006.879	512.889
1007.181	524.444
1007.484	530.333
1007.786	545.667
1008.089	564.333
1008.391	575.556
1008.693	587.000
1008.996	604.000
1009.298	621.889
1009.600	648.778
1009.902	690.667
1010.204	721.333
1010.507	744.556
1010.809	781.667
1011.111	803.667
1011.412	814.333
1011.714	837.889
1012.016	853.778
1012.318	851.667
1012.620	853.556
1012.921	850.222
1013.223	828.111
1013.525	800.222
1013.826	793.333
1014.128	781.778
1014.429	764.333
1014.731	754.444
1015.032	738.444
1015.333	711.778
1015.635	699.889
1015.936	683.444
1016.237	658.778
1016.538	630.778
1016.839	598.000
1017.140	559.111
1017.441	519.556
1017.742	483.667
1018.043	440.111
1018.344	397.000
1018.645	364.889
1018.946	333.778
1019.246	307.000
1019.547	292.889
1019.848	277.444
1020.148	267.333
1020.449	262.000
1020.749	258.222
1021.050	259.222
1021.350	265.778
1021.651	274.333
1021.951	291.222
1022.251	310.222
1022.551	326.222
1022.852	340.000
1023.152	360.222
1023.452	375.333
1023.752	386.111
1024.052	404.000
1024.352	418.778
1024.652	423.000
1024.952	433.889
1025.251	445.444
1025.551	446.889
1025.851	446.667
1026.150	455.444
1026.450	458.667
1026.750	453.667
1027.049	458.222
1027.349	460.111
1027.648	452.333
1027.947	455.111
1028.247	468.000
1028.546	471.222
1028.845	480.000
1029.144	497.333
1029.444	503.556
1029.743	505.111
1030.042	518.111
1030.341	522.333
1030.640	516.222
1030.939	515.556
1031.238	515.778
1031.536	500.667
1031.835	486.000
1032.134	481.000
1032.433	466.222
1032.731	445.000
1033.030	430.556
1033.328	413.333
1033.627	390.778
1033.925	373.889
1034.224	359.111
1034.522	348.111
1034.820	331.667
1035.119	318.889
1035.417	300.889
1035.715	288.778
1036.013	280.667
1036.311	267.778
1036.609	257.889
1036.907	252.556
1037.205	238.556
1037.503	229.222
1037.801	224.667
1038.099	222.333
1038.397	213.778
1038.694	210.778
1038.992	216.000
1039.290	216.556
1039.587	219.778
1039.885	233.222
1040.182	247.333
1040.479	259.778
1040.777	290.444
1041.074	325.778
1041.372	353.333
1041.669	388.222
1041.966	440.111
1042.263	481.222
1042.560	522.778
1042.857	584.667
1043.154	636.556
1043.451	670.889
1043.748	719.000
1044.045	769.889
1044.342	789.556
1044.639	801.889
1044.935	832.000
1045.232	842.000
1045.529	825.889
1045.825	829.111
1046.122	821.667
1046.418	796.889
1046.715	788.222
1047.011	796.333
1047.308	784.000
1047.604	765.889
1047.900	765.889
1048.197	758.222
1048.493	728.556
1048.789	719.444
1049.085	704.556
1049.381	666.111
1049.677	630.556
1049.973	608.000
1050.269	577.556
1050.565	538.444
1050.860	515.889
1051.156	494.444
1051.452	456.667
1051.748	423.222
1052.043	396.000
1052.339	365.111
1052.634	333.000
1052.930	303.222
1053.225	273.556
1053.521	238.667
1053.816	214.333
1054.111	198.444
1054.407	184.333
1054.702	174.333
1054.997	167.556
1055.292	160.778
1055.587	155.667
1055.882	153.778
1056.177	154.889
1056.472	156.222
1056.767	160.778
1057.062	168.444
1057.357	173.444
1057.651	180.222
1057.946	194.778
1058.241	206.333
1058.535	214.111
1058.830	227.889
1059.124	244.778
1059.419	253.333
1059.713	266.111
1060.008	287.556
1060.302	304.889
1060.596	310.111
1060.890	326.333
1061.185	351.889
1061.479	360.222
1061.773	369.222
1062.067	397.111
1062.361	411.667
1062.655	411.778
1062.949	427.889
1063.243	449.889
1063.536	451.667
1063.830	446.667
1064.124	463.111
1064.418	468.778
1064.711	452.556
1065.005	448.556
1065.298	452.000
1065.592	430.000
1065.885	408.000
1066.179	405.778
1066.472	396.333
1066.765	373.111
1067.058	362.000
1067.352	355.889
1067.645	334.556
1067.938	314.556
1068.231	308.667
1068.524	298.556
1068.817	276.667
1069.110	262.111
1069.403	249.667
1069.696	225.333
1069.989	204.111
1070.281	192.778
1070.574	177.556
1070.867	159.778
1071.159	144.222
1071.452	133.889
1071.744	123.556
1072.037	113.889
1072.329	110.556
1072.622	107.333
1072.914	103.333
1073.206	101.444
1073.498	100.667
1073.791	102.889
1074.083	105.000
1074.375	108.333
1074.667	109.889
1074.959	111.000
1075.251	112.444
1075.543	115.444
1075.835	118.556
1076.126	121.333
1076.418	123.222
1076.710	124.556
1077.002	124.444
1077.293	127.556
1077.585	130.778
1077.876	132.444
1078.168	133.333
1078.459	135.778
1078.751	136.111
1079.042	133.556
1079.333	133.444
1079.625	133.444
1079.916	130.111
1080.207	128.556
1080.498	128.889
1080.789	128.000
1081.080	125.333
1081.371	124.556
1081.662	126.333
1081.953	125.778
1082.244	124.000
1082.535	125.444
1082.826	125.333
1083.116	123.444
1083.407	123.444
1083.698	123.222
1083.988	121.667
1084.279	119.222
1084.569	118.333
1084.859	119.111
1085.150	118.000
1085.440	118.889
1085.730	123.222
1086.021	124.556
1086.311	125.000
1086.601	127.000
1086.891	128.667
1087.181	128.556
1087.471	126.667
1087.761	125.889
1088.051	123.222
1088.341	117.333
1088.631	113.778
1088.921	110.889
1089.210	106.444
1089.500	102.333
1089.790	98.667
1090.079	95.556
1090.369	92.222
1090.658	88.556
1090.948	87.222
1091.237	84.222
1091.526	81.556
1091.816	80.889
1092.105	80.222
1092.394	79.667
1092.683	78.889
1092.973	78.667
1093.262	78.889
1093.551	77.778
1093.840	79.222
1094.129	81.778
1094.417	84.111
1094.706	86.556
1094.995	88.222
1095.284	91.111
1095.573	94.556
1095.861	97.000
1096.150	100.333
1096.438	104.556
1096.727	106.333
1097.016	105.444
1097.304	107.111
1097.592	108.778
1097.881	109.333
1098.169	107.667
1098.457	109.000
1098.745	109.667
1099.034	106.111
1099.322	106.556
