520.430	0.000
520.800	0.000
521.169	53.000
521.539	58.000
521.909	53.000
522.278	72.000
522.648	58.000
523.017	63.000
523.387	70.000
523.756	61.000
524.125	63.000
524.494	75.000
524.864	60.000
525.233	65.000
525.602	61.000
525.971	59.000
526.340	61.000
526.709	63.000
527.078	58.000
527.447	67.000
527.816	82.889
528.185	184.333
528.553	320.444
528.922	500.333
529.291	726.667
529.659	1011.444
530.028	1344.778
530.396	1720.778
530.765	2105.111
531.133	2491.667
531.502	2799.667
531.870	3046.222
532.238	3246.333
532.606	3412.000
532.975	3489.333
533.343	3455.000
533.711	3329.889
534.079	3137.889
534.447	2871.222
534.815	2567.889
535.183	2255.111
535.551	1926.778
535.919	1580.222
536.286	1272.556
536.654	1042.000
537.022	873.111
537.389	783.222
537.757	769.111
538.125	826.778
538.492	935.556
538.859	1090.444
539.227	1296.222
539.594	1535.222
539.961	1780.556
540.329	2043.111
540.696	2308.222
541.063	2506.889
541.430	2679.889
541.797	2850.000
542.164	2956.889
542.531	2990.333
542.898	2947.667
543.265	2846.111
543.632	2636.222
543.999	2373.222
544.366	2125.556
544.732	1852.333
545.099	1576.222
545.466	1349.889
545.832	1190.778
546.199	1095.889
546.565	1078.000
546.932	1162.333
547.298	1274.667
547.664	1411.444
548.031	1585.000
548.397	1702.556
548.763	1824.111
549.129	1894.889
549.495	1900.667
549.861	1863.444
550.227	1805.667
550.593	1758.222
550.959	1723.889
551.325	1688.111
551.691	1740.444
552.057	1767.556
552.422	1792.667
552.788	1815.667
553.154	1811.556
553.519	1792.556
553.885	1748.333
554.250	1658.000
554.616	1536.778
554.981	1386.889
555.347	1264.000
555.712	1185.222
556.077	1214.333
556.443	1346.222
556.808	1540.111
557.173	1772.333
557.538	2094.444
557.903	2402.556
558.268	2734.111
558.633	3028.889
558.998	3218.556
559.363	3289.778
559.727	3211.889
560.092	3031.222
560.457	2790.667
560.822	2472.778
561.186	2159.667
561.551	1802.556
561.915	1455.111
562.280	1186.778
562.644	978.333
563.009	865.889
563.373	803.667
563.737	799.778
564.102	847.333
564.466	912.556
564.830	1030.556
565.194	1202.778
565.558	1386.111
565.922	1593.444
566.286	1865.333
566.650	2142.556
567.014	2414.333
567.378	2717.667
567.741	2972.444
568.105	3175.000
568.469	3315.444
568.833	3366.111
569.196	3379.444
569.560	3281.333
569.923	3138.333
570.287	2972.556
570.650	2704.000
571.013	2471.889
571.377	2276.333
571.740	2138.556
572.103	2055.111
572.466	2007.000
572.830	1981.333
573.193	1966.556
573.556	1984.556
573.919	2014.556
574.282	2037.778
574.645	2052.000
575.007	2024.889
575.370	2035.556
575.733	2049.778
576.096	2071.778
576.458	2112.778
576.821	2175.444
577.184	2252.889
577.546	2370.000
577.909	2482.444
578.271	2525.333
578.633	2531.444
578.996	2465.556
579.358	2346.111
579.720	2232.889
580.083	2042.778
580.445	1857.333
580.807	1656.889
581.169	1420.778
581.531	1265.778
581.893	1134.556
582.255	1045.778
582.617	1045.000
582.979	1055.889
583.340	1145.222
583.702	1290.333
584.064	1404.556
584.425	1565.556
584.787	1724.111
585.149	1849.889
585.510	1976.222
585.872	2021.000
586.233	2018.000
586.594	1984.444
586.956	1900.556
587.317	1814.444
587.678	1673.667
588.039	1483.778
588.401	1313.667
588.762	1128.000
589.123	985.444
589.484	894.444
589.845	806.222
590.206	740.000
590.566	734.111
590.927	758.889
591.288	833.889
591.649	939.889
592.009	1025.556
592.370	1161.222
592.731	1257.000
593.091	1356.333
593.452	1446.000
593.812	1488.556
594.172	1503.778
594.533	1489.333
594.893	1454.333
595.253	1451.667
595.614	1380.333
595.974	1338.778
596.334	1275.556
596.694	1189.111
597.054	1155.000
597.414	1133.222
597.774	1131.778
598.134	1126.111
598.494	1109.000
598.853	1102.889
599.213	1096.667
599.573	1071.889
599.932	1073.000
600.292	1013.667
600.652	975.000
601.011	921.444
601.371	883.222
601.730	881.000
602.089	906.667
602.449	966.000
602.808	1058.778
603.167	1133.222
603.526	1256.222
603.886	1347.556
604.245	1477.333
604.604	1547.778
604.963	1589.222
605.322	1592.667
605.681	1537.111
606.040	1467.222
606.398	1391.778
606.757	1284.111
607.116	1192.889
607.475	1084.444
607.833	1050.444
608.192	1018.667
608.550	1091.333
608.909	1212.444
609.267	1314.111
609.626	1493.889
609.984	1675.444
610.342	1913.222
610.701	2094.889
611.059	2249.333
611.417	2415.444
611.775	2458.667
612.133	2564.667
612.491	2640.000
612.849	2741.333
613.207	2772.556
613.565	2716.333
613.923	2713.889
614.281	2669.222
614.638	2633.667
614.996	2593.667
615.354	2472.667
615.711	2377.444
616.069	2133.444
616.427	1995.000
616.784	1877.333
617.141	1787.333
617.499	1719.111
617.856	1620.111
618.213	1579.222
618.571	1528.444
618.928	1536.889
619.285	1561.000
619.642	1571.889
619.999	1560.778
620.356	1519.444
620.713	1496.000
621.070	1495.667
621.427	1515.111
621.784	1532.778
622.141	1574.111
622.497	1647.556
622.854	1742.000
623.211	1824.111
623.567	1894.111
623.924	1960.222
624.280	1982.000
624.637	1975.333
624.993	1909.889
625.349	1780.333
625.706	1607.889
626.062	1394.778
626.418	1214.333
626.774	1039.333
627.131	879.778
627.487	758.333
627.843	662.444
628.199	634.222
628.555	669.778
628.911	734.778
629.266	816.556
629.622	897.556
629.978	962.778
630.334	1023.333
630.689	1032.000
631.045	999.889
631.401	949.111
631.756	860.667
632.112	791.222
632.467	723.556
632.822	687.000
633.178	675.333
633.533	652.778
633.888	663.667
634.243	717.000
634.599	766.333
634.954	779.556
635.309	793.667
635.664	820.000
636.019	833.111
636.374	859.556
636.729	859.000
637.083	866.444
637.438	834.556
637.793	817.889
638.148	809.333
638.502	799.000
638.857	760.889
639.211	719.444
639.566	666.000
639.920	633.000
640.275	610.889
640.629	587.000
640.983	574.889
641.338	561.444
641.692	570.333
642.046	598.667
642.400	663.111
642.754	717.667
643.108	809.000
643.462	928.333
643.816	1076.222
644.170	1279.667
644.524	1462.111
644.878	1634.889
645.232	1747.889
645.585	1877.889
645.939	1995.667
646.293	2118.111
646.646	2129.111
647.000	2125.667
647.353	1990.444
647.707	1874.556
648.060	1702.667
648.413	1552.000
648.767	1338.000
649.120	1141.444
649.473	918.889
649.826	770.444
650.179	633.889
650.533	563.889
650.885	524.889
651.239	538.889
651.591	611.111
651.944	697.222
652.297	785.000
652.650	863.000
653.003	975.222
653.355	1088.667
653.708	1255.111
654.061	1377.444
654.413	1481.889
654.766	1495.000
655.118	1518.222
655.471	1542.111
655.823	1613.444
656.175	1610.000
656.528	1582.000
656.880	1460.111
657.232	1355.000
657.584	1258.556
657.936	1238.111
658.288	1181.444
658.640	1113.778
658.992	986.111
659.344	897.889
659.696	796.000
660.048	729.444
660.400	660.889
660.751	606.111
661.103	518.000
661.455	459.000
661.806	404.889
662.158	385.778
662.509	381.000
662.861	419.444
663.212	484.000
663.563	610.111
663.915	746.333
664.266	940.667
664.617	1076.889
664.968	1214.111
665.319	1288.111
665.670	1338.333
666.021	1341.333
666.372	1334.778
666.723	1279.667
667.074	1248.000
667.425	1159.333
667.776	1125.889
668.127	1043.778
668.477	985.333
668.828	934.111
669.179	951.556
669.529	967.333
669.880	988.222
670.230	943.111
670.581	898.889
670.931	859.000
671.281	915.778
671.632	996.778
671.982	1098.333
672.332	1166.778
672.682	1203.556
673.032	1230.667
673.382	1254.556
673.732	1301.333
674.082	1308.222
674.432	1280.444
674.782	1239.111
675.132	1204.556
675.482	1137.111
675.831	1108.222
676.181	1049.000
676.531	1027.222
676.880	973.444
677.230	951.778
677.579	899.333
677.929	846.111
678.278	766.778
678.628	692.556
678.977	604.667
679.326	558.667
679.675	527.222
680.024	513.444
680.374	523.222
680.723	518.556
681.072	527.889
681.421	519.889
681.770	525.111
682.119	520.889
682.467	500.556
682.816	458.556
683.165	419.000
683.514	367.556
683.862	369.000
684.211	373.778
684.559	395.556
684.908	429.556
685.256	443.778
685.605	464.111
685.953	478.556
686.302	499.000
686.650	515.778
686.998	538.444
687.346	557.333
687.694	594.222
688.043	631.000
688.391	712.111
688.739	822.778
689.087	953.667
689.435	1142.222
689.782	1270.556
690.130	1422.000
690.478	1548.000
690.826	1689.778
691.173	1797.667
691.521	1861.667
691.869	1869.444
692.216	1798.111
692.564	1663.556
692.911	1547.333
693.259	1373.889
693.606	1207.333
693.953	1001.667
694.300	823.667
694.648	690.889
694.995	583.778
695.342	535.222
695.689	501.778
696.036	513.222
696.383	593.222
696.730	672.333
697.077	772.778
697.424	841.556
697.771	862.778
698.117	884.333
698.464	904.556
698.811	913.444
699.157	922.000
699.504	902.556
699.850	894.333
700.197	892.444
700.543	939.000
700.890	1023.444
701.236	1122.556
701.582	1146.333
701.929	1157.333
702.275	1145.444
702.621	1092.000
702.967	1042.333
703.313	962.333
703.659	877.556
704.005	774.667
704.351	662.556
704.697	635.000
705.043	634.111
705.388	653.889
705.734	671.667
706.080	681.778
706.426	692.889
706.771	707.444
707.117	731.778
707.462	779.333
707.808	841.333
708.153	876.778
708.498	927.000
708.844	986.444
709.189	1104.778
709.534	1216.333
709.879	1339.222
710.225	1481.667
710.570	1525.222
710.915	1575.333
711.260	1551.889
711.605	1494.000
711.950	1424.556
712.294	1301.333
712.639	1195.556
712.984	1045.889
713.329	879.444
713.673	773.667
714.018	654.667
714.363	616.111
714.707	575.111
715.052	550.444
715.396	525.889
715.740	525.000
716.085	557.667
716.429	600.222
716.773	705.667
717.117	750.111
717.462	813.556
717.806	874.778
718.150	898.333
718.494	923.333
718.838	912.000
719.182	892.222
719.526	855.667
719.869	758.333
720.213	727.667
720.557	675.000
720.901	670.222
721.244	686.444
721.588	687.444
721.932	694.333
722.275	657.778
722.618	621.111
722.962	581.778
723.305	525.556
723.649	468.222
723.992	384.333
724.335	317.556
724.678	274.667
725.021	247.000
725.365	272.000
725.708	303.444
726.051	371.333
726.393	433.556
726.736	487.778
727.079	563.222
727.422	604.667
727.765	643.444
728.108	651.889
728.450	620.778
728.793	585.778
729.135	522.444
729.478	476.889
729.820	443.889
730.163	392.333
730.505	377.667
730.848	349.556
731.190	341.222
731.532	349.333
731.874	361.222
732.217	383.444
732.559	395.333
732.901	412.000
733.243	437.444
733.585	449.111
733.927	474.889
734.269	500.667
734.610	522.667
734.952	552.778
735.294	575.333
735.636	618.111
735.977	669.778
736.319	694.222
736.660	743.889
737.002	772.333
737.343	761.556
737.685	748.556
738.026	710.778
738.368	667.667
738.709	604.333
739.050	523.111
739.391	466.667
739.732	401.667
740.073	367.000
740.415	389.556
740.756	407.556
741.096	437.111
741.437	465.778
741.778	487.000
742.119	522.000
742.460	540.667
742.801	535.222
743.141	515.333
743.482	465.444
743.823	429.444
744.163	401.778
744.504	379.444
744.844	377.889
745.184	366.889
745.525	374.222
745.865	408.111
746.205	416.111
746.545	440.222
746.886	474.556
747.226	487.000
747.566	499.667
747.906	491.556
748.246	466.222
748.586	428.333
748.926	378.333
749.266	364.111
749.605	345.556
749.945	310.111
750.285	291.333
750.624	275.556
750.964	262.111
751.304	274.333
751.643	301.444
751.983	323.556
752.322	356.667
752.661	410.778
753.001	443.889
753.340	466.000
753.679	474.444
754.018	486.222
754.358	519.000
754.697	555.000
755.036	608.111
755.375	677.778
755.714	697.667
756.053	726.000
756.392	762.111
756.730	774.667
757.069	774.444
757.408	741.444
757.747	689.000
758.085	641.778
758.424	571.889
758.762	511.556
759.101	463.667
759.439	419.889
759.778	407.222
760.116	428.111
760.454	460.889
760.793	485.556
761.131	502.000
761.469	500.111
761.807	494.667
762.145	492.444
762.483	489.000
762.821	499.889
763.159	521.556
763.497	520.556
763.835	516.444
764.173	507.222
764.510	490.111
764.848	483.111
765.186	480.111
765.523	473.444
765.861	467.444
766.198	450.889
766.536	433.778
766.873	429.333
767.211	425.778
767.548	416.111
767.885	415.333
768.223	426.333
768.560	447.111
768.897	463.111
769.234	479.444
769.571	491.889
769.908	490.667
770.245	485.333
770.582	494.000
770.919	500.000
771.256	498.333
771.593	491.889
771.929	480.333
772.266	459.000
772.603	443.000
772.939	431.444
773.276	421.667
773.612	416.111
773.949	422.556
774.285	445.444
774.622	472.111
774.958	497.667
775.294	537.889
775.630	582.000
775.966	606.556
776.303	620.111
776.639	640.778
776.975	652.778
777.311	666.778
777.647	675.556
777.983	657.000
778.318	610.444
778.654	573.111
778.990	557.333
779.326	555.111
779.661	565.111
779.997	570.000
780.333	552.444
780.668	543.556
781.004	545.889
781.339	535.556
781.674	527.444
782.010	536.667
782.345	543.333
782.680	534.889
783.016	561.111
783.351	590.222
783.686	622.556
784.021	693.222
784.356	771.889
784.691	832.000
785.026	919.333
785.361	1041.000
785.695	1152.444
786.030	1262.333
786.365	1361.556
786.700	1399.778
787.034	1382.667
787.369	1357.778
787.703	1338.778
788.038	1275.444
788.372	1180.333
788.707	1082.556
789.041	939.222
789.376	796.444
789.710	697.222
790.044	620.778
790.378	560.889
790.712	507.111
791.046	459.222
791.380	417.111
791.714	397.444
792.048	401.000
792.382	437.667
792.716	507.000
793.050	568.778
793.384	607.556
793.718	656.889
794.051	761.444
794.385	887.222
794.718	1005.889
795.052	1145.000
795.385	1259.444
795.719	1291.333
796.052	1293.333
796.386	1311.778
796.719	1319.444
797.052	1272.444
797.385	1198.444
797.719	1114.778
798.052	995.889
798.385	890.111
798.718	856.889
799.051	882.667
799.384	944.222
799.716	994.556
800.049	1000.778
800.382	969.889
800.715	936.778
801.048	915.889
801.380	883.222
801.713	835.778
802.045	774.222
802.378	679.444
802.710	598.222
803.043	577.444
803.375	622.444
803.707	707.111
804.040	808.889
804.372	905.111
804.704	972.889
805.036	1010.667
805.368	1033.333
805.700	1055.778
806.032	1061.000
806.364	1017.556
806.696	935.778
807.028	833.556
807.360	755.111
807.692	730.556
808.023	748.111
808.355	790.556
808.687	842.111
809.018	898.556
809.350	958.556
809.681	1034.444
810.013	1134.333
810.344	1217.333
810.676	1245.222
811.007	1246.111
811.338	1240.111
811.669	1222.667
812.001	1215.111
812.332	1257.889
812.663	1305.000
812.994	1303.000
813.325	1288.222
813.656	1315.556
813.987	1364.111
814.317	1389.000
814.648	1414.000
814.979	1420.111
815.310	1355.778
815.640	1250.556
815.971	1170.333
816.301	1129.667
816.632	1086.333
816.962	1026.111
817.293	999.333
817.623	980.889
817.954	966.111
818.284	1004.889
818.614	1172.889
818.944	1403.778
819.274	1568.000
819.605	1693.111
819.935	1861.667
820.265	2023.556
820.595	2136.000
820.924	2250.889
821.254	2395.556
821.584	2431.222
821.914	2341.556
822.244	2254.333
822.573	2220.778
822.903	2147.000
823.233	2021.889
823.562	1917.556
823.892	1830.111
824.221	1687.778
824.550	1504.111
824.880	1377.778
825.209	1288.444
825.538	1159.444
825.868	1017.111
826.197	914.556
826.526	838.778
826.855	754.778
827.184	685.111
827.513	711.111
827.842	832.222
828.171	971.778
828.500	1114.444
828.828	1333.000
829.157	1690.444
829.486	2070.444
829.815	2374.667
830.143	2650.444
830.472	2916.778
830.800	3048.444
831.129	3058.333
831.457	3037.889
831.786	2993.889
832.114	2827.667
832.442	2573.333
832.770	2328.111
833.099	2092.444
833.427	1829.333
833.755	1611.778
834.083	1498.556
834.411	1466.444
834.739	1422.333
835.067	1321.889
835.395	1233.556
835.723	1184.778
836.050	1153.778
836.378	1109.556
836.706	1060.556
837.033	1030.000
837.361	1057.778
837.689	1150.778
838.016	1278.000
838.344	1463.333
838.671	1788.000
838.998	2155.667
839.326	2465.778
839.653	2642.667
839.980	2796.444
840.307	2900.444
840.634	2899.000
840.961	2843.667
841.289	2766.778
841.615	2603.444
841.942	2351.000
842.269	2090.778
842.596	1935.444
842.923	1822.222
843.250	1724.667
843.576	1629.889
843.903	1547.778
844.230	1458.667
844.556	1355.778
844.883	1292.333
845.209	1267.222
845.536	1262.778
845.862	1227.444
846.188	1165.333
846.515	1128.000
846.841	1137.556
847.167	1207.111
847.493	1346.111
847.819	1487.222
848.146	1569.444
848.472	1594.556
848.798	1594.556
849.123	1573.778
849.449	1543.000
849.775	1495.000
850.101	1402.889
850.427	1255.333
850.752	1133.667
851.078	1070.111
851.404	1037.778
851.729	1014.667
852.055	986.111
852.380	961.444
852.706	941.333
853.031	925.000
853.356	930.000
853.682	1017.222
854.007	1179.333
854.332	1310.778
854.657	1405.667
854.982	1539.556
855.307	1740.667
855.632	1984.000
855.957	2178.889
856.282	2351.333
856.607	2555.667
856.932	2720.778
857.256	2956.667
857.581	3039.222
857.906	2974.444
858.230	2823.889
858.555	2645.111
858.880	2498.000
859.204	2293.222
859.529	1959.778
859.853	1686.444
860.177	1459.333
860.502	1395.111
860.826	1369.667
861.150	1346.778
861.474	1322.444
861.798	1306.444
862.122	1297.667
862.446	1260.333
862.770	1198.333
863.094	1177.444
863.418	1256.778
863.742	1366.778
864.066	1430.778
864.389	1522.222
864.713	1739.000
865.037	2089.444
865.360	2447.222
865.684	2678.667
866.008	2817.333
866.331	2976.556
866.654	3184.222
866.978	3410.111
867.301	3456.333
867.624	3301.778
867.948	2994.889
868.271	2680.111
868.594	2431.444
868.917	2172.444
869.240	1824.222
869.563	1477.889
869.886	1202.778
870.209	1072.778
870.532	988.556
870.855	912.333
871.177	837.444
871.500	801.667
871.823	813.778
872.145	848.000
872.468	850.000
872.791	826.889
873.113	859.333
873.435	966.000
873.758	1100.222
874.080	1219.556
874.402	1303.778
874.725	1393.444
875.047	1536.778
875.369	1748.556
875.691	1939.778
876.013	2023.333
876.335	2029.000
876.657	2024.444
876.979	2056.333
877.301	2062.556
877.623	1992.222
877.945	1835.111
878.266	1643.889
878.588	1521.444
878.910	1498.444
879.231	1490.556
879.553	1451.889
879.875	1367.556
880.196	1312.222
880.517	1326.333
880.839	1402.889
881.160	1495.556
881.481	1544.000
881.803	1584.000
882.124	1746.556
882.445	2034.111
882.766	2368.000
883.087	2642.444
883.408	2784.889
883.729	2830.222
884.050	2832.222
884.371	2849.444
884.692	2886.667
885.012	2839.000
885.333	2702.778
885.654	2532.222
885.974	2430.667
886.295	2428.778
886.616	2444.889
886.936	2424.222
887.257	2338.111
887.577	2186.333
887.897	2044.778
888.218	1914.778
888.538	1798.222
888.858	1646.778
889.178	1465.667
889.498	1303.889
889.818	1194.889
890.139	1178.889
890.458	1248.778
890.778	1341.111
891.098	1450.333
891.418	1584.000
891.738	1802.222
892.058	2081.111
892.377	2353.444
892.697	2558.889
893.017	2639.444
893.336	2600.778
893.656	2504.111
893.975	2387.000
894.295	2259.222
894.614	2075.667
894.933	1833.556
895.253	1599.333
895.572	1397.333
895.891	1255.889
896.210	1164.889
896.529	1075.000
896.848	989.444
897.167	907.333
897.486	835.667
897.805	814.778
898.124	801.222
898.443	809.667
898.762	832.556
899.081	867.111
899.399	946.667
899.718	1058.556
900.036	1203.111
900.355	1379.667
900.673	1534.222
900.992	1691.444
901.310	1836.667
901.629	1963.889
901.947	2072.778
902.265	2132.667
902.583	2167.333
902.902	2176.000
903.220	2128.556
903.538	2051.000
903.856	1955.444
904.174	1877.222
904.492	1832.111
904.810	1786.444
905.128	1723.889
905.445	1612.000
905.763	1464.111
906.081	1341.000
906.398	1283.667
906.716	1244.333
907.034	1231.111
907.351	1220.556
907.669	1223.333
907.986	1241.778
908.304	1276.000
908.621	1359.667
908.938	1505.333
909.255	1680.111
909.573	1906.889
909.890	2115.333
910.207	2312.556
910.524	2520.111
910.841	2761.778
911.158	3007.889
911.475	3178.222
911.792	3221.667
912.109	3156.778
912.425	3020.667
912.742	2865.222
913.059	2685.111
913.375	2479.889
913.692	2256.778
914.009	2026.778
914.325	1823.222
914.641	1648.889
914.958	1493.222
915.274	1351.889
915.591	1228.222
915.907	1162.000
916.223	1162.556
916.539	1196.222
916.855	1272.222
917.172	1363.556
917.488	1463.889
917.804	1577.333
918.119	1684.556
918.435	1788.111
918.751	1859.556
919.067	1869.333
919.383	1837.556
919.698	1772.556
920.014	1690.222
920.330	1625.778
920.645	1575.000
920.961	1533.222
921.276	1479.778
921.592	1387.556
921.907	1280.444
922.223	1173.667
922.538	1069.333
922.853	984.667
923.168	906.000
923.483	821.556
923.799	734.556
924.114	643.111
924.429	579.444
924.744	543.333
925.059	517.556
925.373	509.667
925.688	521.778
926.003	561.444
926.318	651.222
926.632	763.444
926.947	885.000
927.262	982.333
927.576	1048.444
927.891	1105.444
928.205	1152.333
928.520	1183.222
928.834	1206.778
929.148	1213.889
929.463	1238.333
929.777	1287.778
930.091	1356.222
930.405	1425.889
930.719	1465.889
931.033	1479.000
931.347	1479.111
931.661	1462.000
931.975	1413.556
932.289	1325.889
932.603	1200.667
932.917	1062.667
933.230	952.333
933.544	884.000
933.858	848.444
934.171	839.000
934.485	832.000
934.798	866.111
935.112	968.778
935.425	1149.333
935.738	1404.889
936.052	1673.889
936.365	1900.556
936.678	2091.222
936.991	2233.556
937.305	2357.889
937.618	2469.889
937.931	2529.111
938.244	2540.222
938.556	2516.111
938.869	2457.000
939.182	2403.222
939.495	2351.444
939.808	2280.778
940.120	2180.556
940.433	2023.778
940.746	1828.667
941.058	1613.222
941.371	1374.333
941.683	1150.333
941.996	973.000
942.308	829.889
942.620	740.000
942.933	700.111
943.245	680.889
943.557	687.111
943.869	707.333
944.181	737.778
944.493	791.556
944.805	860.556
945.117	944.222
945.429	1044.556
945.741	1123.111
946.053	1190.889
946.365	1247.889
946.676	1280.778
946.988	1293.000
947.300	1287.333
947.611	1242.111
947.923	1175.333
948.234	1102.333
948.546	1034.778
948.857	988.778
949.169	963.556
949.480	932.778
949.791	916.444
950.102	900.444
950.413	884.556
950.725	883.444
951.036	880.333
951.347	874.111
951.658	883.444
951.969	884.778
952.280	889.778
952.590	915.667
952.901	935.333
953.212	952.444
953.523	978.556
953.833	996.778
954.144	1028.556
954.454	1054.333
954.765	1071.333
955.075	1099.444
955.386	1124.111
955.696	1155.889
956.007	1213.667
956.317	1279.000
956.627	1344.000
956.937	1420.111
957.247	1497.111
957.558	1562.000
957.868	1622.778
958.178	1649.778
958.488	1639.556
958.797	1598.111
959.107	1509.333
959.417	1400.778
959.727	1276.889
960.037	1135.111
960.346	1008.667
960.656	901.667
960.966	817.889
961.275	772.000
961.585	767.333
961.894	785.778
962.203	829.778
962.513	899.111
962.822	972.222
963.131	1046.444
963.441	1106.444
963.750	1143.889
964.059	1166.889
964.368	1172.889
964.677	1169.889
964.986	1164.222
965.295	1144.222
965.604	1135.333
965.913	1102.889
966.221	1080.667
966.530	1066.444
966.839	1071.000
967.148	1077.111
967.456	1071.556
967.765	1064.667
968.073	1049.111
968.382	1010.222
968.690	1000.778
968.999	983.667
969.307	953.111
969.615	923.111
969.924	890.444
970.232	871.111
970.540	872.778
970.848	887.667
971.156	914.222
971.464	959.556
971.772	1008.778
972.080	1075.778
972.388	1150.111
972.696	1214.111
973.003	1261.333
973.311	1285.889
973.619	1280.222
973.926	1254.111
974.234	1205.778
974.542	1142.444
974.849	1068.778
975.157	989.333
975.464	905.556
975.771	835.111
976.079	777.667
976.386	736.889
976.693	718.000
977.000	709.556
977.307	705.889
977.615	707.333
977.922	693.889
978.229	681.111
978.536	664.444
978.842	630.222
979.149	592.444
979.456	549.111
979.763	495.444
980.070	446.222
980.376	411.333
980.683	387.556
980.989	377.667
981.296	383.778
981.602	407.444
981.909	441.000
982.215	489.667
982.522	545.333
982.828	602.778
983.134	659.444
983.440	715.889
983.746	762.556
984.053	805.889
984.359	841.000
984.665	855.667
984.971	861.333
985.277	866.778
985.582	858.111
985.888	843.000
986.194	833.333
986.500	823.556
986.805	814.556
987.111	810.111
987.417	811.333
987.722	810.889
988.028	817.556
988.333	830.444
988.639	844.333
988.944	859.111
989.249	870.222
989.555	876.111
989.860	887.000
990.165	902.333
990.470	925.667
990.775	942.778
991.080	965.333
991.385	980.444
991.690	988.000
991.995	997.556
992.300	1001.111
992.605	1000.556
992.910	1003.889
993.214	988.667
993.519	959.444
993.824	923.111
994.128	884.222
994.433	843.222
994.737	802.556
995.042	758.667
995.346	702.000
995.650	643.333
995.955	590.444
996.259	537.778
996.563	494.889
996.867	456.889
997.171	417.111
997.476	387.333
997.780	364.222
998.083	347.000
998.387	336.667
998.691	330.889
998.995	330.444
999.299	329.444
999.603	330.222
999.906	329.778
1000.210	329.000
1000.514	331.556
1000.817	333.444
1001.121	345.778
1001.424	360.667
1001.728	377.444
1002.031	403.889
1002.334	433.000
1002.638	463.667
1002.941	514.333
1003.244	568.333
1003.547	610.444
1003.850	654.556
1004.153	698.889
1004.456	728.556
1004.759	759.222
1005.062	800.667
1005.365	829.778
1005.668	846.667
1005.971	878.111
1006.273	907.667
1006.576	928.333
1006.879	960.778
1007.181	994.778
1007.484	1025.111
1007.786	1067.778
1008.089	1106.556
1008.391	1118.333
1008.693	1124.333
1008.996	1132.556
1009.298	1123.222
1009.600	1112.778
1009.902	1111.333
1010.204	1087.556
1010.507	1047.222
1010.809	1019.889
1011.111	989.222
1011.412	945.444
1011.714	915.000
1012.016	889.889
1012.318	854.556
1012.620	826.444
1012.921	794.222
1013.223	747.778
1013.525	706.778
1013.826	678.778
1014.128	642.556
1014.429	604.667
1014.731	568.222
1015.032	524.000
1015.333	476.000
1015.635	448.667
1015.936	425.889
1016.237	402.111
1016.538	389.667
1016.839	381.556
1017.140	371.667
1017.441	363.778
1017.742	358.778
1018.043	348.222
1018.344	336.556
1018.645	327.667
1018.946	315.667
1019.246	303.444
1019.547	299.333
1019.848	292.000
1020.148	294.444
1020.449	305.222
1020.749	313.667
1021.050	331.111
1021.350	353.222
1021.651	372.333
1021.951	391.667
1022.251	412.222
1022.551	432.778
1022.852	440.667
1023.152	451.333
1023.452	468.333
1023.752	468.667
1024.052	480.000
1024.352	500.000
1024.652	508.111
1024.952	522.889
1025.251	543.778
1025.551	559.000
1025.851	567.889
1026.150	587.222
1026.450	604.778
1026.750	604.111
1027.049	609.000
1027.349	618.222
1027.648	610.444
1027.947	601.444
1028.247	606.556
1028.546	601.000
1028.845	584.444
1029.144	580.111
1029.444	569.000
1029.743	543.222
1030.042	522.778
1030.341	503.222
1030.640	475.000
1030.939	444.444
1031.238	421.111
1031.536	393.333
1031.835	360.889
1032.134	339.444
1032.433	317.556
1032.731	294.111
1033.030	276.667
1033.328	262.889
1033.627	247.000
1033.925	234.000
1034.224	224.333
1034.522	222.000
1034.820	214.778
1035.119	212.556
1035.417	209.000
1035.715	209.444
1036.013	212.778
1036.311	217.333
1036.609	224.444
1036.907	235.333
1037.205	239.333
1037.503	247.778
1037.801	264.778
1038.099	278.778
1038.397	285.778
1038.694	303.111
1038.992	320.111
1039.290	326.667
1039.587	335.556
1039.885	351.778
1040.182	361.444
1040.479	361.444
1040.777	374.000
1041.074	387.333
1041.372	384.667
1041.669	386.556
1041.966	399.000
1042.263	398.667
1042.560	397.444
1042.857	409.889
1043.154	415.333
1043.451	412.111
1043.748	418.222
1044.045	426.000
1044.342	422.222
1044.639	419.000
1044.935	424.222
1045.232	416.222
1045.529	400.667
1045.825	397.667
1046.122	388.889
1046.418	370.111
1046.715	360.222
1047.011	353.111
1047.308	338.667
1047.604	324.667
1047.900	318.444
1048.197	307.111
1048.493	289.222
1048.789	279.000
1049.085	269.889
1049.381	253.556
1049.677	240.000
1049.973	229.000
1050.269	214.778
1050.565	200.444
1050.860	193.444
1051.156	183.333
1051.452	172.222
1051.748	164.111
1052.043	157.778
1052.339	151.778
1052.634	149.889
1052.930	147.556
1053.225	143.333
1053.521	137.667
1053.816	139.222
1054.111	139.889
1054.407	139.333
1054.702	144.333
1054.997	153.222
1055.292	157.667
1055.587	165.778
1055.882	183.556
1056.177	201.222
1056.472	212.444
1056.767	234.333
1057.062	259.444
1057.357	279.778
1057.651	297.778
1057.946	331.111
1058.241	356.444
1058.535	367.222
1058.830	393.889
1059.124	429.667
1059.419	441.000
1059.713	457.333
1060.008	480.889
1060.302	491.556
1060.596	482.889
1060.890	490.333
1061.185	507.778
1061.479	496.667
1061.773	485.111
1062.067	494.889
1062.361	485.000
1062.655	462.667
1062.949	464.889
1063.243	468.889
1063.536	452.222
1063.830	433.111
1064.124	434.333
1064.418	420.111
1064.711	395.667
1065.005	383.889
1065.298	377.778
1065.592	348.111
1065.885	321.444
1066.179	307.444
1066.472	288.333
1066.765	259.778
1067.058	241.222
1067.352	224.889
1067.645	203.444
1067.938	179.778
1068.231	166.111
1068.524	153.000
1068.817	137.889
1069.110	126.889
1069.403	117.333
1069.696	107.667
1069.989	98.444
1070.281	93.444
1070.574	89.000
1070.867	85.556
1071.159	83.889
1071.452	83.333
1071.744	83.111
1072.037	83.889
1072.329	85.444
1072.622	87.556
1072.914	88.444
1073.206	92.111
1073.498	96.111
1073.791	100.000
1074.083	102.222
1074.375	107.333
1074.667	111.000
1074.959	112.444
1075.251	115.111
1075.543	119.778
1075.835	121.222
1076.126	121.667
1076.418	122.444
1076.710	124.889
1077.002	124.333
1077.293	126.556
1077.585	133.778
1077.876	136.333
1078.168	137.222
1078.459	142.444
1078.751	146.222
1079.042	147.000
1079.333	150.222
1079.625	154.556
1079.916	154.111
1080.207	152.000
1080.498	152.556
1080.789	153.778
1081.080	151.556
1081.371	151.333
1081.662	154.444
1081.953	153.778
1082.244	149.000
1082.535	148.111
1082.826	145.222
1083.116	141.444
1083.407	137.778
1083.698	133.222
1083.988	128.444
1084.279	120.889
1084.569	114.889
1084.859	112.000
1085.150	108.444
1085.440	104.778
1085.730	101.556
1086.021	98.778
1086.311	95.667
1086.601	92.333
1086.891	90.222
1087.181	87.000
1087.471	83.667
1087.761	80.000
1088.051	77.889
1088.341	76.111
1088.631	75.000
1088.921	75.111
1089.210	74.556
1089.500	73.667
1089.790	74.000
1090.079	74.000
1090.369	74.222
1090.658	75.000
1090.948	77.333
1091.237	77.556
1091.526	77.667
1091.816	80.889
1092.105	82.889
1092.394	84.667
1092.683	85.000
1092.973	87.000
1093.262	87.333
1093.551	85.444
1093.840	85.667
1094.129	86.889
1094.417	86.667
1094.706	87.889
1094.995	87.444
1095.284	88.444
1095.573	88.222
1095.861	87.333
1096.150	87.889
1096.438	89.778
1096.727	89.000
1097.016	86.222
1097.304	84.222
1097.592	82.778
1097.881	81.667
1098.169	79.556
1098.457	79.444
1098.745	78.889
1099.034	75.222
1099.322	76.222
