520.430	0.000
520.800	0.000
521.169	54.000
521.539	58.000
521.909	54.000
522.278	75.000
522.648	60.000
523.017	71.000
523.387	70.000
523.756	63.000
524.125	59.000
524.494	79.000
524.864	57.000
525.233	64.000
525.602	66.000
525.971	63.000
526.340	61.000
526.709	63.000
527.078	56.000
527.447	74.000
527.816	120.667
528.185	344.333
528.553	578.778
528.922	809.333
529.291	1035.000
529.659	1277.222
530.028	1500.000
530.396	1716.778
530.765	1915.333
531.133	2031.778
531.502	1956.333
531.870	1833.222
532.238	1700.000
532.606	1566.111
532.975	1403.222
533.343	1246.889
533.711	1090.556
534.079	953.556
534.447	842.333
534.815	758.444
535.183	728.333
535.551	728.667
535.919	761.000
536.286	835.556
536.654	973.556
537.022	1156.111
537.389	1368.556
537.757	1636.889
538.125	1942.111
538.492	2219.444
538.859	2500.889
539.227	2779.444
539.594	3017.222
539.961	3185.889
540.329	3307.444
540.696	3339.000
541.063	3235.556
541.430	3066.778
541.797	2849.222
542.164	2559.333
542.531	2222.667
542.898	1882.000
543.265	1555.778
543.632	1234.889
543.999	979.556
544.366	827.222
544.732	713.000
545.099	681.778
545.466	736.000
545.832	853.444
546.199	1008.444
546.565	1188.889
546.932	1402.333
547.298	1599.333
547.664	1797.667
548.031	2017.333
548.397	2196.111
548.763	2381.889
549.129	2520.667
549.495	2610.667
549.861	2631.000
550.227	2618.000
550.593	2520.111
550.959	2365.222
551.325	2156.556
551.691	1939.444
552.057	1668.333
552.422	1407.444
552.788	1189.000
553.154	1048.889
553.519	932.000
553.885	943.778
554.250	999.111
554.616	1103.667
554.981	1268.111
555.347	1456.889
555.712	1621.444
556.077	1774.000
556.443	1864.889
556.808	1916.556
557.173	1908.000
557.538	1875.444
557.903	1793.444
558.268	1683.222
558.633	1579.778
558.998	1487.889
559.363	1389.222
559.727	1310.000
560.092	1234.778
560.457	1166.889
560.822	1111.444
561.186	1072.556
561.551	1030.222
561.915	979.222
562.280	934.556
562.644	907.444
563.009	937.667
563.373	1005.444
563.737	1128.667
564.102	1295.333
564.466	1441.889
564.830	1615.889
565.194	1820.889
565.558	2000.667
565.922	2145.667
566.286	2245.222
566.650	2286.778
567.014	2280.667
567.378	2222.000
567.741	2133.778
568.105	1991.444
568.469	1793.889
568.833	1591.556
569.196	1398.556
569.560	1200.778
569.923	1038.444
570.287	890.000
570.650	760.333
571.013	699.111
571.377	690.778
571.740	733.222
572.103	812.000
572.466	939.333
572.830	1116.444
573.193	1324.111
573.556	1597.000
573.919	1877.889
574.282	2123.222
574.645	2392.222
575.007	2602.889
575.370	2795.778
575.733	2944.889
576.096	2978.556
576.458	2962.222
576.821	2859.889
577.184	2684.556
577.546	2536.222
577.909	2308.444
578.271	2089.333
578.633	1909.000
578.996	1729.556
579.358	1604.333
579.720	1521.556
580.083	1456.111
580.445	1446.444
580.807	1476.444
581.169	1495.556
581.531	1546.556
581.893	1565.000
582.255	1579.889
582.617	1638.556
582.979	1669.222
583.340	1691.000
583.702	1717.889
584.064	1712.444
584.425	1739.000
584.787	1781.444
585.149	1808.444
585.510	1862.222
585.872	1923.444
586.233	1930.667
586.594	1988.000
586.956	1941.778
587.317	1856.111
587.678	1750.778
588.039	1590.778
588.401	1443.111
588.762	1271.556
589.123	1055.222
589.484	903.333
589.845	718.778
590.206	640.333
590.566	615.222
590.927	625.111
591.288	690.667
591.649	780.222
592.009	884.444
592.370	1043.444
592.731	1159.222
593.091	1276.556
593.452	1370.000
593.812	1414.000
594.172	1449.444
594.533	1433.889
594.893	1405.667
595.253	1367.556
595.614	1256.222
595.974	1167.556
596.334	1064.444
596.694	951.778
597.054	864.889
597.414	774.111
597.774	711.000
598.134	655.778
598.494	604.556
598.853	596.889
599.213	605.778
599.573	624.000
599.932	678.667
600.292	727.000
600.652	811.444
601.011	864.222
601.371	919.000
601.730	972.667
602.089	998.556
602.449	1043.111
602.808	1065.111
603.167	1075.000
603.526	1080.444
603.886	1037.444
604.245	1035.556
604.604	1021.556
604.963	996.333
605.322	985.667
605.681	963.778
606.040	964.778
606.398	944.000
606.757	933.111
607.116	944.111
607.475	916.333
607.833	902.889
608.192	887.667
608.550	878.778
608.909	847.444
609.267	822.222
609.626	849.222
609.984	857.778
610.342	910.111
610.701	1003.111
611.059	1086.778
611.417	1195.000
611.775	1248.889
612.133	1341.222
612.491	1374.444
612.849	1402.000
613.207	1424.778
613.565	1389.778
613.923	1329.778
614.281	1236.333
614.638	1134.111
614.996	1071.444
615.354	996.222
615.711	960.556
616.069	899.444
616.427	873.111
616.784	873.667
617.141	914.222
617.499	962.333
617.856	1013.667
618.213	1073.444
618.571	1113.333
618.928	1205.556
619.285	1285.000
619.642	1399.889
619.999	1477.111
620.356	1556.222
620.713	1681.333
621.070	1783.556
621.427	1905.778
621.784	1955.333
622.141	1982.889
622.497	1965.667
622.854	1910.111
623.211	1868.222
623.567	1762.667
623.924	1615.556
624.280	1465.556
624.637	1303.778
624.993	1200.222
625.349	1085.222
625.706	1013.111
626.062	948.667
626.418	900.556
626.774	876.222
627.131	896.889
627.487	921.778
627.843	958.889
628.199	994.556
628.555	1058.556
628.911	1107.000
629.266	1157.444
629.622	1179.556
629.978	1227.333
630.334	1269.000
630.689	1318.000
631.045	1356.000
631.401	1387.111
631.756	1395.556
632.112	1399.556
632.467	1382.667
632.822	1349.667
633.178	1287.333
633.533	1182.444
633.888	1062.222
634.243	924.889
634.599	811.667
634.954	680.778
635.309	582.556
635.664	492.222
636.019	435.556
636.374	392.667
636.729	371.889
637.083	380.444
637.438	405.111
637.793	433.222
638.148	458.889
638.502	472.889
638.857	474.111
639.211	471.444
639.566	467.111
639.920	475.889
640.275	501.889
640.629	518.000
640.983	542.000
641.338	559.000
641.692	608.667
642.046	670.778
642.400	735.889
642.754	789.778
643.108	819.333
643.462	841.667
643.816	862.222
644.170	898.667
644.524	936.222
644.878	969.889
645.232	971.444
645.585	996.667
645.939	1007.222
646.293	1043.111
646.646	1039.222
647.000	1043.778
647.353	1009.778
647.707	994.222
648.060	945.556
648.413	921.556
648.767	859.778
649.120	804.000
649.473	726.889
649.826	666.444
650.179	612.333
650.533	571.889
650.885	536.444
651.239	526.222
651.591	535.667
651.944	567.000
652.297	646.333
652.650	737.000
653.003	874.778
653.355	976.667
653.708	1117.889
654.061	1214.333
654.413	1324.444
654.766	1380.222
655.118	1445.667
655.471	1442.000
655.823	1418.333
656.175	1322.333
656.528	1243.444
656.880	1101.333
657.232	979.889
657.584	833.889
657.936	735.000
658.288	622.667
658.640	557.000
658.992	490.111
659.344	457.778
659.696	436.667
660.048	471.111
660.400	511.667
660.751	572.333
661.103	612.222
661.455	672.333
661.806	724.222
662.158	835.222
662.509	928.667
662.861	1042.778
663.212	1098.444
663.563	1191.444
663.915	1254.556
664.266	1348.444
664.617	1380.222
664.968	1413.000
665.319	1392.333
665.670	1414.778
666.021	1388.778
666.372	1387.667
666.723	1314.444
667.074	1243.889
667.425	1120.556
667.776	1027.000
668.127	915.222
668.477	813.556
668.828	675.667
669.179	561.778
669.529	449.778
669.880	381.222
670.230	327.333
670.581	304.778
670.931	291.889
671.281	304.889
671.632	323.667
671.982	380.778
672.332	458.556
672.682	553.556
673.032	646.222
673.382	704.444
673.732	763.111
674.082	801.333
674.432	851.000
674.782	878.000
675.132	897.889
675.482	881.111
675.831	842.222
676.181	778.556
676.531	737.444
676.880	684.778
677.230	648.000
677.579	589.444
677.929	571.222
678.278	540.111
678.628	542.889
678.977	560.667
679.326	591.000
679.675	640.778
680.024	686.000
680.374	748.222
680.723	801.000
681.072	865.000
681.421	883.111
681.770	887.667
682.119	867.778
682.467	878.222
682.816	870.222
683.165	867.556
683.514	845.778
683.862	823.444
684.211	780.000
684.559	763.000
684.908	760.444
685.256	759.444
685.605	762.111
685.953	748.444
686.302	755.444
686.650	737.556
686.998	710.333
687.346	660.333
687.694	616.556
688.043	550.444
688.391	499.333
688.739	429.778
689.087	392.667
689.435	359.444
689.782	350.556
690.130	369.444
690.478	382.222
690.826	382.556
691.173	381.778
691.521	383.111
691.869	384.667
692.216	394.000
692.564	402.222
692.911	396.778
693.259	380.889
693.606	365.667
693.953	373.444
694.300	388.000
694.648	406.333
694.995	417.778
695.342	408.111
695.689	391.667
696.036	404.778
696.383	441.222
696.730	481.333
697.077	538.000
697.424	600.556
697.771	693.667
698.117	839.333
698.464	1001.556
698.811	1251.889
699.157	1420.667
699.504	1586.444
699.850	1699.556
700.197	1759.889
700.543	1823.111
700.890	1810.222
701.236	1752.000
701.582	1621.333
701.929	1385.667
702.275	1208.222
702.621	1001.556
702.967	855.111
703.313	735.889
703.659	613.222
704.005	529.333
704.351	460.333
704.697	453.778
705.043	490.556
705.388	547.889
705.734	581.333
706.080	613.333
706.426	624.222
706.771	635.667
707.117	647.556
707.462	658.444
707.808	674.667
708.153	658.556
708.498	647.667
708.844	666.333
709.189	713.000
709.534	770.111
709.879	843.000
710.225	940.889
710.570	968.778
710.915	1004.111
711.260	992.667
711.605	956.111
711.950	914.889
712.294	847.667
712.639	790.667
712.984	701.444
713.329	589.889
713.673	525.222
714.018	459.000
714.363	443.667
714.707	449.444
715.052	478.444
715.396	494.111
715.740	513.333
716.085	548.000
716.429	591.000
716.773	664.889
717.117	701.778
717.462	762.556
717.806	804.667
718.150	848.000
718.494	918.000
718.838	953.333
719.182	997.556
719.526	1011.444
719.869	990.778
720.213	1000.111
720.557	954.556
720.901	930.444
721.244	870.222
721.588	780.111
721.932	721.556
722.275	638.556
722.618	588.333
722.962	539.333
723.305	489.556
723.649	461.778
723.992	418.111
724.335	397.889
724.678	400.889
725.021	420.667
725.365	472.444
725.708	506.333
726.051	586.222
726.393	645.556
726.736	683.333
727.079	730.778
727.422	735.667
727.765	732.778
728.108	704.778
728.450	655.778
728.793	628.333
729.135	555.778
729.478	508.000
729.820	477.556
730.163	431.444
730.505	421.444
730.848	404.111
731.190	394.889
731.532	381.444
731.874	346.333
732.217	314.222
732.559	272.000
732.901	239.444
733.243	222.667
733.585	209.111
733.927	216.556
734.269	233.222
734.610	263.333
734.952	324.778
735.294	378.111
735.636	425.556
735.977	469.222
736.319	494.000
736.660	513.000
737.002	513.333
737.343	496.222
737.685	466.778
738.026	410.889
738.368	371.889
738.709	342.667
739.050	315.000
739.391	306.556
739.732	301.111
740.073	298.889
740.415	300.778
740.756	301.333
741.096	310.000
741.437	317.667
741.778	324.556
742.119	346.222
742.460	363.111
742.801	370.333
743.141	383.111
743.482	388.667
743.823	398.444
744.163	403.778
744.504	416.889
744.844	462.444
745.184	478.444
745.525	500.333
745.865	554.222
746.205	568.222
746.545	575.444
746.886	574.889
747.226	560.444
747.566	534.111
747.906	477.556
748.246	429.556
748.586	374.556
748.926	297.778
749.266	262.556
749.605	240.556
749.945	224.667
750.285	225.222
750.624	231.556
750.964	230.778
751.304	239.111
751.643	250.000
751.983	255.444
752.322	256.556
752.661	264.444
753.001	269.333
753.340	278.778
753.679	285.444
754.018	289.333
754.358	295.667
754.697	295.333
755.036	297.889
755.375	309.222
755.714	319.333
756.053	331.222
756.392	335.556
756.730	322.444
757.069	317.222
757.408	308.889
757.747	297.111
758.085	290.889
758.424	281.889
758.762	264.667
759.101	255.111
759.439	246.556
759.778	249.889
760.116	262.111
760.454	274.222
760.793	288.111
761.131	308.000
761.469	321.333
761.807	332.444
762.145	341.222
762.483	344.556
762.821	344.556
763.159	345.111
763.497	347.111
763.835	354.889
764.173	375.444
764.510	405.667
764.848	437.556
765.186	476.778
765.523	501.222
765.861	510.667
766.198	509.444
766.536	500.111
766.873	492.889
767.211	476.889
767.548	443.222
767.885	409.222
768.223	368.556
768.560	345.111
768.897	340.667
769.234	351.444
769.571	364.222
769.908	371.333
770.245	371.778
770.582	374.667
770.919	374.556
771.256	367.667
771.593	359.667
771.929	346.333
772.266	316.667
772.603	291.222
772.939	269.556
773.276	247.222
773.612	234.778
773.949	238.667
774.285	262.667
774.622	292.222
774.958	328.889
775.294	379.111
775.630	419.111
775.966	439.333
776.303	449.778
776.639	463.222
776.975	471.889
777.311	476.889
777.647	483.444
777.983	476.889
778.318	458.222
778.654	448.444
778.990	445.333
779.326	451.333
779.661	462.000
779.997	462.667
780.333	440.222
780.668	412.778
781.004	394.222
781.339	374.778
781.674	363.556
782.010	359.000
782.345	349.222
782.680	327.444
783.016	318.111
783.351	324.000
783.686	361.556
784.021	426.667
784.356	479.000
784.691	527.667
785.026	589.000
785.361	630.111
785.695	661.889
786.030	700.000
786.365	724.222
786.700	709.333
787.034	680.222
787.369	661.889
787.703	629.333
788.038	602.556
788.372	600.111
788.707	599.333
789.041	588.222
789.376	588.111
789.710	582.111
790.044	557.111
790.378	536.000
790.712	526.556
791.046	504.222
791.380	473.556
791.714	465.556
792.048	468.556
792.382	472.667
792.716	518.667
793.050	616.667
793.384	700.889
793.718	761.667
794.051	844.889
794.385	945.556
794.718	1035.111
795.052	1150.333
795.385	1290.556
795.719	1365.556
796.052	1355.222
796.386	1337.222
796.719	1324.444
797.052	1288.889
797.385	1241.889
797.719	1190.667
798.052	1087.111
798.385	941.889
798.718	818.667
799.051	731.889
799.384	660.778
799.716	607.556
800.049	559.222
800.382	503.333
800.715	452.556
801.048	420.333
801.380	415.111
801.713	447.889
802.045	494.222
802.378	539.333
802.710	589.889
803.043	651.444
803.375	737.333
803.707	838.778
804.040	952.778
804.372	1068.000
804.704	1172.889
805.036	1246.222
805.368	1283.000
805.700	1301.111
806.032	1299.889
806.364	1275.111
806.696	1228.889
807.028	1158.889
807.360	1061.667
807.692	943.222
808.023	849.778
808.355	810.556
808.687	823.444
809.018	866.889
809.350	892.222
809.681	912.556
810.013	940.000
810.344	971.667
810.676	989.333
811.007	996.889
811.338	994.889
811.669	940.111
812.001	860.222
812.332	824.333
812.663	820.778
812.994	825.444
813.325	859.333
813.656	936.111
813.987	1017.556
814.317	1073.222
814.648	1138.556
814.979	1200.111
815.310	1225.444
815.640	1203.111
815.971	1158.667
816.301	1078.889
816.632	969.111
816.962	866.444
817.293	813.333
817.623	783.333
817.954	755.000
818.284	748.556
818.614	814.444
818.944	933.667
819.274	1080.556
819.605	1261.333
819.935	1476.444
820.265	1634.889
820.595	1702.111
820.924	1748.556
821.254	1810.444
821.584	1834.444
821.914	1802.000
822.244	1765.667
822.573	1748.111
822.903	1686.000
823.233	1620.667
823.562	1634.556
823.892	1709.444
824.221	1745.444
824.550	1700.222
824.880	1640.556
825.209	1548.667
825.538	1392.111
825.868	1231.222
826.197	1106.556
826.526	982.889
826.855	821.556
827.184	673.889
827.513	617.889
827.842	649.444
828.171	731.556
828.500	826.667
828.828	955.444
829.157	1140.000
829.486	1311.222
829.815	1429.667
830.143	1551.111
830.472	1716.444
830.800	1847.889
831.129	1900.444
831.457	1932.222
831.786	1986.000
832.114	2002.667
832.442	1965.222
832.770	1934.444
833.099	1929.778
833.427	1869.333
833.755	1745.111
834.083	1627.222
834.411	1534.222
834.739	1399.222
835.067	1222.000
835.395	1086.778
835.723	991.000
836.050	871.556
836.378	735.000
836.706	642.000
837.033	598.889
837.361	592.889
837.689	607.333
838.016	640.333
838.344	718.333
838.671	897.889
838.998	1163.667
839.326	1410.667
839.653	1614.556
839.980	1900.222
840.307	2245.667
840.634	2520.444
840.961	2676.111
841.289	2769.889
841.615	2808.556
841.942	2757.667
842.269	2661.444
842.596	2543.778
842.923	2326.444
843.250	2008.444
843.576	1723.667
843.903	1551.444
844.230	1444.889
844.556	1371.111
844.883	1309.111
845.209	1256.667
845.536	1224.333
845.862	1193.333
846.188	1177.556
846.515	1168.667
846.841	1161.667
847.167	1149.778
847.493	1138.333
847.819	1152.556
848.146	1201.444
848.472	1269.556
848.798	1425.667
849.123	1672.667
849.449	1915.000
849.775	2070.889
850.101	2167.000
850.427	2236.222
850.752	2293.667
851.078	2310.556
851.404	2283.444
851.729	2170.889
852.055	1976.000
852.380	1788.000
852.706	1653.444
853.031	1533.778
853.356	1390.111
853.682	1266.111
854.007	1213.333
854.332	1188.333
854.657	1148.556
854.982	1106.000
855.307	1076.556
855.632	1080.222
855.957	1076.222
856.282	1060.333
856.607	1044.333
856.932	1086.333
857.256	1168.444
857.581	1237.111
857.906	1314.778
858.230	1446.667
858.555	1580.667
858.880	1674.222
859.204	1689.333
859.529	1638.556
859.853	1528.778
860.177	1421.889
860.502	1340.000
860.826	1222.889
861.150	1053.556
861.474	910.111
861.798	848.222
862.122	838.556
862.446	828.778
862.770	835.444
863.094	866.000
863.418	924.444
863.742	974.000
864.066	983.222
864.389	978.111
864.713	997.111
865.037	1077.111
865.360	1192.333
865.684	1270.222
866.008	1374.222
866.331	1617.111
866.654	1951.889
866.978	2317.333
867.301	2640.444
867.624	2777.889
867.948	2877.778
868.271	2974.333
868.594	3032.000
868.917	2962.778
869.240	2699.333
869.563	2364.889
869.886	2065.889
870.209	1816.778
870.532	1693.333
870.855	1526.556
871.177	1341.444
871.500	1240.889
871.823	1224.000
872.145	1231.222
872.468	1214.667
872.791	1157.778
873.113	1108.889
873.435	1103.889
873.758	1138.333
874.080	1161.333
874.402	1144.222
874.725	1154.444
875.047	1264.667
875.369	1482.889
875.691	1722.333
876.013	1897.778
876.335	2045.778
876.657	2251.889
876.979	2552.222
877.301	2846.111
877.623	3011.000
877.945	2998.778
878.266	2849.889
878.588	2654.444
878.910	2479.222
879.231	2281.333
879.553	2009.556
879.875	1653.889
880.196	1318.778
880.517	1085.778
880.839	938.000
881.160	835.444
881.481	752.333
881.803	684.333
882.124	657.556
882.445	662.111
882.766	697.667
883.087	728.667
883.408	738.111
883.729	761.778
884.050	815.000
884.371	905.667
884.692	1015.222
885.012	1100.444
885.333	1163.444
885.654	1207.667
885.974	1271.889
886.295	1379.222
886.616	1487.222
886.936	1559.778
887.257	1565.667
887.577	1528.000
887.897	1493.556
888.218	1461.333
888.538	1440.556
888.858	1402.556
889.178	1322.778
889.498	1232.667
889.818	1163.333
890.139	1129.444
890.458	1115.222
890.778	1106.667
891.098	1105.667
891.418	1091.444
891.738	1110.667
892.058	1196.333
892.377	1344.000
892.697	1510.000
893.017	1667.778
893.336	1814.778
893.656	1981.556
893.975	2186.222
894.295	2415.444
894.614	2592.889
894.933	2659.889
895.253	2631.000
895.572	2554.556
895.891	2480.000
896.210	2424.000
896.529	2346.667
896.848	2224.222
897.167	2060.444
897.486	1891.333
897.805	1770.111
898.124	1681.667
898.443	1617.444
898.762	1551.111
899.081	1462.000
899.399	1352.778
899.718	1231.667
900.036	1124.000
900.355	1048.889
900.673	991.667
900.992	973.444
901.310	986.889
901.629	1046.333
901.947	1171.000
902.265	1344.556
902.583	1542.111
902.902	1737.111
903.220	1899.222
903.538	2021.889
903.856	2077.556
904.174	2091.444
904.492	2075.000
904.810	2008.111
905.128	1886.667
905.445	1718.222
905.763	1530.000
906.081	1356.111
906.398	1223.222
906.716	1099.333
907.034	982.778
907.351	860.667
907.669	753.556
907.986	672.889
908.304	633.222
908.621	632.333
908.938	642.778
909.255	634.000
909.573	651.333
909.890	675.111
910.207	726.444
910.524	806.111
910.841	930.444
911.158	1089.333
911.475	1254.111
911.792	1406.667
912.109	1534.333
912.425	1630.444
912.742	1718.111
913.059	1762.889
913.375	1765.000
913.692	1729.556
914.009	1649.444
914.325	1563.667
914.641	1482.000
914.958	1409.667
915.274	1349.889
915.591	1280.556
915.907	1228.222
916.223	1189.556
916.539	1131.333
916.855	1081.000
917.172	1017.444
917.488	952.556
917.804	922.222
918.119	913.222
918.435	929.222
918.751	954.222
919.067	979.222
919.383	1029.000
919.698	1089.667
920.014	1162.778
920.330	1278.222
920.645	1443.444
920.961	1673.889
921.276	1937.444
921.592	2179.556
921.907	2369.333
922.223	2487.778
922.538	2544.889
922.853	2576.000
923.168	2573.889
923.483	2517.111
923.799	2388.556
924.114	2192.667
924.429	1977.778
924.744	1777.667
925.059	1602.222
925.373	1455.778
925.688	1319.667
926.003	1167.111
926.318	1015.889
926.632	870.000
926.947	768.556
927.262	730.667
927.576	744.556
927.891	803.333
928.205	887.778
928.520	979.000
928.834	1098.444
929.148	1224.667
929.463	1359.333
929.777	1486.778
930.091	1584.333
930.405	1655.333
930.719	1691.667
931.033	1689.000
931.347	1666.444
931.661	1636.111
931.975	1589.556
932.289	1525.222
932.603	1439.333
932.917	1331.667
933.230	1232.667
933.544	1144.778
933.858	1064.667
934.171	997.333
934.485	915.889
934.798	837.667
935.112	767.889
935.425	705.333
935.738	670.889
936.052	644.778
936.365	632.111
936.678	651.556
936.991	675.333
937.305	704.333
937.618	745.667
937.931	793.889
938.244	852.000
938.556	907.889
938.869	948.111
939.182	984.556
939.495	1015.556
939.808	1038.111
940.120	1049.667
940.433	1036.667
940.746	1000.444
941.058	953.444
941.371	909.778
941.683	881.222
941.996	867.556
942.308	849.667
942.620	827.333
942.933	813.222
943.245	790.778
943.557	769.333
943.869	741.556
944.181	697.333
944.493	649.222
944.805	595.222
945.117	544.111
945.429	530.111
945.741	551.222
946.053	615.556
946.365	727.222
946.676	856.444
946.988	982.667
947.300	1100.333
947.611	1202.111
947.923	1314.667
948.234	1426.778
948.546	1532.111
948.857	1636.889
949.169	1723.222
949.480	1778.333
949.791	1828.444
950.102	1852.667
950.413	1843.889
950.725	1800.444
951.036	1709.667
951.347	1574.333
951.658	1416.222
951.969	1234.444
952.280	1064.444
952.590	920.222
952.901	801.111
953.212	722.111
953.523	671.111
953.833	637.444
954.144	624.778
954.454	609.889
954.765	591.778
955.075	584.111
955.386	576.111
955.696	579.333
956.007	603.000
956.317	642.444
956.627	689.778
956.937	758.000
957.247	836.444
957.558	912.000
957.868	980.667
958.178	1031.444
958.488	1064.778
958.797	1074.444
959.107	1047.333
959.417	1004.000
959.727	943.000
960.037	861.778
960.346	784.667
960.656	717.444
960.966	652.222
961.275	596.778
961.585	564.222
961.894	544.444
962.203	543.333
962.513	559.222
962.822	582.111
963.131	614.333
963.441	648.778
963.750	672.889
964.059	697.667
964.368	711.889
964.677	718.000
964.986	731.000
965.295	741.778
965.604	769.222
965.913	790.778
966.221	817.889
966.530	855.000
966.839	914.889
967.148	980.333
967.456	1043.556
967.765	1104.333
968.073	1150.111
968.382	1167.000
968.690	1199.667
968.999	1214.444
969.307	1215.889
969.615	1205.667
969.924	1178.667
970.232	1147.667
970.540	1115.333
970.848	1073.556
971.156	1031.000
971.464	985.444
971.772	941.556
972.080	909.111
972.388	877.778
972.696	843.667
973.003	815.333
973.311	785.889
973.619	764.778
973.926	762.556
974.234	761.222
974.542	761.667
974.849	768.444
975.157	776.667
975.464	787.333
975.771	810.111
976.079	835.333
976.386	857.444
976.693	872.667
977.000	883.667
977.307	887.333
977.615	887.667
977.922	879.667
978.229	872.000
978.536	856.556
978.842	839.778
979.149	822.222
979.456	798.111
979.763	772.333
980.070	745.333
980.376	721.778
980.683	700.667
980.989	678.222
981.296	658.000
981.602	643.778
981.909	633.000
982.215	643.111
982.522	672.889
982.828	711.333
983.134	751.333
983.440	799.667
983.746	854.000
984.053	917.889
984.359	988.556
984.665	1048.889
984.971	1086.556
985.277	1112.889
985.582	1119.889
985.888	1117.111
986.194	1110.222
986.500	1088.111
986.805	1046.000
987.111	991.889
987.417	938.556
987.722	892.667
988.028	849.889
988.333	827.000
988.639	802.889
988.944	777.222
989.249	762.667
989.555	750.444
989.860	736.222
990.165	727.556
990.470	717.000
990.775	686.333
991.080	653.333
991.385	623.444
991.690	584.889
991.995	550.111
992.300	524.556
992.605	495.667
992.910	475.444
993.214	459.889
993.519	449.222
993.824	443.222
994.128	445.889
994.433	450.333
994.737	453.222
995.042	455.222
995.346	451.889
995.650	444.667
995.955	437.444
996.259	429.222
996.563	424.889
996.867	419.667
997.171	414.556
997.476	417.556
997.780	415.000
998.083	418.778
998.387	429.111
998.691	438.333
998.995	454.667
999.299	474.111
999.603	489.111
999.906	504.222
1000.210	521.889
1000.514	540.000
1000.817	556.778
1001.121	592.667
1001.424	627.889
1001.728	660.556
1002.031	695.556
1002.334	725.444
1002.638	748.000
1002.941	783.889
1003.244	825.222
1003.547	854.444
1003.850	868.444
1004.153	880.111
1004.456	875.333
1004.759	857.778
1005.062	846.556
1005.365	828.222
1005.668	790.667
1005.971	754.889
1006.273	715.111
1006.576	668.222
1006.879	630.778
1007.181	596.667
1007.484	565.222
1007.786	546.000
1008.089	529.889
1008.391	508.889
1008.693	493.778
1008.996	486.000
1009.298	471.333
1009.600	454.333
1009.902	446.444
1010.204	433.333
1010.507	412.333
1010.809	398.889
1011.111	383.333
1011.412	360.333
1011.714	340.889
1012.016	325.667
1012.318	308.444
1012.620	290.889
1012.921	274.444
1013.223	258.667
1013.525	247.556
1013.826	240.333
1014.128	235.778
1014.429	236.000
1014.731	235.444
1015.032	236.333
1015.333	241.667
1015.635	251.556
1015.936	258.111
1016.237	266.556
1016.538	280.444
1016.839	290.889
1017.140	311.889
1017.441	337.444
1017.742	356.000
1018.043	376.000
1018.344	399.222
1018.645	420.000
1018.946	439.444
1019.246	465.889
1019.547	498.000
1019.848	512.333
1020.148	544.333
1020.449	581.444
1020.749	605.333
1021.050	640.889
1021.350	680.444
1021.651	706.333
1021.951	731.222
1022.251	754.889
1022.551	773.556
1022.852	765.667
1023.152	766.667
1023.452	770.111
1023.752	750.000
1024.052	741.889
1024.352	740.556
1024.652	717.778
1024.952	702.667
1025.251	691.778
1025.551	671.333
1025.851	646.333
1026.150	627.889
1026.450	607.889
1026.750	575.111
1027.049	551.778
1027.349	534.444
1027.648	504.556
1027.947	482.778
1028.247	477.889
1028.546	463.889
1028.845	449.778
1029.144	443.000
1029.444	431.444
1029.743	410.556
1030.042	396.667
1030.341	380.667
1030.640	358.111
1030.939	335.222
1031.238	316.556
1031.536	293.667
1031.835	273.556
1032.134	260.333
1032.433	245.556
1032.731	231.444
1033.030	226.556
1033.328	221.111
1033.627	215.556
1033.925	218.778
1034.224	225.444
1034.522	235.889
1034.820	246.556
1035.119	263.778
1035.417	273.222
1035.715	287.889
1036.013	312.333
1036.311	327.000
1036.609	337.889
1036.907	355.333
1037.205	364.667
1037.503	368.556
1037.801	384.111
1038.099	401.889
1038.397	403.000
1038.694	407.333
1038.992	422.778
1039.290	427.667
1039.587	425.000
1039.885	438.111
1040.182	447.444
1040.479	437.444
1040.777	440.333
1041.074	449.333
1041.372	442.000
1041.669	432.889
1041.966	437.333
1042.263	433.889
1042.560	418.667
1042.857	417.000
1043.154	416.333
1043.451	401.333
1043.748	391.667
1044.045	386.667
1044.342	375.222
1044.639	355.333
1044.935	343.667
1045.232	326.778
1045.529	302.667
1045.825	286.222
1046.122	271.000
1046.418	250.667
1046.715	235.000
1047.011	222.111
1047.308	212.000
1047.604	200.889
1047.900	195.000
1048.197	189.444
1048.493	180.667
1048.789	176.444
1049.085	173.000
1049.381	168.556
1049.677	167.778
1049.973	167.778
1050.269	168.889
1050.565	170.667
1050.860	177.667
1051.156	181.222
1051.452	184.111
1051.748	194.222
1052.043	205.556
1052.339	215.000
1052.634	232.778
1052.930	250.778
1053.225	264.111
1053.521	274.667
1053.816	293.444
1054.111	309.889
1054.407	316.667
1054.702	329.111
1054.997	347.111
1055.292	348.778
1055.587	349.222
1055.882	361.778
1056.177	367.889
1056.472	363.556
1056.767	368.889
1057.062	376.667
1057.357	370.889
1057.651	360.889
1057.946	365.333
1058.241	363.000
1058.535	347.222
1058.830	345.222
1059.124	348.000
1059.419	333.333
1059.713	323.222
1060.008	321.000
1060.302	310.111
1060.596	289.667
1060.890	279.889
1061.185	271.667
1061.479	251.556
1061.773	232.444
1062.067	222.444
1062.361	206.333
1062.655	186.667
1062.949	178.000
1063.243	169.778
1063.536	158.000
1063.830	149.111
1064.124	146.000
1064.418	139.111
1064.711	131.667
1065.005	127.000
1065.298	123.444
1065.592	116.111
1065.885	111.889
1066.179	109.222
1066.472	106.333
1066.765	101.000
1067.058	98.000
1067.352	97.000
1067.645	95.000
1067.938	93.778
1068.231	93.889
1068.524	94.222
1068.817	92.667
1069.110	94.000
1069.403	96.222
1069.696	98.667
1069.989	101.333
1070.281	106.444
1070.574	109.889
1070.867	111.889
1071.159	115.667
1071.452	121.222
1071.744	124.556
1072.037	129.111
1072.329	136.444
1072.622	141.000
1072.914	143.556
1073.206	149.111
1073.498	158.111
1073.791	164.556
1074.083	168.889
1074.375	177.333
1074.667	180.667
1074.959	179.000
1075.251	183.889
1075.543	188.667
1075.835	188.333
1076.126	186.111
1076.418	186.667
1076.710	187.111
1077.002	181.778
1077.293	181.000
1077.585	186.444
1077.876	184.111
1078.168	180.111
1078.459	181.889
1078.751	181.000
1079.042	174.333
1079.333	170.111
1079.625	168.000
1079.916	162.667
1080.207	153.778
1080.498	147.222
1080.789	142.222
1081.080	133.556
1081.371	126.667
1081.662	122.556
1081.953	117.889
1082.244	110.778
1082.535	105.556
1082.826	100.333
1083.116	95.444
1083.407	91.111
1083.698	87.333
1083.988	83.778
1084.279	80.667
1084.569	77.000
1084.859	75.889
1085.150	74.444
1085.440	73.222
1085.730	72.556
1086.021	72.222
1086.311	71.778
1086.601	71.444
1086.891	72.333
1087.181	72.667
1087.471	72.000
1087.761	72.333
1088.051	73.444
1088.341	73.889
1088.631	74.444
1088.921	76.889
1089.210	78.000
1089.500	77.889
1089.790	78.778
1090.079	80.333
1090.369	81.667
1090.658	82.444
1090.948	84.222
1091.237	85.111
1091.526	84.889
1091.816	87.111
1092.105	89.778
1092.394	91.333
1092.683	91.333
1092.973	92.444
1093.262	92.889
1093.551	91.556
1093.840	91.444
1094.129	91.333
1094.417	92.444
1094.706	92.889
1094.995	93.889
1095.284	95.000
1095.573	95.556
1095.861	95.333
1096.150	97.111
1096.438	99.556
1096.727	100.000
1097.016	97.778
1097.304	97.222
1097.592	96.889
1097.881	96.222
1098.169	93.556
1098.457	93.556
1098.745	92.000
1099.034	88.000
1099.322	87.778
