520.430	0.000
520.800	0.000
521.169	53.000
521.539	58.000
521.909	59.000
522.278	64.000
522.648	60.000
523.017	62.000
523.387	67.000
523.756	68.000
524.125	61.000
524.494	71.000
524.864	53.000
525.233	63.000
525.602	60.000
525.971	63.000
526.340	60.000
526.709	64.000
527.078	63.000
527.447	71.000
527.816	83.556
528.185	156.333
528.553	223.111
528.922	286.222
529.291	351.333
529.659	436.333
530.028	555.222
530.396	721.222
530.765	919.333
531.133	1153.000
531.502	1382.333
531.870	1640.667
532.238	1942.111
532.606	2288.444
532.975	2628.333
533.343	2907.000
533.711	3122.444
534.079	3308.222
534.447	3423.222
534.815	3468.111
535.183	3427.333
535.551	3279.333
535.919	3015.556
536.286	2695.556
536.654	2377.222
537.022	2053.222
537.389	1715.889
537.757	1393.778
538.125	1109.333
538.492	897.222
538.859	769.333
539.227	733.889
539.594	766.000
539.961	850.556
540.329	998.333
540.696	1194.667
541.063	1391.444
541.430	1620.111
541.797	1875.444
542.164	2108.889
542.531	2323.222
542.898	2525.000
543.265	2727.778
543.632	2834.444
543.999	2890.222
544.366	2915.889
544.732	2820.444
545.099	2646.000
545.466	2434.333
545.832	2194.778
546.199	1926.000
546.565	1629.222
546.932	1397.444
547.298	1198.111
547.664	1052.778
548.031	1024.000
548.397	1044.111
548.763	1146.111
549.129	1299.000
549.495	1465.111
549.861	1632.000
550.227	1795.333
550.593	1900.778
550.959	1932.778
551.325	1905.778
551.691	1878.556
552.057	1817.000
552.422	1749.778
552.788	1699.444
553.154	1656.111
553.519	1609.000
553.885	1607.111
554.250	1611.222
554.616	1613.222
554.981	1612.778
555.347	1587.667
555.712	1521.111
556.077	1423.889
556.443	1317.667
556.808	1222.556
557.173	1144.222
557.538	1148.778
557.903	1200.889
558.268	1332.556
558.633	1569.111
558.998	1834.333
559.363	2138.556
559.727	2434.222
560.092	2671.667
560.457	2865.111
560.822	2992.000
561.186	3015.667
561.551	2940.333
561.915	2736.667
562.280	2476.444
562.644	2168.222
563.009	1867.000
563.373	1590.000
563.737	1329.667
564.102	1103.333
564.466	950.556
564.830	839.222
565.194	788.333
565.558	793.222
565.922	855.556
566.286	958.111
566.650	1101.889
567.014	1276.778
567.378	1524.556
567.741	1777.778
568.105	2048.444
568.469	2357.111
568.833	2626.556
569.196	2892.556
569.560	3127.556
569.923	3284.000
570.287	3399.444
570.650	3383.444
571.013	3298.000
571.377	3165.000
571.740	2948.444
572.103	2711.000
572.466	2437.000
572.830	2170.667
573.193	1965.000
573.556	1814.667
573.919	1738.444
574.282	1713.556
574.645	1712.444
575.007	1720.667
575.370	1775.222
575.733	1844.667
576.096	1886.333
576.458	1925.444
576.821	1942.333
577.184	1941.556
577.546	1970.778
577.909	2014.889
578.271	2056.333
578.633	2126.333
578.996	2207.778
579.358	2262.000
579.720	2344.000
580.083	2365.000
580.445	2356.000
580.807	2322.333
581.169	2179.556
581.531	2050.444
581.893	1881.667
582.255	1678.222
582.617	1519.222
582.979	1319.111
583.340	1167.333
583.702	1052.556
584.064	936.222
584.425	917.667
584.787	945.667
585.149	991.778
585.510	1102.222
585.872	1210.556
586.233	1333.333
586.594	1494.667
586.956	1625.778
587.317	1746.667
587.678	1804.444
588.039	1785.556
588.401	1766.556
588.762	1714.778
589.123	1631.556
589.484	1526.000
589.845	1356.000
590.206	1187.889
590.566	1041.222
590.927	928.222
591.288	856.444
591.649	804.333
592.009	738.333
592.370	747.222
592.731	773.000
593.091	846.556
593.452	949.111
593.812	1041.444
594.172	1138.778
594.533	1240.889
594.893	1306.111
595.253	1396.222
595.614	1401.667
595.974	1412.222
596.334	1386.444
596.694	1341.778
597.054	1330.667
597.414	1267.222
597.774	1201.000
598.134	1148.667
598.494	1075.889
598.853	1066.000
599.213	1047.333
599.573	1015.333
599.932	1012.222
600.292	968.444
600.652	1004.333
601.011	1011.000
601.371	1013.889
601.730	1001.333
602.089	960.444
602.449	937.444
602.808	928.000
603.167	904.444
603.526	926.111
603.886	927.556
604.245	1001.778
604.604	1073.444
604.963	1185.000
605.322	1310.333
605.681	1415.889
606.040	1534.222
606.398	1593.667
606.757	1617.556
607.116	1607.444
607.475	1525.778
607.833	1470.333
608.192	1360.778
608.550	1254.778
608.909	1152.778
609.267	1046.222
609.626	1004.667
609.984	989.111
610.342	1051.889
610.701	1160.000
611.059	1299.000
611.417	1459.111
611.775	1574.333
612.133	1771.667
612.491	1913.778
612.849	2098.889
613.207	2235.222
613.565	2336.667
613.923	2468.222
614.281	2525.778
614.638	2630.556
614.996	2712.333
615.354	2730.111
615.711	2803.889
616.069	2736.222
616.427	2729.667
616.784	2649.556
617.141	2524.111
617.499	2369.222
617.856	2139.444
618.213	1962.333
618.571	1764.000
618.928	1613.444
619.285	1520.000
619.642	1417.444
619.999	1338.556
620.356	1279.111
620.713	1272.222
621.070	1304.333
621.427	1359.667
621.784	1393.667
622.141	1384.000
622.497	1384.889
622.854	1383.778
623.211	1425.889
623.567	1486.333
623.924	1570.778
624.280	1657.889
624.637	1741.111
624.993	1802.667
625.349	1869.000
625.706	1903.000
626.062	1951.778
626.418	1956.333
626.774	1875.667
627.131	1749.667
627.487	1574.333
627.843	1367.556
628.199	1197.000
628.555	1017.556
628.911	889.889
629.266	737.444
629.622	630.556
629.978	578.444
630.334	590.111
630.689	630.222
631.045	707.444
631.401	761.111
631.756	833.778
632.112	870.111
632.467	889.333
632.822	873.778
633.178	839.778
633.533	772.333
633.888	723.778
634.243	671.556
634.599	657.111
634.954	629.889
635.309	629.444
635.664	654.556
636.019	702.000
636.374	759.889
636.729	779.556
637.083	795.667
637.438	813.222
637.793	837.778
638.148	861.556
638.502	871.111
638.857	870.778
639.211	854.000
639.566	832.889
639.920	825.444
640.275	818.444
640.629	788.222
640.983	762.778
641.338	716.333
641.692	696.222
642.046	652.222
642.400	629.000
642.754	602.222
643.108	585.778
643.462	579.222
643.816	593.556
644.170	633.889
644.524	688.111
644.878	755.667
645.232	843.222
645.585	979.333
645.939	1133.556
646.293	1356.778
646.646	1513.667
647.000	1666.333
647.353	1745.889
647.707	1868.333
648.060	1934.889
648.413	2003.556
648.767	1980.667
649.120	1932.333
649.473	1761.889
649.826	1624.000
650.179	1457.222
650.533	1302.333
650.885	1099.778
651.239	938.778
651.591	777.889
651.944	654.111
652.297	548.444
652.650	502.222
653.003	499.444
653.355	516.667
653.708	595.778
654.061	672.222
654.413	753.778
654.766	818.778
655.118	933.444
655.471	1051.778
655.823	1216.222
656.175	1309.111
656.528	1390.000
656.880	1401.222
657.232	1446.556
657.584	1476.556
657.936	1545.778
658.288	1520.556
658.640	1470.222
658.992	1352.111
659.344	1298.444
659.696	1240.667
660.048	1228.778
660.400	1158.556
660.751	1089.111
661.103	967.667
661.455	889.333
661.806	803.444
662.158	736.222
662.509	646.889
662.861	578.000
663.212	487.222
663.563	435.111
663.915	394.444
664.266	390.333
664.617	394.111
664.968	436.222
665.319	506.111
665.670	642.778
666.021	777.778
666.372	956.444
666.723	1072.667
667.074	1174.556
667.425	1215.667
667.776	1251.667
668.127	1255.222
668.477	1249.333
668.828	1192.333
669.179	1159.000
669.529	1076.000
669.880	1025.667
670.230	947.667
670.581	899.889
670.931	863.444
671.281	879.556
671.632	881.667
671.982	865.000
672.332	816.889
672.682	780.000
673.032	777.667
673.382	828.667
673.732	923.111
674.082	989.111
674.432	1042.556
674.782	1064.000
675.132	1107.222
675.482	1117.889
675.831	1143.889
676.181	1137.000
676.531	1128.444
676.880	1081.111
677.230	1070.889
677.579	1017.667
677.929	995.778
678.278	958.333
678.628	944.889
678.977	920.000
679.326	893.556
679.675	862.222
680.024	811.444
680.374	736.556
680.723	667.444
681.072	602.444
681.421	544.556
681.770	522.111
682.119	487.889
682.467	489.333
682.816	468.333
683.165	469.222
683.514	469.444
683.862	470.000
684.211	464.556
684.559	445.889
684.908	407.667
685.256	384.222
685.605	362.444
685.953	356.111
686.302	378.111
686.650	387.889
686.998	421.000
687.346	445.222
687.694	467.778
688.043	485.222
688.391	500.444
688.739	513.889
689.087	530.778
689.435	546.556
689.782	577.444
690.130	620.778
690.478	681.333
690.826	805.222
691.173	934.889
691.521	1120.778
691.869	1328.889
692.216	1499.222
692.564	1706.333
692.911	1850.333
693.259	1981.444
693.606	2018.222
693.953	1976.667
694.300	1913.556
694.648	1766.889
694.995	1579.333
695.342	1389.889
695.689	1132.333
696.036	941.222
696.383	755.667
696.730	651.556
697.077	581.333
697.424	523.000
697.771	504.222
698.117	523.556
698.464	569.889
698.811	675.889
699.157	733.889
699.504	769.556
699.850	798.444
700.197	811.222
700.543	835.111
700.890	854.444
701.236	846.000
701.582	835.111
701.929	809.333
702.275	841.000
702.621	944.889
702.967	1046.556
703.313	1114.333
703.659	1177.000
704.005	1175.889
704.351	1159.222
704.697	1133.889
705.043	1078.667
705.388	1023.333
705.734	884.333
706.080	761.667
706.426	675.778
706.771	601.111
707.117	582.333
707.462	595.333
707.808	627.889
708.153	633.889
708.498	628.000
708.844	639.889
709.189	676.444
709.534	723.556
709.879	780.000
710.225	858.556
710.570	899.333
710.915	985.556
711.260	1062.778
711.605	1181.556
711.950	1277.667
712.294	1343.778
712.639	1405.778
712.984	1403.111
713.329	1384.667
713.673	1347.778
714.018	1257.000
714.363	1186.222
714.707	1056.000
715.052	948.889
715.396	831.778
715.740	718.556
716.085	653.000
716.429	574.444
716.773	543.111
717.117	505.000
717.462	492.556
717.806	504.667
718.150	551.000
718.494	640.667
718.838	696.222
719.182	770.778
719.526	827.111
719.869	853.111
720.213	894.778
720.557	897.556
720.901	901.889
721.244	860.333
721.588	785.111
721.932	748.667
722.275	686.333
722.618	675.667
722.962	665.444
723.305	654.000
723.649	654.778
723.992	624.889
724.335	595.111
724.678	562.222
725.021	513.778
725.365	468.444
725.708	391.667
726.051	336.111
726.393	279.333
726.736	240.556
727.079	242.333
727.422	254.889
727.765	308.889
728.108	364.778
728.450	418.333
728.793	490.222
729.135	532.889
729.478	579.556
729.820	604.111
730.163	593.667
730.505	576.000
730.848	518.333
731.190	467.556
731.532	421.889
731.874	364.889
732.217	344.556
732.559	314.556
732.901	299.889
733.243	305.778
733.585	311.778
733.927	328.667
734.269	347.111
734.610	367.667
734.952	397.778
735.294	415.556
735.636	444.444
735.977	483.111
736.319	504.222
736.660	525.556
737.002	546.556
737.343	574.778
737.685	627.000
738.026	654.556
738.368	705.000
738.709	746.889
739.050	741.778
739.391	741.556
739.732	727.111
740.073	696.556
740.415	651.667
740.756	575.444
741.096	513.333
741.437	439.000
741.778	371.889
742.119	356.333
742.460	352.111
742.801	369.222
743.141	399.889
743.482	414.556
743.823	431.111
744.163	445.444
744.504	448.000
744.844	447.778
745.184	426.222
745.525	398.667
745.865	372.667
746.205	343.111
746.545	330.000
746.886	323.556
747.226	316.444
747.566	329.222
747.906	343.889
748.246	348.000
748.586	366.778
748.926	382.778
749.266	400.333
749.605	417.667
749.945	415.111
750.285	405.444
750.624	380.111
750.964	347.222
751.304	341.000
751.643	330.111
751.983	311.111
752.322	291.778
752.661	271.667
753.001	264.111
753.340	272.556
753.679	284.889
754.018	300.778
754.358	331.778
754.697	362.444
755.036	389.000
755.375	415.333
755.714	430.444
756.053	444.889
756.392	478.222
756.730	514.444
757.069	566.444
757.408	630.556
757.747	665.000
758.085	701.667
758.424	734.889
758.762	746.333
759.101	742.889
759.439	708.889
759.778	665.556
760.116	623.444
760.454	552.000
760.793	491.667
761.131	440.111
761.469	389.000
761.807	370.222
762.145	381.556
762.483	398.444
762.821	411.556
763.159	427.889
763.497	437.444
763.835	439.778
764.173	434.111
764.510	432.333
764.848	443.333
765.186	456.556
765.523	456.444
765.861	457.000
766.198	445.111
766.536	419.222
766.873	414.111
767.211	420.778
767.548	420.889
767.885	420.333
768.223	417.778
768.560	414.000
768.897	411.556
769.234	406.667
769.571	403.222
769.908	401.778
770.245	408.222
770.582	425.111
770.919	439.889
771.256	455.111
771.593	470.333
771.929	473.444
772.266	474.111
772.603	480.667
772.939	484.333
773.276	484.111
773.612	475.000
773.949	458.889
774.285	439.556
774.622	425.333
774.958	416.000
775.294	405.889
775.630	402.556
775.966	404.000
776.303	419.333
776.639	446.000
776.975	465.778
777.311	504.556
777.647	554.889
777.983	586.778
778.318	602.667
778.654	621.667
778.990	634.444
779.326	638.667
779.661	648.889
779.997	644.222
780.333	603.778
780.668	564.444
781.004	547.778
781.339	543.444
781.674	548.000
782.010	553.222
782.345	543.556
782.680	522.778
783.016	521.444
783.351	513.111
783.686	495.667
784.021	492.667
784.356	494.667
784.691	487.000
785.026	511.111
785.361	564.111
785.695	605.222
786.030	668.333
786.365	762.778
786.700	836.222
787.034	905.111
787.369	1021.333
787.703	1155.778
788.038	1260.111
788.372	1351.444
788.707	1420.111
789.041	1419.333
789.376	1379.556
789.710	1351.556
790.044	1312.556
790.378	1223.444
790.712	1115.111
791.046	994.667
791.380	842.889
791.714	719.556
792.048	643.333
792.382	582.444
792.716	533.111
793.050	490.444
793.384	448.333
793.718	418.778
794.051	413.778
794.385	432.000
794.718	481.222
795.052	543.222
795.385	595.667
795.719	638.333
796.052	700.778
796.386	815.556
796.719	939.111
797.052	1054.000
797.385	1171.333
797.719	1247.000
798.052	1263.000
798.385	1262.778
798.718	1273.000
799.051	1265.000
799.384	1196.444
799.716	1109.222
800.049	1024.222
800.382	927.556
800.715	869.667
801.048	874.778
801.380	928.000
801.713	996.667
802.045	1042.111
802.378	1049.667
802.710	1029.667
803.043	1002.889
803.375	975.444
803.707	924.444
804.040	860.444
804.372	778.000
804.704	681.000
805.036	614.667
805.368	611.333
805.700	665.667
806.032	755.556
806.364	860.778
806.696	958.556
807.028	1023.667
807.360	1063.667
807.692	1088.333
808.023	1099.000
808.355	1088.111
808.687	1036.111
809.018	948.444
809.350	849.444
809.681	777.333
810.013	759.667
810.344	782.000
810.676	811.667
811.007	868.111
811.338	955.889
811.669	1043.556
812.001	1128.000
812.332	1237.333
812.663	1330.222
812.994	1358.556
813.325	1353.556
813.656	1365.667
813.987	1372.556
814.317	1347.000
814.648	1356.000
814.979	1394.778
815.310	1394.444
815.640	1368.222
815.971	1394.667
816.301	1459.222
816.632	1496.000
816.962	1491.000
817.293	1473.556
817.623	1401.222
817.954	1282.889
818.284	1169.778
818.614	1107.778
818.944	1058.333
819.274	980.000
819.605	913.000
819.935	903.333
820.265	936.333
820.595	1002.222
820.924	1129.000
821.254	1354.778
821.584	1559.000
821.914	1673.667
822.244	1785.222
822.573	1946.889
822.903	2087.778
823.233	2159.000
823.562	2222.667
823.892	2291.333
824.221	2265.222
824.550	2151.444
824.880	2096.889
825.209	2098.222
825.538	2041.556
825.868	1917.778
826.197	1813.222
826.526	1714.333
826.855	1557.000
827.184	1382.000
827.513	1281.444
827.842	1186.111
828.171	1035.222
828.500	887.889
828.828	796.667
829.157	751.222
829.486	715.111
829.815	705.333
830.143	775.556
830.472	938.222
830.800	1133.444
831.129	1316.778
831.457	1551.333
831.786	1917.556
832.114	2293.778
832.442	2600.667
832.770	2798.000
833.099	2957.111
833.427	3017.000
833.755	2970.778
834.083	2907.778
834.411	2831.778
834.739	2635.333
835.067	2343.333
835.395	2053.556
835.723	1860.333
836.050	1703.333
836.378	1580.111
836.706	1500.889
837.033	1452.333
837.361	1388.444
837.689	1290.889
838.016	1215.222
838.344	1179.222
838.671	1158.667
838.998	1101.333
839.326	1023.444
839.653	982.667
839.980	1045.667
840.307	1232.111
840.634	1457.222
840.961	1647.667
841.289	1867.222
841.615	2176.556
841.942	2475.667
842.269	2673.778
842.596	2779.444
842.923	2826.556
843.250	2793.111
843.576	2702.778
843.903	2605.444
844.230	2452.667
844.556	2192.222
844.883	1917.111
845.209	1725.222
845.536	1621.000
845.862	1524.444
846.188	1394.556
846.515	1271.333
846.841	1198.222
847.167	1157.111
847.493	1145.222
847.819	1148.333
848.146	1142.444
848.472	1121.667
848.798	1105.111
849.123	1154.222
849.449	1259.000
849.775	1343.556
850.101	1417.111
850.427	1496.222
850.752	1559.222
851.078	1589.556
851.404	1592.000
851.729	1549.222
852.055	1441.111
852.380	1330.667
852.706	1251.556
853.031	1174.000
853.356	1083.667
853.682	1021.111
854.007	1005.222
854.332	995.111
854.657	970.000
854.982	938.556
855.307	907.889
855.632	915.556
855.957	932.222
856.282	954.444
856.607	1031.667
856.932	1177.111
857.256	1319.889
857.581	1418.000
857.906	1539.000
858.230	1813.000
858.555	2147.556
858.880	2492.222
859.204	2763.778
859.529	2856.222
859.853	2918.667
860.177	2970.111
860.502	2989.333
860.826	2903.333
861.150	2639.778
861.474	2329.333
861.798	2051.111
862.122	1811.333
862.446	1641.889
862.770	1456.444
863.094	1359.222
863.418	1362.778
863.742	1387.667
864.066	1365.444
864.389	1302.222
864.713	1223.444
865.037	1194.667
865.360	1213.889
865.684	1204.667
866.008	1173.000
866.331	1188.333
866.654	1313.333
866.978	1507.778
867.301	1674.222
867.624	1839.333
867.948	2088.222
868.271	2393.222
868.594	2717.222
868.917	3023.889
869.240	3203.333
869.563	3187.444
869.886	3142.889
870.209	3089.444
870.532	2956.667
870.855	2662.556
871.177	2287.778
871.500	1943.889
871.823	1622.667
872.145	1362.111
872.468	1199.556
872.791	1022.111
873.113	883.444
873.435	801.556
873.758	763.667
874.080	744.444
874.402	702.444
874.725	671.556
875.047	702.111
875.369	801.111
875.691	910.000
876.013	984.111
876.335	1055.111
876.657	1151.556
876.979	1320.556
877.301	1517.889
877.623	1662.667
877.945	1716.444
878.266	1727.556
878.588	1782.889
878.910	1900.333
879.231	1981.111
879.553	1979.111
879.875	1862.111
880.196	1711.222
880.517	1624.889
880.839	1615.222
881.160	1602.556
881.481	1523.667
881.803	1394.111
882.124	1307.556
882.445	1266.444
882.766	1277.222
883.087	1299.444
883.408	1286.333
883.729	1286.444
884.050	1391.111
884.371	1640.889
884.692	1962.556
885.012	2229.778
885.333	2437.778
885.654	2592.444
885.974	2745.778
886.295	2894.778
886.616	2969.778
886.936	2934.889
887.257	2781.000
887.577	2587.333
887.897	2481.556
888.218	2452.000
888.538	2456.889
888.858	2410.000
889.178	2305.333
889.498	2194.778
889.818	2100.333
890.139	2033.556
890.458	1960.000
890.778	1826.667
891.098	1654.889
891.418	1465.111
891.738	1309.444
892.058	1205.889
892.377	1149.556
892.697	1136.556
893.017	1151.556
893.336	1208.889
893.656	1350.222
893.975	1583.000
894.295	1857.000
894.614	2117.444
894.933	2317.333
895.253	2447.778
895.572	2494.889
895.891	2487.444
896.210	2449.889
896.529	2338.000
896.848	2141.222
897.167	1899.111
897.486	1658.000
897.805	1481.778
898.124	1341.000
898.443	1224.889
898.762	1112.667
899.081	990.667
899.399	892.889
899.718	821.111
900.036	778.667
900.355	769.000
900.673	750.111
900.992	752.556
901.310	771.222
901.629	817.000
901.947	908.778
902.265	1020.444
902.583	1166.778
902.902	1328.889
903.220	1473.778
903.538	1626.333
903.856	1763.222
904.174	1881.889
904.492	1973.556
904.810	2013.889
905.128	2037.000
905.445	2006.000
905.763	1926.667
906.081	1836.778
906.398	1773.778
906.716	1724.333
907.034	1698.333
907.351	1652.444
907.669	1581.333
907.986	1474.222
908.304	1372.111
908.621	1302.000
908.938	1256.222
909.255	1192.000
909.573	1144.111
909.890	1096.667
910.207	1079.333
910.524	1082.778
910.841	1117.000
911.158	1197.000
911.475	1332.222
911.792	1520.667
912.109	1736.444
912.425	1953.556
912.742	2177.444
913.059	2421.333
913.375	2695.111
913.692	2954.444
914.009	3115.111
914.325	3146.444
914.641	3065.000
914.958	2926.556
915.274	2764.889
915.591	2580.667
915.907	2366.000
916.223	2127.667
916.539	1876.889
916.855	1677.333
917.172	1520.222
917.488	1379.778
917.804	1257.778
918.119	1147.444
918.435	1082.778
918.751	1077.556
919.067	1116.444
919.383	1196.889
919.698	1286.556
920.014	1384.333
920.330	1499.778
920.645	1612.778
920.961	1727.778
921.276	1825.000
921.592	1862.556
921.907	1855.778
922.223	1813.000
922.538	1747.556
922.853	1685.444
923.168	1629.889
923.483	1573.222
923.799	1507.556
924.114	1404.556
924.429	1292.000
924.744	1181.889
925.059	1075.667
925.373	986.556
925.688	912.667
926.003	838.222
926.318	766.778
926.632	690.222
926.947	630.556
927.262	591.333
927.576	563.222
927.891	555.556
928.205	566.778
928.520	590.222
928.834	647.333
929.148	736.222
929.463	839.556
929.777	931.111
930.091	1000.222
930.405	1050.889
930.719	1093.667
931.033	1121.889
931.347	1140.667
931.661	1146.000
931.975	1140.889
932.289	1152.889
932.603	1191.889
932.917	1240.000
933.230	1286.889
933.544	1307.778
933.858	1308.556
934.171	1293.222
934.485	1251.778
934.798	1191.000
935.112	1100.778
935.425	984.667
935.738	874.667
936.052	784.222
936.365	734.889
936.678	740.556
936.991	777.111
937.305	830.889
937.618	913.444
937.931	1028.778
938.244	1210.889
938.556	1465.556
938.869	1738.333
939.182	1992.444
939.495	2188.111
939.808	2317.444
940.120	2408.111
940.433	2454.333
940.746	2457.667
941.058	2411.889
941.371	2297.111
941.683	2147.333
941.996	2000.556
942.308	1859.333
942.620	1742.889
942.933	1644.000
943.245	1524.889
943.557	1399.222
943.869	1263.778
944.181	1118.000
944.493	990.333
944.805	875.222
945.117	781.444
945.429	723.222
945.741	684.000
946.053	678.000
946.365	706.667
946.676	744.111
946.988	786.889
947.300	830.444
947.611	859.556
947.923	898.444
948.234	940.444
948.546	981.889
948.857	1031.778
949.169	1078.444
949.480	1105.556
949.791	1140.778
950.102	1156.778
950.413	1154.778
950.725	1137.222
951.036	1093.111
951.347	1033.000
951.658	972.667
951.969	898.444
952.280	832.667
952.590	781.444
952.901	739.333
953.212	719.222
953.523	729.111
953.833	748.556
954.144	782.444
954.454	813.778
954.765	829.444
955.075	846.222
955.386	857.667
955.696	867.000
956.007	886.333
956.317	908.111
956.627	923.667
956.937	958.222
957.247	1018.889
957.558	1090.667
957.868	1184.333
958.178	1265.667
958.488	1332.889
958.797	1389.111
959.107	1403.556
959.417	1413.222
959.727	1412.222
960.037	1382.222
960.346	1355.444
960.656	1330.556
960.966	1301.778
961.275	1278.444
961.585	1259.778
961.894	1235.111
962.203	1202.444
962.513	1162.889
962.822	1110.111
963.131	1052.778
963.441	982.778
963.750	910.111
964.059	847.333
964.368	794.111
964.677	762.111
964.986	767.222
965.295	796.778
965.604	873.667
965.913	954.222
966.221	1037.667
966.530	1117.778
966.839	1203.333
967.148	1272.889
967.456	1318.889
967.765	1335.444
968.073	1319.333
968.382	1250.667
968.690	1185.000
968.999	1115.000
969.307	1040.778
969.615	975.889
969.924	925.000
970.232	892.778
970.540	887.000
970.848	887.556
971.156	893.333
971.464	906.667
971.772	908.111
972.080	910.444
972.388	921.667
972.696	922.556
973.003	925.556
973.311	936.000
973.619	950.778
973.926	971.111
974.234	1001.444
974.542	1031.667
974.849	1064.778
975.157	1097.778
975.464	1116.667
975.771	1133.333
976.079	1144.222
976.386	1139.444
976.693	1129.444
977.000	1112.333
977.307	1085.556
977.615	1056.667
977.922	1014.556
978.229	974.667
978.536	934.778
978.842	894.222
979.149	861.111
979.456	829.667
979.763	790.111
980.070	757.556
980.376	731.111
980.683	696.556
980.989	664.778
981.296	630.667
981.602	578.333
981.909	526.000
982.215	480.111
982.522	433.333
982.828	398.111
983.134	374.889
983.440	363.000
983.746	368.667
984.053	395.444
984.359	433.667
984.665	479.111
984.971	532.111
985.277	591.000
985.582	643.444
985.888	693.111
986.194	737.556
986.500	769.000
986.805	784.222
987.111	793.444
987.417	792.889
987.722	783.556
988.028	774.556
988.333	763.111
988.639	747.000
988.944	737.444
989.249	722.111
989.555	708.444
989.860	704.889
990.165	704.000
990.470	709.222
990.775	715.778
991.080	729.667
991.385	739.333
991.690	750.778
991.995	772.222
992.300	799.778
992.605	838.111
992.910	884.000
993.214	921.111
993.519	949.667
993.824	972.000
994.128	995.222
994.433	1016.889
994.737	1031.000
995.042	1034.000
995.346	1018.111
995.650	997.778
995.955	968.000
996.259	930.333
996.563	895.333
996.867	852.000
997.171	799.556
997.476	757.444
997.780	707.222
998.083	652.333
998.387	602.333
998.691	559.333
998.995	521.778
999.299	487.333
999.603	462.222
999.906	434.111
1000.210	404.667
1000.514	387.222
1000.817	373.889
1001.121	358.889
1001.424	350.111
1001.728	340.889
1002.031	331.222
1002.334	320.444
1002.638	308.667
1002.941	304.111
1003.244	303.333
1003.547	298.778
1003.850	299.667
1004.153	307.222
1004.456	314.667
1004.759	328.556
1005.062	356.333
1005.365	384.222
1005.668	412.556
1005.971	453.111
1006.273	486.000
1006.576	516.111
1006.879	550.000
1007.181	578.000
1007.484	606.778
1007.786	649.667
1008.089	690.889
1008.391	716.333
1008.693	746.778
1008.996	781.889
1009.298	807.778
1009.600	847.333
1009.902	901.778
1010.204	934.889
1010.507	960.778
1010.809	998.778
1011.111	1021.778
1011.412	1028.111
1011.714	1046.889
1012.016	1061.111
1012.318	1058.000
1012.620	1057.889
1012.921	1050.889
1013.223	1018.000
1013.525	986.444
1013.826	964.778
1014.128	932.000
1014.429	899.222
1014.731	868.333
1015.032	824.333
1015.333	779.667
1015.635	750.889
1015.936	718.222
1016.237	680.778
1016.538	656.556
1016.839	631.556
1017.140	601.889
1017.441	577.444
1017.742	552.778
1018.043	513.778
1018.344	480.556
1018.645	458.556
1018.946	432.222
1019.246	410.222
1019.547	396.333
1019.848	374.667
1020.148	356.333
1020.449	345.333
1020.749	337.889
1021.050	328.444
1021.350	321.889
1021.651	314.333
1021.951	304.778
1022.251	298.889
1022.551	296.667
1022.852	291.778
1023.152	294.667
1023.452	298.222
1023.752	300.667
1024.052	312.333
1024.352	330.222
1024.652	341.000
1024.952	358.667
1025.251	379.778
1025.551	395.333
1025.851	407.111
1026.150	425.889
1026.450	441.000
1026.750	446.667
1027.049	458.889
1027.349	473.889
1027.648	478.556
1027.947	489.222
1028.247	514.778
1028.546	527.778
1028.845	540.444
1029.144	568.111
1029.444	584.333
1029.743	585.778
1030.042	602.556
1030.341	611.778
1030.640	601.889
1030.939	594.000
1031.238	594.444
1031.536	578.222
1031.835	554.889
1032.134	544.556
1032.433	527.333
1032.731	496.222
1033.030	476.333
1033.328	457.444
1033.627	426.667
1033.925	399.667
1034.224	380.667
1034.522	363.889
1034.820	341.889
1035.119	327.778
1035.417	309.778
1035.715	291.556
1036.013	282.444
1036.311	272.111
1036.609	259.000
1036.907	248.222
1037.205	233.778
1037.503	220.889
1037.801	212.889
1038.099	207.222
1038.397	200.111
1038.694	195.333
1038.992	195.000
1039.290	195.667
1039.587	197.556
1039.885	202.778
1040.182	207.222
1040.479	211.889
1040.777	226.444
1041.074	241.556
1041.372	252.111
1041.669	269.111
1041.966	290.333
1042.263	305.778
1042.560	325.222
1042.857	353.000
1043.154	370.667
1043.451	382.889
1043.748	402.667
1044.045	421.444
1044.342	426.667
1044.639	432.444
1044.935	445.667
1045.232	444.778
1045.529	438.333
1045.825	441.667
1046.122	435.222
1046.418	420.000
1046.715	417.000
1047.011	417.222
1047.308	408.111
1047.604	401.111
1047.900	404.333
1048.197	401.556
1048.493	391.111
1048.789	393.333
1049.085	391.778
1049.381	377.222
1049.677	366.444
1049.973	359.889
1050.269	344.222
1050.565	324.222
1050.860	313.222
1051.156	302.222
1051.452	283.000
1051.748	269.222
1052.043	258.889
1052.339	245.000
1052.634	233.444
1052.930	223.222
1053.225	211.222
1053.521	196.556
1053.816	187.222
1054.111	180.333
1054.407	171.111
1054.702	165.111
1054.997	159.778
1055.292	151.556
1055.587	145.667
1055.882	143.222
1056.177	139.667
1056.472	134.667
1056.767	133.222
1057.062	133.111
1057.357	129.889
1057.651	130.667
1057.946	135.000
1058.241	139.111
1058.535	141.667
1058.830	152.222
1059.124	167.111
1059.419	177.111
1059.713	191.778
1060.008	212.889
1060.302	227.444
1060.596	236.667
1060.890	256.444
1061.185	280.556
1061.479	291.111
1061.773	303.222
1062.067	327.889
1062.361	340.778
1062.655	345.222
1062.949	367.333
1063.243	389.667
1063.536	392.556
1063.830	396.000
1064.124	416.444
1064.418	422.444
1064.711	413.889
1065.005	418.333
1065.298	425.778
1065.592	408.222
1065.885	397.333
1066.179	402.333
1066.472	392.778
1066.765	373.444
1067.058	369.778
1067.352	366.444
1067.645	348.111
1067.938	330.667
1068.231	324.556
1068.524	312.556
1068.817	289.222
1069.110	279.000
1069.403	266.000
1069.696	241.000
1069.989	219.222
1070.281	207.222
1070.574	190.556
1070.867	174.000
1071.159	158.111
1071.452	147.333
1071.744	134.000
1072.037	121.667
1072.329	114.444
1072.622	107.667
1072.914	99.889
1073.206	95.111
1073.498	91.111
1073.791	90.111
1074.083	87.778
1074.375	86.889
1074.667	85.667
1074.959	85.333
1075.251	85.556
1075.543	86.667
1075.835	87.778
1076.126	87.889
1076.418	87.778
1076.710	88.667
1077.002	87.889
1077.293	90.556
1077.585	94.000
1077.876	95.556
1078.168	96.556
1078.459	99.889
1078.751	103.444
1079.042	104.444
1079.333	106.889
1079.625	110.778
1079.916	112.111
1080.207	112.444
1080.498	115.111
1080.789	118.556
1081.080	120.111
1081.371	122.222
1081.662	127.778
1081.953	130.667
1082.244	130.333
1082.535	133.778
1082.826	136.222
1083.116	136.111
1083.407	135.444
1083.698	135.333
1083.988	132.667
1084.279	128.222
1084.569	125.889
1084.859	126.556
1085.150	124.111
1085.440	122.778
1085.730	123.667
1086.021	125.333
1086.311	123.333
1086.601	123.333
1086.891	123.778
1087.181	121.667
1087.471	117.778
1087.761	115.111
1088.051	112.111
1088.341	107.111
1088.631	101.667
1088.921	98.667
1089.210	95.000
1089.500	90.333
1089.790	87.111
1090.079	85.222
1090.369	82.889
1090.658	79.889
1090.948	78.667
1091.237	76.333
1091.526	74.667
1091.816	75.667
1092.105	75.111
1092.394	75.444
1092.683	74.111
1092.973	73.333
1093.262	73.667
1093.551	73.333
1093.840	74.667
1094.129	76.000
1094.417	76.333
1094.706	78.889
1094.995	80.222
1095.284	81.333
1095.573	82.889
1095.861	83.000
1096.150	84.667
1096.438	86.889
1096.727	88.000
1097.016	87.000
1097.304	85.889
1097.592	85.556
1097.881	86.222
1098.169	85.333
1098.457	86.444
1098.745	86.444
1099.034	83.444
1099.322	83.667
