520.430	0.000
520.800	0.000
521.169	59.000
521.539	60.000
521.909	58.000
522.278	72.000
522.648	60.000
523.017	65.000
523.387	69.000
523.756	64.000
524.125	59.000
524.494	79.000
524.864	63.000
525.233	63.000
525.602	67.000
525.971	66.000
526.340	61.000
526.709	62.000
527.078	60.000
527.447	73.000
527.816	131.556
528.185	423.333
528.553	770.444
528.922	1133.667
529.291	1515.444
529.659	1924.889
530.028	2324.444
530.396	2726.444
530.765	3109.333
531.133	3416.444
531.502	3461.111
531.870	3386.333
532.238	3250.667
532.606	3056.667
532.975	2785.111
533.343	2479.000
533.711	2148.111
534.079	1820.444
534.447	1500.556
534.815	1227.778
535.183	1036.556
535.551	907.556
535.919	830.000
536.286	833.667
536.654	911.222
537.022	1034.667
537.389	1210.667
537.757	1435.111
538.125	1687.556
538.492	1940.667
538.859	2196.889
539.227	2455.444
539.594	2685.889
539.961	2870.222
540.329	3030.333
540.696	3139.222
541.063	3126.333
541.430	3052.222
541.797	2905.111
542.164	2675.667
542.531	2404.556
542.898	2103.778
543.265	1817.889
543.632	1546.333
543.999	1312.333
544.366	1177.333
544.732	1098.889
545.099	1096.889
545.466	1185.667
545.832	1317.667
546.199	1484.111
546.565	1661.778
546.932	1816.222
547.298	1918.222
547.664	1965.222
548.031	1977.667
548.397	1938.333
548.763	1890.778
549.129	1872.778
549.495	1879.556
549.861	1886.111
550.227	1928.889
550.593	1963.778
550.959	1996.444
551.325	2011.222
551.691	2045.556
552.057	2028.889
552.422	1932.778
552.788	1778.333
553.154	1608.444
553.519	1419.556
553.885	1304.333
554.250	1261.667
554.616	1302.889
554.981	1458.333
555.347	1684.333
555.712	1974.222
556.077	2330.556
556.443	2695.222
556.808	3047.111
557.173	3297.889
557.538	3463.111
557.903	3465.333
558.268	3337.333
558.633	3125.222
558.998	2837.556
559.363	2476.778
559.727	2099.778
560.092	1722.667
560.457	1418.778
560.822	1159.556
561.186	999.000
561.551	878.444
561.915	824.222
562.280	829.000
562.644	900.333
563.009	1029.000
563.373	1177.000
563.737	1359.111
564.102	1614.889
564.466	1851.000
564.830	2127.667
565.194	2428.556
565.558	2698.667
565.922	2932.778
566.286	3140.889
566.650	3281.333
567.014	3366.889
567.378	3363.000
567.741	3305.778
568.105	3197.444
568.469	3012.889
568.833	2800.889
569.196	2592.889
569.560	2379.444
569.923	2244.111
570.287	2158.000
570.650	2107.000
571.013	2101.333
571.377	2105.667
571.740	2143.222
572.103	2167.667
572.466	2196.778
572.830	2206.889
573.193	2181.667
573.556	2165.667
573.919	2155.667
574.282	2160.889
574.645	2185.000
575.007	2206.444
575.370	2291.778
575.733	2426.222
576.096	2533.667
576.458	2620.667
576.821	2639.889
577.184	2584.556
577.546	2532.222
577.909	2417.111
578.271	2254.111
578.633	2076.556
578.996	1829.111
579.358	1612.556
579.720	1447.889
580.083	1314.111
580.445	1245.889
580.807	1214.778
581.169	1215.778
581.531	1307.111
581.893	1420.556
582.255	1560.333
582.617	1753.778
582.979	1893.333
583.340	2038.667
583.702	2176.000
584.064	2222.667
584.425	2243.444
584.787	2211.000
585.149	2139.889
585.510	2061.111
585.872	1899.889
586.233	1733.111
586.594	1545.667
586.956	1343.778
587.317	1194.333
587.678	1062.222
588.039	939.111
588.401	857.667
588.762	796.000
589.123	777.333
589.484	833.889
589.845	914.667
590.206	995.778
590.566	1115.333
590.927	1223.444
591.288	1338.333
591.649	1439.444
592.009	1491.000
592.370	1548.889
592.731	1523.333
593.091	1503.556
593.452	1497.222
593.812	1466.444
594.172	1442.667
594.533	1381.000
594.893	1310.222
595.253	1276.444
595.614	1228.778
595.974	1233.556
596.334	1227.222
596.694	1196.333
597.054	1166.556
597.414	1122.667
597.774	1110.778
598.134	1093.889
598.494	1059.222
598.853	1010.444
599.213	951.111
599.573	887.778
599.932	870.222
600.292	845.444
600.652	917.000
601.011	974.111
601.371	1062.000
601.730	1162.667
602.089	1278.556
602.449	1418.000
602.808	1531.000
603.167	1572.222
603.526	1611.667
603.886	1550.556
604.245	1509.667
604.604	1410.333
604.963	1322.444
605.322	1228.000
605.681	1116.667
606.040	1052.889
606.398	1050.778
606.757	1084.444
607.116	1199.556
607.475	1342.556
607.833	1594.444
608.192	1786.556
608.550	2023.444
608.909	2226.444
609.267	2329.667
609.626	2461.778
609.984	2525.444
610.342	2638.444
610.701	2710.333
611.059	2692.000
611.417	2692.222
611.775	2573.667
612.133	2521.778
612.491	2499.556
612.849	2501.444
613.207	2500.222
613.565	2349.667
613.923	2189.444
614.281	2019.444
614.638	1882.889
614.996	1825.556
615.354	1757.667
615.711	1744.667
616.069	1649.111
616.427	1659.000
616.784	1696.667
617.141	1788.556
617.499	1860.444
617.856	1920.556
618.213	1947.444
618.571	1930.000
618.928	1937.889
619.285	1937.222
619.642	1894.111
619.999	1842.222
620.356	1797.889
620.713	1821.778
621.070	1848.000
621.427	1904.333
621.784	1935.444
622.141	1960.444
622.497	1955.889
622.854	1945.556
623.211	1911.667
623.567	1808.778
623.924	1665.111
624.280	1496.778
624.637	1311.889
624.993	1160.778
625.349	984.111
625.706	869.000
626.062	761.333
626.418	730.556
626.774	723.556
627.131	789.222
627.487	861.000
627.843	971.000
628.199	1034.556
628.555	1108.444
628.911	1112.222
629.266	1079.778
629.622	1018.333
629.978	958.889
630.334	871.778
630.689	802.778
631.045	719.889
631.401	681.000
631.756	652.444
632.112	677.889
632.467	726.333
632.822	770.667
633.178	804.889
633.533	809.667
633.888	812.000
634.243	847.333
634.599	888.444
634.954	894.444
635.309	881.444
635.664	868.556
636.019	842.222
636.374	832.444
636.729	811.111
637.083	790.333
637.438	731.000
637.793	684.889
638.148	645.444
638.502	620.556
638.857	590.556
639.211	578.889
639.566	566.889
639.920	577.556
640.275	624.000
640.629	671.444
640.983	751.333
641.338	826.444
641.692	955.778
642.046	1104.667
642.400	1286.111
642.754	1455.889
643.108	1593.222
643.462	1715.333
643.816	1846.667
644.170	1977.333
644.524	2067.444
644.878	2097.889
645.232	2055.556
645.585	1977.556
645.939	1858.333
646.293	1736.778
646.646	1561.556
647.000	1371.667
647.353	1141.889
647.707	968.444
648.060	802.556
648.413	692.000
648.767	608.889
649.120	584.778
649.473	613.111
649.826	690.778
650.179	793.111
650.533	898.222
650.885	1004.111
651.239	1134.778
651.591	1298.444
651.944	1442.444
652.297	1570.778
652.650	1636.556
653.003	1660.444
653.355	1655.667
653.708	1701.889
654.061	1718.333
654.413	1716.111
654.766	1625.000
655.118	1519.556
655.471	1393.889
655.823	1318.111
656.175	1249.889
656.528	1193.333
656.880	1066.444
657.232	959.000
657.584	831.333
657.936	748.444
658.288	668.222
658.640	610.444
658.992	537.889
659.344	490.667
659.696	433.444
660.048	396.444
660.400	369.778
660.751	398.444
661.103	450.667
661.455	551.778
661.806	667.222
662.158	845.111
662.509	995.667
662.861	1168.889
663.212	1288.333
663.563	1394.000
663.915	1420.667
664.266	1429.556
664.617	1383.667
664.968	1337.556
665.319	1246.222
665.670	1212.889
666.021	1128.778
666.372	1072.889
666.723	986.667
667.074	968.222
667.425	970.000
667.776	1045.556
668.127	1062.667
668.477	1049.556
668.828	989.667
669.179	1007.000
669.529	1064.000
669.880	1214.000
670.230	1304.111
670.581	1359.222
670.931	1343.556
671.281	1380.889
671.632	1434.111
671.982	1477.667
672.332	1483.000
672.682	1437.444
673.032	1346.444
673.382	1291.889
673.732	1269.889
674.082	1227.333
674.432	1186.667
674.782	1109.000
675.132	1056.556
675.482	978.222
675.831	943.333
676.181	867.222
676.531	781.556
676.880	673.111
677.230	611.333
677.579	550.000
677.929	565.111
678.278	584.667
678.628	611.444
678.977	616.000
679.326	613.111
679.675	614.333
680.024	608.444
680.374	588.667
680.723	553.667
681.072	485.444
681.421	414.222
681.770	377.000
682.119	353.889
682.467	385.222
682.816	405.333
683.165	438.000
683.514	460.556
683.862	474.667
684.211	490.556
684.559	509.333
684.908	525.667
685.256	542.667
685.605	566.000
685.953	597.889
686.302	666.556
686.650	753.444
686.998	909.000
687.346	1053.889
687.694	1231.444
688.043	1383.444
688.391	1524.000
688.739	1690.667
689.087	1815.889
689.435	1921.111
689.782	1925.222
690.130	1848.444
690.478	1739.333
690.826	1578.889
691.173	1422.333
691.521	1256.222
691.869	1029.667
692.216	858.556
692.564	684.333
692.911	595.000
693.259	538.444
693.606	509.444
693.953	525.444
694.300	563.333
694.648	659.889
694.995	776.667
695.342	834.889
695.689	883.556
696.036	913.556
696.383	930.556
696.730	956.111
697.077	972.111
697.424	976.778
697.771	962.333
698.117	956.778
698.464	988.667
698.811	1055.889
699.157	1098.333
699.504	1161.111
699.850	1179.667
700.197	1147.778
700.543	1114.000
700.890	1046.222
701.236	960.778
701.582	875.444
701.929	760.667
702.275	713.667
702.621	666.778
702.967	671.111
703.313	702.444
703.659	737.222
704.005	765.444
704.351	776.889
704.697	796.222
705.043	836.778
705.388	868.333
705.734	890.444
706.080	918.444
706.426	957.333
706.771	1037.667
707.117	1118.667
707.462	1261.333
707.808	1426.111
708.153	1519.778
708.498	1611.556
708.844	1646.333
709.189	1670.222
709.534	1629.222
709.879	1529.111
710.225	1455.667
710.570	1300.333
710.915	1139.222
711.260	995.556
711.605	852.333
711.950	761.222
712.294	667.444
712.639	630.889
712.984	593.444
713.329	560.889
713.673	558.556
714.018	585.333
714.363	647.333
714.707	687.111
715.052	753.222
715.396	779.222
715.740	802.111
716.085	838.778
716.429	849.111
716.773	877.667
717.117	844.889
717.462	805.222
717.806	772.222
718.150	725.889
718.494	736.222
718.838	732.667
719.182	743.556
719.526	755.000
719.869	725.889
720.213	710.556
720.557	666.333
720.901	634.333
721.244	582.667
721.588	512.333
721.932	453.556
722.275	376.111
722.618	327.444
722.962	305.000
723.305	315.444
723.649	351.333
723.992	386.333
724.335	437.333
724.678	486.778
725.021	534.667
725.365	603.000
725.708	636.444
726.051	655.889
726.393	634.556
726.736	595.111
727.079	559.889
727.422	514.778
727.765	494.333
728.108	473.111
728.450	425.222
728.793	404.889
729.135	383.889
729.478	384.778
729.820	394.556
730.163	407.333
730.505	435.333
730.848	436.778
731.190	451.222
731.532	475.444
731.874	483.000
732.217	505.889
732.559	521.556
732.901	545.667
733.243	580.111
733.585	606.000
733.927	672.556
734.269	722.333
734.610	747.111
734.952	788.222
735.294	793.444
735.636	780.111
735.977	755.444
736.319	702.667
736.660	644.222
737.002	556.333
737.343	478.889
737.685	441.889
738.026	405.444
738.368	419.889
738.709	465.778
739.050	494.667
739.391	535.778
739.732	571.556
740.073	602.000
740.415	638.889
740.756	636.333
741.096	612.222
741.437	562.667
741.778	497.333
742.119	462.000
742.460	433.000
742.801	425.444
743.141	438.556
743.482	431.889
743.823	452.889
744.163	474.889
744.504	497.444
744.844	548.778
745.184	580.778
745.525	591.444
745.865	582.889
746.205	536.556
746.545	495.000
746.886	452.222
747.226	422.444
747.566	400.667
747.906	354.222
748.246	315.444
748.586	295.333
748.926	282.222
749.266	297.333
749.605	323.111
749.945	348.000
750.285	384.000
750.624	443.778
750.964	485.000
751.304	510.778
751.643	524.667
751.983	528.111
752.322	551.667
752.661	611.444
753.001	659.333
753.340	730.111
753.679	766.889
754.018	778.667
754.358	806.889
754.697	823.667
755.036	830.000
755.375	805.889
755.714	735.222
756.053	684.000
756.392	615.444
756.730	535.000
757.069	492.667
757.408	455.444
757.747	435.889
758.085	460.667
758.424	507.000
758.762	532.889
759.101	557.000
759.439	567.778
759.778	570.333
760.116	574.778
760.454	579.222
760.793	591.333
761.131	611.000
761.469	612.222
761.807	617.444
762.145	614.889
762.483	590.000
762.821	576.222
763.159	566.889
763.497	556.667
763.835	549.333
764.173	524.444
764.510	490.111
764.848	471.778
765.186	453.222
765.523	436.333
765.861	431.778
766.198	438.333
766.536	448.556
766.873	464.333
767.211	484.778
767.548	496.000
767.885	494.778
768.223	493.222
768.560	499.889
768.897	506.333
769.234	511.444
769.571	511.778
769.908	506.667
770.245	492.333
770.582	478.556
770.919	467.000
771.256	451.444
771.593	444.667
771.929	452.556
772.266	472.889
772.603	493.444
772.939	511.778
773.276	544.111
773.612	587.000
773.949	612.111
774.285	635.111
774.622	664.778
774.958	690.222
775.294	719.667
775.630	731.444
775.966	708.889
776.303	659.000
776.639	614.889
776.975	594.333
777.311	595.111
777.647	608.000
777.983	611.889
778.318	597.222
778.654	598.778
778.990	601.889
779.326	596.556
779.661	600.000
779.997	617.778
780.333	613.889
780.668	613.667
781.004	637.333
781.339	645.556
781.674	677.778
782.010	743.111
782.345	800.000
782.680	851.222
783.016	941.778
783.351	1042.778
783.686	1145.889
784.021	1247.444
784.356	1318.556
784.691	1340.000
785.026	1338.778
785.361	1331.222
785.695	1299.556
786.030	1227.667
786.365	1151.444
786.700	1033.778
787.034	888.778
787.369	773.556
787.703	678.222
788.038	597.111
788.372	537.444
788.707	495.222
789.041	451.889
789.376	419.889
789.710	409.556
790.044	422.000
790.378	474.889
790.712	532.111
791.046	567.778
791.380	600.444
791.714	675.444
792.048	785.778
792.382	898.556
792.716	1045.111
793.050	1190.222
793.384	1255.222
793.718	1273.222
794.051	1304.222
794.385	1333.333
794.718	1315.889
795.052	1267.778
795.385	1208.000
795.719	1092.667
796.052	965.556
796.386	903.667
796.719	911.111
797.052	959.556
797.385	1017.444
797.719	1039.333
798.052	1013.000
798.385	971.111
798.718	945.444
799.051	923.000
799.384	887.000
799.716	831.111
800.049	744.222
800.382	644.111
800.715	596.333
801.048	623.444
801.380	692.222
801.713	777.556
802.045	867.333
802.378	937.556
802.710	979.778
803.043	998.889
803.375	1020.556
803.707	1032.333
804.040	999.889
804.372	928.333
804.704	839.778
805.036	756.222
805.368	712.667
805.700	717.333
806.032	755.444
806.364	801.333
806.696	834.111
807.028	861.556
807.360	910.889
807.692	992.667
808.023	1066.111
808.355	1109.667
808.687	1124.889
809.018	1115.556
809.350	1097.111
809.681	1118.889
810.013	1181.667
810.344	1243.333
810.676	1257.667
811.007	1260.222
811.338	1272.333
811.669	1281.111
812.001	1294.667
812.332	1333.778
812.663	1343.778
812.994	1293.222
813.325	1213.889
813.656	1150.000
813.987	1107.333
814.317	1059.556
814.648	1046.444
814.979	1067.000
815.310	1053.000
815.640	1022.667
815.971	1066.222
816.301	1217.444
816.632	1397.556
816.962	1550.333
817.293	1747.778
817.623	1937.444
817.954	2050.111
818.284	2136.000
818.614	2284.222
818.944	2411.889
819.274	2412.111
819.605	2357.556
819.935	2336.889
820.265	2263.889
820.595	2132.556
820.924	2034.444
821.254	2002.333
821.584	1916.222
821.914	1764.444
822.244	1625.889
822.573	1513.222
822.903	1366.556
823.233	1213.889
823.562	1097.222
823.892	1002.222
824.221	892.111
824.550	781.778
824.880	749.444
825.209	803.000
825.538	895.000
825.868	1011.111
826.197	1210.333
826.526	1499.778
826.855	1790.889
827.184	2040.889
827.513	2357.000
827.842	2712.444
828.171	2977.556
828.500	3083.667
828.828	3130.778
829.157	3117.556
829.486	3003.222
829.815	2832.222
830.143	2669.000
830.472	2445.222
830.800	2121.889
831.129	1800.222
831.457	1615.333
831.786	1538.778
832.114	1485.333
832.442	1405.111
832.770	1329.111
833.099	1266.222
833.427	1199.333
833.755	1148.667
834.083	1115.000
834.411	1083.000
834.739	1026.667
835.067	960.111
835.395	967.111
835.723	1139.333
836.050	1493.444
836.378	1857.556
836.706	2198.556
837.033	2461.667
837.361	2754.889
837.689	2990.667
838.016	3113.333
838.344	3175.333
838.671	3185.889
838.998	3062.444
839.326	2859.556
839.653	2591.556
839.980	2383.667
840.307	2140.667
840.634	1927.000
840.961	1790.889
841.289	1693.667
841.615	1562.333
841.942	1385.333
842.269	1253.667
842.596	1197.111
842.923	1191.667
843.250	1200.444
843.576	1185.111
843.903	1167.111
844.230	1177.333
844.556	1269.000
844.883	1415.111
845.209	1521.444
845.536	1595.333
845.862	1644.556
846.188	1662.222
846.515	1657.111
846.841	1647.889
847.167	1616.778
847.493	1518.111
847.819	1385.778
848.146	1291.444
848.472	1225.111
848.798	1172.111
849.123	1142.444
849.449	1132.111
849.775	1109.889
850.101	1063.333
850.427	987.889
850.752	940.778
851.078	947.778
851.404	986.556
851.729	1097.556
852.055	1307.889
852.380	1550.778
852.706	1726.111
853.031	1860.444
853.356	2067.778
853.682	2401.667
854.007	2717.222
854.332	3029.444
854.657	3122.333
854.982	3092.778
855.307	3012.667
855.632	2955.778
855.957	2879.000
856.282	2691.889
856.607	2366.000
856.932	2080.667
857.256	1792.222
857.581	1608.111
857.906	1450.556
858.230	1399.889
858.555	1451.556
858.880	1509.667
859.204	1513.333
859.529	1467.556
859.853	1391.000
860.177	1356.444
860.502	1367.000
860.826	1357.111
861.150	1336.000
861.474	1387.444
861.798	1552.000
862.122	1747.889
862.446	1914.889
862.770	2141.667
863.094	2464.667
863.418	2773.778
863.742	3084.000
864.066	3336.333
864.389	3457.667
864.713	3436.667
865.037	3438.778
865.360	3410.000
865.684	3225.111
866.008	2870.556
866.331	2518.889
866.654	2193.556
866.978	1874.222
867.301	1563.222
867.624	1335.111
867.948	1122.333
868.271	986.889
868.594	914.111
868.917	866.556
869.240	821.111
869.563	779.333
869.886	797.667
870.209	883.333
870.532	962.000
870.855	1007.444
871.177	1056.444
871.500	1169.889
871.823	1331.778
872.145	1514.222
872.468	1643.333
872.791	1689.444
873.113	1738.000
873.435	1864.667
873.758	2035.000
874.080	2139.444
874.402	2130.444
874.725	2059.444
875.047	1954.889
875.369	1871.778
875.691	1807.444
876.013	1681.333
876.335	1512.667
876.657	1362.778
876.979	1316.889
877.301	1317.667
877.623	1295.111
877.945	1261.889
878.266	1245.778
878.588	1301.556
878.910	1483.667
879.231	1699.667
879.553	1868.222
879.875	1970.889
880.196	2131.111
880.517	2404.778
880.839	2694.556
881.160	2898.778
881.481	2948.222
881.803	2847.000
882.124	2723.667
882.445	2703.111
882.766	2795.333
883.087	2863.333
883.408	2802.000
883.729	2698.333
884.050	2632.222
884.371	2628.111
884.692	2647.556
885.012	2593.556
885.333	2432.444
885.654	2181.000
885.974	1931.222
886.295	1750.333
886.616	1582.667
886.936	1431.333
887.257	1291.222
887.577	1183.556
887.897	1183.889
888.218	1289.222
888.538	1475.778
888.858	1666.778
889.178	1820.778
889.498	2005.333
889.818	2216.222
890.139	2440.222
890.458	2612.556
890.778	2653.889
891.098	2572.444
891.418	2385.889
891.738	2196.556
892.058	2054.667
892.377	1909.444
892.697	1751.556
893.017	1565.778
893.336	1395.444
893.656	1279.444
893.975	1189.667
894.295	1127.889
894.614	1061.778
894.933	979.111
895.253	914.667
895.572	849.444
895.891	814.222
896.210	817.778
896.529	837.444
896.848	905.667
897.167	1018.111
897.486	1155.444
897.805	1342.333
898.124	1535.000
898.443	1726.778
898.762	1899.444
899.081	2039.778
899.399	2154.333
899.718	2219.000
900.036	2241.000
900.355	2258.778
900.673	2242.333
900.992	2196.667
901.310	2119.222
901.629	2024.333
901.947	1950.556
902.265	1896.333
902.583	1848.667
902.902	1772.889
903.220	1641.222
903.538	1487.667
903.856	1349.667
904.174	1267.556
904.492	1253.667
904.810	1263.556
905.128	1305.111
905.445	1343.778
905.763	1385.000
906.081	1453.000
906.398	1590.222
906.716	1782.333
907.034	2024.778
907.351	2259.556
907.669	2469.778
907.986	2645.444
908.304	2851.000
908.621	3086.333
908.938	3289.556
909.255	3359.222
909.573	3324.222
909.890	3190.222
910.207	3019.444
910.524	2825.000
910.841	2625.778
911.158	2410.556
911.475	2185.000
911.792	1968.444
912.109	1790.222
912.425	1625.444
912.742	1485.444
913.059	1354.111
913.375	1276.556
913.692	1270.444
914.009	1311.667
914.325	1382.778
914.641	1469.111
914.958	1563.444
915.274	1676.111
915.591	1778.667
915.907	1874.667
916.223	1943.889
916.539	1942.556
916.855	1893.778
917.172	1811.667
917.488	1711.778
917.804	1637.667
918.119	1581.778
918.435	1545.778
918.751	1491.111
919.067	1394.222
919.383	1288.889
919.698	1179.778
920.014	1075.667
920.330	997.000
920.645	919.778
920.961	835.000
921.276	740.222
921.592	653.222
921.907	593.556
922.223	554.556
922.538	524.889
922.853	512.556
923.168	519.556
923.483	568.778
923.799	669.444
924.114	791.778
924.429	910.111
924.744	1006.889
925.059	1079.444
925.373	1143.889
925.688	1206.222
926.003	1262.111
926.318	1310.667
926.632	1342.222
926.947	1397.444
927.262	1480.444
927.576	1561.333
927.891	1627.111
928.205	1661.444
928.520	1663.778
928.834	1660.444
929.148	1625.778
929.463	1552.889
929.777	1429.111
930.091	1268.333
930.405	1125.889
930.719	1022.333
931.033	951.111
931.347	913.111
931.661	890.667
931.975	885.889
932.289	953.000
932.603	1112.778
932.917	1346.444
933.230	1603.000
933.544	1824.222
933.858	2007.111
934.171	2171.889
934.485	2321.667
934.798	2487.778
935.112	2621.111
935.425	2680.556
935.738	2700.333
936.052	2701.222
936.365	2684.222
936.678	2663.556
936.991	2594.556
937.305	2471.778
937.618	2293.000
937.931	2064.444
938.244	1811.556
938.556	1549.000
938.869	1284.889
939.182	1071.111
939.495	913.889
939.808	808.556
940.120	746.556
940.433	698.444
940.746	664.000
941.058	657.667
941.371	677.333
941.683	733.222
941.996	824.000
942.308	921.889
942.620	1024.444
942.933	1120.556
943.245	1179.444
943.557	1225.778
943.869	1256.556
944.181	1262.222
944.493	1253.778
944.805	1232.333
945.117	1190.667
945.429	1156.556
945.741	1129.333
946.053	1116.667
946.365	1114.333
946.676	1107.556
946.988	1083.333
947.300	1052.333
947.611	992.222
947.923	934.222
948.234	897.667
948.546	867.000
948.857	873.889
949.169	907.111
949.480	931.778
949.791	970.000
950.102	1008.000
950.413	1035.333
950.725	1067.667
951.036	1076.778
951.347	1074.556
951.658	1081.222
951.969	1081.667
952.280	1102.000
952.590	1172.111
952.901	1260.556
953.212	1373.556
953.523	1499.111
953.833	1603.889
954.144	1690.889
954.454	1738.444
954.765	1745.333
955.075	1736.889
955.386	1689.000
955.696	1615.556
956.007	1536.000
956.317	1444.111
956.627	1342.667
956.937	1259.111
957.247	1193.889
957.558	1141.222
957.868	1103.333
958.178	1063.333
958.488	1018.111
958.797	975.778
959.107	924.778
959.417	897.000
959.727	893.222
960.037	900.556
960.346	931.111
960.656	983.333
960.966	1048.000
961.275	1117.111
961.585	1200.111
961.894	1284.889
962.203	1355.222
962.513	1407.556
962.822	1420.889
963.131	1402.778
963.441	1361.778
963.750	1294.000
964.059	1225.444
964.368	1153.000
964.677	1076.778
964.986	1028.778
965.295	998.444
965.604	1005.778
965.913	1015.444
966.221	1021.222
966.530	1014.778
966.839	1017.889
967.148	1019.556
967.456	1010.111
967.765	998.444
968.073	990.111
968.382	965.444
968.690	971.778
968.999	990.778
969.307	1016.667
969.615	1044.000
969.924	1062.556
970.232	1087.556
970.540	1112.444
970.848	1118.444
971.156	1114.778
971.464	1107.000
971.772	1078.556
972.080	1051.556
972.388	1018.667
972.696	976.444
973.003	932.333
973.311	883.778
973.619	833.111
973.926	790.444
974.234	747.556
974.542	706.333
974.849	673.333
975.157	639.222
975.464	605.889
975.771	579.111
976.079	543.000
976.386	505.000
976.693	473.778
977.000	436.333
977.307	408.778
977.615	393.444
977.922	387.556
978.229	396.889
978.536	423.778
978.842	466.667
979.149	519.333
979.456	576.000
979.763	643.000
980.070	706.222
980.376	766.444
980.683	819.889
980.989	855.667
981.296	878.778
981.602	895.667
981.909	898.444
982.215	896.667
982.522	889.667
982.828	868.556
983.134	846.889
983.440	831.000
983.746	816.000
984.053	808.444
984.359	806.000
984.665	803.889
984.971	805.889
985.277	819.667
985.582	842.889
985.888	865.000
986.194	893.667
986.500	933.333
986.805	971.889
987.111	1008.778
987.417	1040.333
987.722	1064.000
988.028	1073.667
988.333	1077.556
988.639	1079.667
988.944	1073.667
989.249	1051.889
989.555	1023.556
989.860	993.333
990.165	966.889
990.470	941.556
990.775	911.556
991.080	884.444
991.385	845.667
991.690	799.778
991.995	761.778
992.300	717.000
992.605	666.111
992.910	623.000
993.214	574.556
993.519	522.000
993.824	475.778
994.128	439.889
994.433	406.556
994.737	379.111
995.042	364.333
995.346	353.111
995.650	348.111
995.955	350.222
996.259	356.333
996.563	368.778
996.867	376.889
997.171	384.778
997.476	398.333
997.780	401.222
998.083	407.778
998.387	426.111
998.691	440.222
998.995	460.000
999.299	497.000
999.603	541.556
999.906	584.889
1000.210	638.444
1000.514	689.444
1000.817	726.556
1001.121	775.111
1001.424	824.889
1001.728	858.778
1002.031	888.556
1002.334	904.222
1002.638	914.222
1002.941	945.222
1003.244	986.222
1003.547	1018.778
1003.850	1054.111
1004.153	1094.444
1004.456	1131.889
1004.759	1166.667
1005.062	1216.556
1005.365	1252.556
1005.668	1250.222
1005.971	1254.556
1006.273	1252.889
1006.576	1224.222
1006.879	1198.778
1007.181	1171.000
1007.484	1130.667
1007.786	1099.889
1008.089	1072.111
1008.391	1032.444
1008.693	989.556
1008.996	959.667
1009.298	918.222
1009.600	875.889
1009.902	847.111
1010.204	805.778
1010.507	754.778
1010.809	717.778
1011.111	682.556
1011.412	638.556
1011.714	602.000
1012.016	571.667
1012.318	533.889
1012.620	497.444
1012.921	469.000
1013.223	435.778
1013.525	408.556
1013.826	396.444
1014.128	386.222
1014.429	375.778
1014.731	365.333
1015.032	353.889
1015.333	345.222
1015.635	341.333
1015.936	337.222
1016.237	333.556
1016.538	332.778
1016.839	331.444
1017.140	337.333
1017.441	352.556
1017.742	365.667
1018.043	378.111
1018.344	395.333
1018.645	411.667
1018.946	421.222
1019.246	430.333
1019.547	445.222
1019.848	445.000
1020.148	453.111
1020.449	470.444
1020.749	480.667
1021.050	497.444
1021.350	520.556
1021.651	541.000
1021.951	563.444
1022.251	587.556
1022.551	612.667
1022.852	619.333
1023.152	633.667
1023.452	649.778
1023.752	643.000
1024.052	645.444
1024.352	659.333
1024.652	650.667
1024.952	641.556
1025.251	639.000
1025.551	629.778
1025.851	610.222
1026.150	597.444
1026.450	587.222
1026.750	564.778
1027.049	538.667
1027.349	522.889
1027.648	498.000
1027.947	470.778
1028.247	455.556
1028.546	433.222
1028.845	406.889
1029.144	386.556
1029.444	363.222
1029.743	334.667
1030.042	313.000
1030.341	294.222
1030.640	275.444
1030.939	255.778
1031.238	243.333
1031.536	230.444
1031.835	219.667
1032.134	213.111
1032.433	209.111
1032.731	206.667
1033.030	208.667
1033.328	212.667
1033.627	220.000
1033.925	232.444
1034.224	243.000
1034.522	262.667
1034.820	281.556
1035.119	299.333
1035.417	312.778
1035.715	334.333
1036.013	355.667
1036.311	366.556
1036.609	381.111
1036.907	401.667
1037.205	406.111
1037.503	409.778
1037.801	422.111
1038.099	427.778
1038.397	419.444
1038.694	419.556
1038.992	424.667
1039.290	413.222
1039.587	402.444
1039.885	404.556
1040.182	400.222
1040.479	386.222
1040.777	387.667
1041.074	391.000
1041.372	382.000
1041.669	377.556
1041.966	385.333
1042.263	382.000
1042.560	377.222
1042.857	388.000
1043.154	391.222
1043.451	385.889
1043.748	385.889
1044.045	386.889
1044.342	379.778
1044.639	366.333
1044.935	360.222
1045.232	344.778
1045.529	321.000
1045.825	309.778
1046.122	292.222
1046.418	271.556
1046.715	254.889
1047.011	240.556
1047.308	228.000
1047.604	215.000
1047.900	207.000
1048.197	196.778
1048.493	182.222
1048.789	176.556
1049.085	169.778
1049.381	161.444
1049.677	156.333
1049.973	151.778
1050.269	147.333
1050.565	143.444
1050.860	145.778
1051.156	146.778
1051.452	146.000
1051.748	150.667
1052.043	160.000
1052.339	167.889
1052.634	184.444
1052.930	204.111
1053.225	222.889
1053.521	239.333
1053.816	266.222
1054.111	296.000
1054.407	314.333
1054.702	340.667
1054.997	379.333
1055.292	401.667
1055.587	421.778
1055.882	458.667
1056.177	486.889
1056.472	495.222
1056.767	512.667
1057.062	540.778
1057.357	553.889
1057.651	551.667
1057.946	569.667
1058.241	575.667
1058.535	556.667
1058.830	559.889
1059.124	577.111
1059.419	567.667
1059.713	560.000
1060.008	561.000
1060.302	551.000
1060.596	522.333
1060.890	512.556
1061.185	510.667
1061.479	481.556
1061.773	450.556
1062.067	437.222
1062.361	410.000
1062.655	372.556
1062.949	354.444
1063.243	339.889
1063.536	310.667
1063.830	280.222
1064.124	264.444
1064.418	242.778
1064.711	217.000
1065.005	197.889
1065.298	185.222
1065.592	164.444
1065.885	146.333
1066.179	136.444
1066.472	126.778
1066.765	114.778
1067.058	108.556
1067.352	103.111
1067.645	100.333
1067.938	96.222
1068.231	95.778
1068.524	95.556
1068.817	94.444
1069.110	97.889
1069.403	101.000
1069.696	102.889
1069.989	106.000
1070.281	109.556
1070.574	112.222
1070.867	113.778
1071.159	117.444
1071.452	121.778
1071.744	122.889
1072.037	126.333
1072.329	132.222
1072.622	136.222
1072.914	138.556
1073.206	143.222
1073.498	150.111
1073.791	154.889
1074.083	158.444
1074.375	167.222
1074.667	171.556
1074.959	172.111
1075.251	176.111
1075.543	180.444
1075.835	181.778
1076.126	180.444
1076.418	181.444
1076.710	182.667
1077.002	177.556
1077.293	175.889
1077.585	179.333
1077.876	177.111
1078.168	174.000
1078.459	174.111
1078.751	174.889
1079.042	170.556
1079.333	168.333
1079.625	167.889
1079.916	165.000
1080.207	158.778
1080.498	155.222
1080.789	152.667
1081.080	147.000
1081.371	140.333
1081.662	137.444
1081.953	132.667
1082.244	125.333
1082.535	119.333
1082.826	112.889
1083.116	107.000
1083.407	100.778
1083.698	95.333
1083.988	91.778
1084.279	86.333
1084.569	81.778
1084.859	79.222
1085.150	77.556
1085.440	77.222
1085.730	77.000
1086.021	76.778
1086.311	76.778
1086.601	77.333
1086.891	79.000
1087.181	80.000
1087.471	81.111
1087.761	82.556
1088.051	83.778
1088.341	84.556
1088.631	86.778
1088.921	89.667
1089.210	90.778
1089.500	90.889
1089.790	91.778
1090.079	92.667
1090.369	92.222
1090.658	91.667
1090.948	93.222
1091.237	93.444
1091.526	91.667
1091.816	92.222
1092.105	93.000
1092.394	93.111
1092.683	91.889
1092.973	92.889
1093.262	93.111
1093.551	90.000
1093.840	87.222
1094.129	86.889
1094.417	85.889
1094.706	85.556
1094.995	84.333
1095.284	84.111
1095.573	83.222
1095.861	81.222
1096.150	81.667
1096.438	83.667
1096.727	83.556
1097.016	81.889
1097.304	81.667
1097.592	82.333
1097.881	82.000
1098.169	81.444
1098.457	83.556
1098.745	84.333
1099.034	81.889
1099.322	83.444
