520.430	0.000
520.800	0.000
521.169	59.000
521.539	58.000
521.909	54.000
522.278	73.000
522.648	62.000
523.017	71.000
523.387	73.000
523.756	67.000
524.125	63.000
524.494	79.000
524.864	63.000
525.233	63.000
525.602	65.000
525.971	63.000
526.340	66.000
526.709	71.000
527.078	60.000
527.447	73.000
527.816	90.444
528.185	201.667
528.553	332.222
528.922	478.444
529.291	655.111
529.659	883.000
530.028	1158.222
530.396	1468.444
530.765	1795.000
531.133	2139.889
531.502	2438.111
531.870	2697.778
532.238	2930.333
532.606	3149.000
532.975	3289.556
533.343	3355.778
533.711	3354.000
534.079	3287.111
534.447	3138.222
534.815	2907.667
535.183	2636.889
535.551	2353.333
535.919	2045.778
536.286	1767.667
536.654	1522.667
537.022	1334.556
537.389	1216.556
537.757	1170.444
538.125	1206.111
538.492	1294.667
538.859	1407.222
539.227	1559.889
539.594	1713.444
539.961	1861.778
540.329	1997.778
540.696	2103.111
541.063	2178.556
541.430	2241.667
541.797	2341.444
542.164	2460.556
542.531	2551.667
542.898	2663.333
543.265	2762.111
543.632	2790.778
543.999	2801.333
544.366	2757.222
544.732	2634.000
545.099	2451.556
545.466	2230.889
545.832	2019.778
546.199	1813.111
546.565	1668.111
546.932	1642.333
547.298	1695.889
547.664	1869.222
548.031	2153.333
548.397	2439.000
548.763	2781.111
549.129	3107.556
549.495	3405.222
549.861	3628.444
550.227	3692.333
550.593	3587.000
550.959	3374.444
551.325	3076.333
551.691	2785.000
552.057	2441.889
552.422	2095.000
552.788	1761.222
553.154	1444.889
553.519	1231.222
553.885	1145.111
554.250	1102.889
554.616	1104.333
554.981	1146.889
555.347	1208.667
555.712	1297.778
556.077	1421.000
556.443	1575.111
556.808	1792.444
557.173	2041.333
557.538	2364.556
557.903	2670.333
558.268	2955.222
558.633	3236.556
558.998	3494.333
559.363	3704.889
559.727	3893.444
560.092	3872.333
560.457	3739.444
560.822	3505.556
561.186	3230.667
561.551	2963.000
561.915	2688.333
562.280	2431.222
562.644	2224.111
563.009	2067.222
563.373	2029.000
563.737	2083.333
564.102	2161.000
564.466	2206.778
564.830	2260.111
565.194	2318.556
565.558	2379.000
565.922	2401.444
566.286	2417.222
566.650	2489.111
567.014	2548.444
567.378	2668.333
567.741	2850.556
568.105	3062.000
568.469	3278.222
568.833	3431.667
569.196	3531.556
569.560	3580.444
569.923	3517.889
570.287	3437.333
570.650	3230.000
571.013	2983.667
571.377	2705.889
571.740	2451.556
572.103	2258.000
572.466	2160.333
572.830	2104.333
573.193	2124.889
573.556	2224.667
573.919	2381.778
574.282	2613.889
574.645	2890.778
575.007	3081.000
575.370	3233.889
575.733	3324.111
576.096	3358.111
576.458	3390.222
576.821	3309.000
577.184	3180.778
577.546	3033.444
577.909	2855.667
578.271	2663.333
578.633	2455.222
578.996	2253.333
579.358	2072.667
579.720	1936.000
580.083	1797.000
580.445	1698.667
580.807	1598.556
581.169	1455.556
581.531	1395.222
581.893	1398.111
582.255	1404.889
582.617	1420.222
582.979	1377.667
583.340	1379.444
583.702	1429.556
584.064	1470.444
584.425	1504.667
584.787	1503.556
585.149	1455.778
585.510	1439.889
585.872	1425.889
586.233	1420.444
586.594	1433.778
586.956	1399.444
587.317	1380.222
587.678	1397.889
588.039	1413.111
588.401	1447.667
588.762	1426.222
589.123	1369.889
589.484	1334.111
589.845	1258.556
590.206	1193.556
590.566	1128.222
590.927	1019.000
591.288	939.667
591.649	867.889
592.009	833.000
592.370	885.444
592.731	923.889
593.091	1008.889
593.452	1139.111
593.812	1257.889
594.172	1416.556
594.533	1560.889
594.893	1657.222
595.253	1735.889
595.614	1706.333
595.974	1681.333
596.334	1587.444
596.694	1454.000
597.054	1339.667
597.414	1222.444
597.774	1172.222
598.134	1160.778
598.494	1189.444
598.853	1322.889
599.213	1509.333
599.573	1815.556
599.932	2151.111
600.292	2393.222
600.652	2682.111
601.011	2826.444
601.371	3013.111
601.730	3180.778
602.089	3260.333
602.449	3330.444
602.808	3295.222
603.167	3156.333
603.526	3057.333
603.886	2847.000
604.245	2778.778
604.604	2661.444
604.963	2527.000
605.322	2372.000
605.681	2161.222
606.040	1980.778
606.398	1866.000
606.757	1834.111
607.116	1873.333
607.475	1813.444
607.833	1773.000
608.192	1725.111
608.550	1784.667
608.909	1883.444
609.267	1974.000
609.626	2082.222
609.984	2129.889
610.342	2166.667
610.701	2237.111
611.059	2367.000
611.417	2519.889
611.775	2569.444
612.133	2646.889
612.491	2648.444
612.849	2692.556
613.207	2700.556
613.565	2706.111
613.923	2720.222
614.281	2595.000
614.638	2469.111
614.996	2337.000
615.354	2118.667
615.711	1964.111
616.069	1747.444
616.427	1591.556
616.784	1439.667
617.141	1298.556
617.499	1224.778
617.856	1153.444
618.213	1168.000
618.571	1197.333
618.928	1292.556
619.285	1382.222
619.642	1513.000
619.999	1569.222
620.356	1603.667
620.713	1583.778
621.070	1530.444
621.427	1462.333
621.784	1391.778
622.141	1301.667
622.497	1197.889
622.854	1057.556
623.211	994.556
623.567	946.778
623.924	963.333
624.280	984.111
624.637	987.778
624.993	985.222
625.349	963.444
625.706	949.000
626.062	946.889
626.418	989.667
626.774	1017.667
627.131	1056.111
627.487	1048.000
627.843	1057.222
628.199	1073.667
628.555	1106.000
628.911	1107.778
629.266	1092.778
629.622	1053.889
629.978	1042.444
630.334	996.667
630.689	975.778
631.045	936.000
631.401	908.333
631.756	887.556
632.112	917.444
632.467	970.222
632.822	991.889
633.178	1022.667
633.533	1076.667
633.888	1163.444
634.243	1292.778
634.599	1409.778
634.954	1485.111
635.309	1540.111
635.664	1623.667
636.019	1685.778
636.374	1753.778
636.729	1746.000
637.083	1735.000
637.438	1654.889
637.793	1596.667
638.148	1525.000
638.502	1461.778
638.857	1353.556
639.211	1253.000
639.566	1116.667
639.920	1017.444
640.275	931.778
640.629	899.222
640.983	914.778
641.338	972.778
641.692	1106.444
642.046	1207.222
642.400	1379.444
642.754	1574.111
643.108	1823.111
643.462	2157.556
643.816	2415.556
644.170	2542.222
644.524	2600.222
644.878	2606.333
645.232	2630.444
645.585	2713.667
645.939	2688.778
646.293	2608.778
646.646	2384.778
647.000	2223.222
647.353	2075.000
647.707	1959.444
648.060	1797.000
648.413	1633.889
648.767	1358.111
649.120	1170.778
649.473	980.889
649.826	840.444
650.179	720.222
650.533	663.444
650.885	612.333
651.239	594.444
651.591	570.889
651.944	558.111
652.297	597.778
652.650	702.000
653.003	873.556
653.355	1002.000
653.708	1179.222
654.061	1340.000
654.413	1511.000
654.766	1625.222
655.118	1704.444
655.471	1695.778
655.823	1652.333
656.175	1529.000
656.528	1424.222
656.880	1257.333
657.232	1119.111
657.584	956.778
657.936	861.333
658.288	791.111
658.640	808.333
658.992	856.778
659.344	983.889
659.696	1050.444
660.048	1125.889
660.400	1201.333
660.751	1363.222
661.103	1512.667
661.455	1693.333
661.806	1770.111
662.158	1842.556
662.509	1849.444
662.861	1983.889
663.212	2088.556
663.563	2204.778
663.915	2174.111
664.266	2133.889
664.617	2018.000
664.968	1985.889
665.319	1929.222
665.670	1901.667
666.021	1738.556
666.372	1589.222
666.723	1407.333
667.074	1301.444
667.425	1192.889
667.776	1123.444
668.127	1012.556
668.477	906.000
668.828	788.667
669.179	799.667
669.529	849.111
669.880	893.889
670.230	906.667
670.581	903.333
670.931	881.444
671.281	866.556
671.632	845.667
671.982	804.444
672.332	710.778
672.682	638.111
673.032	613.778
673.382	610.333
673.732	641.889
674.082	648.000
674.432	660.444
674.782	671.444
675.132	704.222
675.482	716.111
675.831	717.111
676.181	709.778
676.531	760.778
676.880	795.333
677.230	876.000
677.579	964.111
677.929	1097.667
678.278	1202.444
678.628	1346.444
678.977	1453.889
679.326	1531.667
679.675	1588.667
680.024	1659.667
680.374	1783.000
680.723	1830.333
681.072	1836.556
681.421	1773.222
681.770	1664.667
682.119	1541.778
682.467	1436.333
682.816	1296.556
683.165	1139.000
683.514	924.667
683.862	799.444
684.211	692.444
684.559	665.222
684.908	679.667
685.256	714.333
685.605	813.111
685.953	872.333
686.302	959.111
686.650	1009.333
686.998	1048.000
687.346	1089.000
687.694	1116.111
688.043	1122.111
688.391	1185.222
688.739	1243.556
689.087	1307.556
689.435	1391.556
689.782	1453.111
690.130	1533.667
690.478	1553.222
690.826	1578.111
691.173	1563.333
691.521	1461.000
691.869	1294.000
692.216	1181.667
692.564	1086.222
692.911	1031.000
693.259	980.111
693.606	961.111
693.953	981.444
694.300	1062.000
694.648	1167.889
694.995	1255.444
695.342	1306.889
695.689	1319.889
696.036	1345.778
696.383	1385.000
696.730	1401.889
697.077	1403.889
697.424	1375.667
697.771	1401.889
698.117	1477.000
698.464	1561.778
698.811	1700.111
699.157	1803.111
699.504	1909.667
699.850	1999.556
700.197	2046.000
700.543	2058.556
700.890	1965.889
701.236	1834.000
701.582	1690.000
701.929	1487.222
702.275	1335.333
702.621	1159.667
702.967	1030.667
703.313	905.556
703.659	826.111
704.005	795.444
704.351	812.000
704.697	857.333
705.043	987.444
705.388	1148.778
705.734	1205.333
706.080	1260.889
706.426	1268.444
706.771	1258.889
707.117	1262.111
707.462	1264.444
707.808	1276.222
708.153	1181.111
708.498	1059.444
708.844	1006.444
709.189	975.222
709.534	997.667
709.879	1069.556
710.225	1185.444
710.570	1191.667
710.915	1185.222
711.260	1142.111
711.605	1079.667
711.950	1030.333
712.294	955.667
712.639	905.444
712.984	817.889
713.329	707.000
713.673	667.556
714.018	650.778
714.363	689.778
714.707	718.556
715.052	761.111
715.396	782.000
715.740	812.556
716.085	856.667
716.429	868.556
716.773	899.333
717.117	862.667
717.462	801.556
717.806	757.000
718.150	730.333
718.494	746.778
718.838	726.778
719.182	686.222
719.526	650.000
719.869	597.222
720.213	596.444
720.557	613.111
720.901	653.889
721.244	663.333
721.588	645.889
721.932	650.333
722.275	635.000
722.618	644.333
722.962	646.667
723.305	646.778
723.649	656.444
723.992	658.889
724.335	699.222
724.678	749.778
725.021	794.778
725.365	883.000
725.708	912.667
726.051	960.222
726.393	978.778
726.736	955.778
727.079	911.667
727.422	819.333
727.765	736.889
728.108	663.556
728.450	610.556
728.793	645.333
729.135	638.444
729.478	680.000
729.820	728.667
730.163	757.333
730.505	812.111
730.848	855.778
731.190	906.444
731.532	901.333
731.874	821.111
732.217	763.333
732.559	668.667
732.901	618.444
733.243	626.000
733.585	640.333
733.927	686.556
734.269	708.111
734.610	713.333
734.952	748.556
735.294	775.444
735.636	812.556
735.977	837.333
736.319	816.000
736.660	776.778
737.002	715.889
737.343	669.000
737.685	670.556
738.026	651.222
738.368	622.111
738.709	588.444
739.050	565.444
739.391	598.444
739.732	644.111
740.073	667.333
740.415	681.000
740.756	659.556
741.096	654.111
741.437	680.667
741.778	701.556
742.119	714.889
742.460	694.000
742.801	680.889
743.141	718.778
743.482	752.000
743.823	836.111
744.163	909.889
744.504	925.444
744.844	947.889
745.184	941.556
745.525	916.667
745.865	873.111
746.205	784.111
746.545	717.222
746.886	633.111
747.226	551.556
747.566	555.333
747.906	583.333
748.246	625.222
748.586	741.778
748.926	862.111
749.266	957.556
749.605	1037.889
749.945	1064.222
750.285	1081.667
750.624	1072.778
750.964	1038.889
751.304	1069.333
751.643	1040.778
751.983	967.667
752.322	969.444
752.661	968.333
753.001	946.111
753.340	928.111
753.679	893.667
754.018	859.000
754.358	797.222
754.697	748.778
755.036	780.111
755.375	797.778
755.714	761.222
756.053	746.222
756.392	734.667
756.730	725.000
757.069	739.889
757.408	745.889
757.747	717.778
758.085	657.111
758.424	580.444
758.762	538.111
759.101	524.111
759.439	524.889
759.778	538.000
760.116	565.778
760.454	583.111
760.793	595.111
761.131	599.333
761.469	572.222
761.807	556.222
762.145	554.444
762.483	553.444
762.821	585.889
763.159	651.111
763.497	684.000
763.835	700.778
764.173	720.667
764.510	748.222
764.848	775.222
765.186	803.222
765.523	812.556
765.861	785.889
766.198	711.556
766.536	643.444
766.873	607.889
767.211	591.444
767.548	599.778
767.885	654.667
768.223	758.222
768.560	844.667
768.897	903.556
769.234	942.778
769.571	961.444
769.908	972.000
770.245	996.333
770.582	1036.444
770.919	1026.667
771.256	968.556
771.593	927.444
771.929	918.889
772.266	957.778
772.603	1019.444
772.939	1071.222
773.276	1131.111
773.612	1187.000
773.949	1254.889
774.285	1353.000
774.622	1424.333
774.958	1424.444
775.294	1380.111
775.630	1361.889
775.966	1338.556
776.303	1241.444
776.639	1113.667
776.975	982.556
777.311	820.889
777.647	703.333
777.983	638.889
778.318	580.222
778.654	519.333
778.990	479.778
779.326	482.667
779.661	510.778
779.997	534.333
780.333	544.889
780.668	567.778
781.004	613.333
781.339	642.222
781.674	707.889
782.010	851.889
782.345	991.778
782.680	1154.222
783.016	1352.556
783.351	1466.444
783.686	1496.111
784.021	1522.222
784.356	1560.111
784.691	1532.222
785.026	1438.000
785.361	1320.111
785.695	1143.667
786.030	964.889
786.365	887.667
786.700	890.333
787.034	929.778
787.369	969.889
787.703	999.667
788.038	992.667
788.372	995.444
788.707	1020.222
789.041	1026.889
789.376	1035.444
789.710	1019.111
790.044	932.000
790.378	845.333
790.712	834.556
791.046	887.333
791.380	962.222
791.714	1065.111
792.048	1140.667
792.382	1149.667
792.716	1147.222
793.050	1165.333
793.384	1163.000
793.718	1111.333
794.051	1027.222
794.385	917.111
794.718	778.111
795.052	680.222
795.385	642.556
795.719	631.667
796.052	621.000
796.386	608.000
796.719	593.889
797.052	601.778
797.385	649.444
797.719	713.556
798.052	770.000
798.385	823.111
798.718	848.889
799.051	860.778
799.384	903.222
799.716	986.556
800.049	1075.222
800.382	1130.111
800.715	1147.778
801.048	1129.778
801.380	1106.667
801.713	1121.778
802.045	1181.778
802.378	1246.556
802.710	1270.222
803.043	1250.222
803.375	1213.889
803.707	1196.111
804.040	1248.667
804.372	1316.222
804.704	1335.778
805.036	1297.000
805.368	1240.667
805.700	1225.444
806.032	1299.444
806.364	1522.778
806.696	1802.111
807.028	1943.444
807.360	2018.556
807.692	2125.222
808.023	2252.889
808.355	2367.667
808.687	2480.111
809.018	2535.889
809.350	2424.222
809.681	2225.556
810.013	2110.556
810.344	2052.333
810.676	1971.556
811.007	1911.222
811.338	1892.556
811.669	1809.222
812.001	1665.222
812.332	1537.333
812.663	1433.111
812.994	1326.889
813.325	1215.222
813.656	1124.667
813.987	1026.889
814.317	912.111
814.648	893.111
814.979	1023.444
815.310	1234.556
815.640	1471.889
815.971	1773.000
816.301	2119.778
816.632	2467.444
816.962	2815.111
817.293	3180.111
817.623	3484.556
817.954	3623.333
818.284	3563.889
818.614	3457.000
818.944	3296.222
819.274	3076.556
819.605	2835.667
819.935	2588.889
820.265	2290.889
820.595	1954.111
820.924	1670.778
821.254	1558.333
821.584	1489.444
821.914	1402.889
822.244	1305.778
822.573	1224.556
822.903	1140.556
823.233	1071.000
823.562	1049.778
823.892	1079.444
824.221	1087.222
824.550	1094.111
824.880	1225.333
825.209	1559.111
825.538	1909.778
825.868	2269.000
826.197	2636.556
826.526	2994.556
826.855	3301.778
827.184	3407.667
827.513	3482.889
827.842	3550.778
828.171	3491.556
828.500	3357.333
828.828	3146.778
829.157	2902.444
829.486	2606.556
829.815	2284.556
830.143	2166.667
830.472	2123.556
830.800	1989.667
831.129	1744.222
831.457	1532.444
831.786	1409.778
832.114	1345.667
832.442	1312.111
832.770	1288.556
833.099	1273.444
833.427	1245.000
833.755	1220.667
834.083	1256.556
834.411	1376.333
834.739	1522.556
835.067	1591.556
835.395	1609.778
835.723	1648.111
836.050	1721.222
836.378	1773.889
836.706	1783.333
837.033	1786.111
837.361	1786.667
837.689	1741.000
838.016	1680.000
838.344	1647.222
838.671	1622.333
838.998	1538.667
839.326	1403.556
839.653	1285.667
839.980	1222.000
840.307	1238.333
840.634	1316.222
840.961	1416.556
841.289	1558.556
841.615	1756.222
841.942	1967.778
842.269	2171.222
842.596	2393.111
842.923	2727.889
843.250	2937.222
843.576	3092.000
843.903	3292.111
844.230	3373.778
844.556	3241.222
844.883	3060.444
845.209	2883.444
845.536	2706.556
845.862	2420.444
846.188	2196.556
846.515	1968.667
846.841	1708.222
847.167	1586.111
847.493	1695.444
847.819	1817.333
848.146	1871.556
848.472	1856.111
848.798	1797.667
849.123	1762.000
849.449	1804.000
849.775	1866.556
850.101	1936.778
850.427	2043.556
850.752	2218.778
851.078	2424.000
851.404	2619.111
851.729	2906.778
852.055	3166.333
852.380	3352.222
852.706	3550.111
853.031	3722.333
853.356	3766.444
853.682	3667.667
854.007	3588.000
854.332	3479.556
854.657	3203.556
854.982	2858.000
855.307	2530.556
855.632	2217.111
855.957	1881.333
856.282	1566.000
856.607	1375.222
856.932	1235.333
857.256	1162.222
857.581	1123.111
857.906	1113.222
858.230	1170.667
858.555	1303.444
858.880	1451.778
859.204	1534.444
859.529	1593.444
859.853	1713.111
860.177	1897.444
860.502	2059.667
860.826	2144.667
861.150	2163.667
861.474	2192.556
861.798	2332.778
862.122	2528.556
862.446	2637.333
862.770	2706.444
863.094	2835.111
863.418	3006.111
863.742	3115.333
864.066	3091.333
864.389	2928.667
864.713	2676.111
865.037	2473.333
865.360	2333.556
865.684	2114.556
866.008	1792.111
866.331	1479.778
866.654	1314.333
866.978	1286.222
867.301	1303.444
867.624	1341.667
867.948	1449.667
868.271	1722.778
868.594	2053.111
868.917	2368.222
869.240	2551.000
869.563	2687.111
869.886	2823.556
870.209	2949.778
870.532	3021.667
870.855	2961.889
871.177	2800.556
871.500	2796.556
871.823	2831.889
872.145	3002.000
872.468	3192.556
872.791	3359.222
873.113	3442.000
873.435	3438.889
873.758	3410.889
874.080	3279.222
874.402	2944.444
874.725	2603.222
875.047	2256.000
875.369	1899.667
875.691	1544.333
876.013	1268.778
876.335	1113.889
876.657	1061.778
876.979	1202.444
877.301	1463.556
877.623	1688.444
877.945	1861.889
878.266	2044.222
878.588	2250.222
878.910	2464.333
879.231	2599.444
879.553	2608.222
879.875	2451.444
880.196	2223.000
880.517	2105.889
880.839	2105.778
881.160	2104.444
881.481	2024.333
881.803	1893.556
882.124	1809.000
882.445	1761.556
882.766	1724.111
883.087	1668.778
883.408	1529.778
883.729	1354.556
884.050	1211.222
884.371	1145.222
884.692	1136.000
885.012	1125.111
885.333	1151.111
885.654	1210.222
885.974	1315.889
886.295	1513.778
886.616	1735.000
886.936	1934.556
887.257	2080.778
887.577	2187.111
887.897	2306.333
888.218	2422.333
888.538	2535.444
888.858	2581.333
889.178	2494.778
889.498	2362.556
889.818	2265.111
890.139	2252.333
890.458	2283.556
890.778	2262.111
891.098	2174.667
891.418	2033.111
891.738	1915.444
892.058	1875.667
892.377	1888.000
892.697	1887.222
893.017	1837.889
893.336	1774.000
893.656	1795.222
893.975	1917.000
894.295	2092.222
894.614	2275.556
894.933	2433.556
895.253	2558.222
895.572	2694.333
895.891	2883.889
896.210	3099.889
896.529	3288.889
896.848	3439.556
897.167	3581.778
897.486	3726.000
897.805	3842.111
898.124	3832.000
898.443	3770.333
898.762	3647.111
899.081	3471.222
899.399	3247.889
899.718	3009.111
900.036	2776.444
900.355	2539.000
900.673	2291.778
900.992	2120.889
901.310	1949.111
901.629	1796.111
901.947	1716.333
902.265	1729.667
902.583	1808.111
902.902	1912.000
903.220	2003.000
903.538	2082.889
903.856	2133.222
904.174	2159.889
904.492	2169.556
904.810	2135.111
905.128	2063.889
905.445	1940.667
905.763	1780.000
906.081	1646.000
906.398	1589.222
906.716	1563.889
907.034	1531.222
907.351	1462.333
907.669	1379.889
907.986	1283.556
908.304	1195.111
908.621	1125.222
908.938	1059.556
909.255	956.222
909.573	862.222
909.890	788.444
910.207	740.111
910.524	708.889
910.841	704.556
911.158	725.889
911.475	772.000
911.792	834.778
912.109	905.000
912.425	995.556
912.742	1114.222
913.059	1243.667
913.375	1367.778
913.692	1482.000
914.009	1602.556
914.325	1740.000
914.641	1864.444
914.958	1982.111
915.274	2090.667
915.591	2178.556
915.907	2277.333
916.223	2379.556
916.539	2430.556
916.855	2407.556
917.172	2291.556
917.488	2126.000
917.804	1965.889
918.119	1806.889
918.435	1667.333
918.751	1521.889
919.067	1377.444
919.383	1288.889
919.698	1249.444
920.014	1259.000
920.330	1328.111
920.645	1437.222
920.961	1639.000
921.276	1930.556
921.592	2237.111
921.907	2519.111
922.223	2717.222
922.538	2849.111
922.853	2976.111
923.168	3087.556
923.483	3179.667
923.799	3216.333
924.114	3175.889
924.429	3113.222
924.744	3037.778
925.059	2948.333
925.373	2841.333
925.688	2687.111
926.003	2483.889
926.318	2251.556
926.632	1980.111
926.947	1684.778
927.262	1394.333
927.576	1134.667
927.891	952.778
928.205	846.667
928.520	791.667
928.834	795.556
929.148	830.889
929.463	894.778
929.777	990.667
930.091	1097.333
930.405	1207.111
930.719	1300.000
931.033	1359.000
931.347	1400.556
931.661	1437.889
931.975	1467.444
932.289	1490.111
932.603	1503.556
932.917	1495.444
933.230	1504.333
933.544	1525.111
933.858	1550.667
934.171	1572.778
934.485	1553.778
934.798	1521.333
935.112	1481.667
935.425	1411.333
935.738	1344.000
936.052	1262.667
936.365	1181.667
936.678	1143.333
936.991	1113.778
937.305	1087.000
937.618	1076.111
937.931	1062.889
938.244	1062.667
938.556	1094.222
938.869	1140.778
939.182	1214.556
939.495	1302.556
939.808	1393.000
940.120	1505.667
940.433	1608.444
940.746	1697.444
941.058	1804.444
941.371	1916.333
941.683	2030.444
941.996	2144.333
942.308	2215.667
942.620	2264.556
942.933	2288.778
943.245	2267.778
943.557	2228.556
943.869	2159.444
944.181	2042.667
944.493	1900.889
944.805	1748.444
945.117	1605.889
945.429	1502.556
945.741	1439.333
946.053	1418.778
946.365	1434.000
946.676	1462.111
946.988	1485.111
947.300	1517.556
947.611	1533.111
947.923	1561.556
948.234	1611.444
948.546	1667.667
948.857	1723.556
949.169	1782.111
949.480	1820.889
949.791	1874.667
950.102	1915.111
950.413	1928.000
950.725	1893.778
951.036	1798.000
951.347	1659.333
951.658	1526.222
951.969	1399.111
952.280	1297.889
952.590	1230.778
952.901	1192.333
953.212	1185.111
953.523	1211.889
953.833	1234.889
954.144	1250.889
954.454	1252.222
954.765	1220.667
955.075	1174.778
955.386	1112.333
955.696	1037.333
956.007	980.889
956.317	962.333
956.627	977.333
956.937	1029.222
957.247	1097.778
957.558	1172.111
957.868	1257.333
958.178	1326.222
958.488	1363.556
958.797	1373.556
959.107	1330.000
959.417	1262.889
959.727	1182.778
960.037	1084.778
960.346	984.667
960.656	881.556
960.966	783.444
961.275	710.444
961.585	660.000
961.894	628.333
962.203	610.444
962.513	591.556
962.822	570.778
963.131	557.222
963.441	540.889
963.750	521.556
964.059	504.111
964.368	482.778
964.677	458.444
964.986	451.556
965.295	471.333
965.604	542.333
965.913	624.444
966.221	729.333
966.530	837.333
966.839	966.333
967.148	1103.111
967.456	1240.667
967.765	1373.111
968.073	1481.000
968.382	1523.333
968.690	1548.444
968.999	1536.111
969.307	1501.889
969.615	1453.111
969.924	1382.444
970.232	1294.889
970.540	1209.444
970.848	1120.111
971.156	1045.111
971.464	1007.444
971.772	988.778
972.080	989.889
972.388	1007.444
972.696	1031.889
973.003	1071.556
973.311	1120.444
973.619	1166.111
973.926	1211.556
974.234	1241.778
974.542	1259.111
974.849	1266.000
975.157	1261.556
975.464	1249.778
975.771	1246.000
976.079	1233.667
976.386	1220.778
976.693	1209.222
977.000	1203.333
977.307	1197.222
977.615	1203.222
977.922	1202.889
978.229	1198.444
978.536	1174.111
978.842	1132.444
979.149	1081.778
979.456	1021.778
979.763	938.000
980.070	853.000
980.376	764.222
980.683	668.556
980.989	583.444
981.296	509.333
981.602	443.889
981.909	396.889
982.215	374.556
982.522	371.333
982.828	382.222
983.134	402.000
983.440	430.556
983.746	455.444
984.053	487.556
984.359	531.667
984.665	567.556
984.971	596.000
985.277	634.778
985.582	670.222
985.888	708.000
986.194	773.889
986.500	849.111
986.805	923.556
987.111	1006.667
987.417	1088.444
987.722	1166.444
988.028	1243.111
988.333	1312.333
988.639	1362.222
988.944	1392.444
989.249	1402.444
989.555	1405.333
989.860	1407.667
990.165	1411.222
990.470	1419.222
990.775	1433.444
991.080	1458.111
991.385	1480.222
991.690	1510.444
991.995	1554.222
992.300	1588.444
992.605	1619.556
992.910	1656.444
993.214	1668.111
993.519	1649.889
993.824	1627.111
994.128	1603.000
994.433	1559.667
994.737	1514.111
995.042	1460.556
995.346	1381.778
995.650	1305.000
995.955	1234.667
996.259	1162.000
996.563	1096.667
996.867	1035.889
997.171	966.222
997.476	905.889
997.780	845.556
998.083	783.333
998.387	730.778
998.691	685.000
998.995	639.556
999.299	591.667
999.603	551.111
999.906	508.667
1000.210	469.111
1000.514	451.778
1000.817	439.333
1001.121	426.889
1001.424	424.333
1001.728	423.444
1002.031	421.333
1002.334	420.333
1002.638	425.000
1002.941	436.000
1003.244	450.556
1003.547	464.444
1003.850	475.333
1004.153	488.889
1004.456	499.111
1004.759	513.333
1005.062	534.333
1005.365	547.556
1005.668	554.333
1005.971	565.556
1006.273	574.778
1006.576	579.556
1006.879	593.222
1007.181	609.111
1007.484	621.556
1007.786	653.667
1008.089	692.889
1008.391	716.889
1008.693	742.889
1008.996	768.889
1009.298	786.444
1009.600	803.778
1009.902	835.333
1010.204	851.444
1010.507	851.222
1010.809	862.778
1011.111	865.778
1011.412	852.778
1011.714	852.333
1012.016	854.778
1012.318	844.667
1012.620	835.667
1012.921	830.222
1013.223	806.333
1013.525	774.111
1013.826	757.000
1014.128	735.889
1014.429	705.556
1014.731	673.889
1015.032	637.111
1015.333	590.000
1015.635	551.111
1015.936	514.667
1016.237	476.111
1016.538	441.333
1016.839	408.222
1017.140	376.444
1017.441	350.000
1017.742	330.667
1018.043	311.778
1018.344	295.333
1018.645	287.222
1018.946	280.000
1019.246	272.556
1019.547	273.000
1019.848	274.667
1020.148	286.444
1020.449	300.889
1020.749	313.333
1021.050	335.778
1021.350	356.667
1021.651	373.333
1021.951	400.000
1022.251	424.111
1022.551	441.333
1022.852	448.667
1023.152	454.333
1023.452	457.222
1023.752	449.778
1024.052	452.000
1024.352	458.000
1024.652	450.333
1024.952	455.111
1025.251	465.667
1025.551	467.444
1025.851	471.000
1026.150	485.444
1026.450	492.889
1026.750	495.556
1027.049	506.000
1027.349	514.333
1027.648	511.333
1027.947	516.556
1028.247	531.000
1028.546	536.444
1028.845	539.333
1029.144	551.222
1029.444	550.778
1029.743	540.778
1030.042	538.556
1030.341	530.333
1030.640	512.556
1030.939	496.556
1031.238	482.778
1031.536	459.667
1031.835	434.444
1032.134	418.000
1032.433	397.222
1032.731	376.111
1033.030	357.222
1033.328	335.000
1033.627	312.333
1033.925	294.889
1034.224	280.556
1034.522	273.111
1034.820	263.333
1035.119	256.000
1035.417	243.444
1035.715	236.778
1036.013	235.667
1036.311	231.000
1036.609	227.667
1036.907	230.333
1037.205	228.111
1037.503	228.778
1037.801	246.333
1038.099	266.000
1038.397	277.222
1038.694	298.889
1038.992	329.667
1039.290	351.667
1039.587	375.000
1039.885	414.556
1040.182	449.111
1040.479	470.111
1040.777	515.111
1041.074	567.000
1041.372	595.333
1041.669	628.556
1041.966	680.889
1042.263	715.778
1042.560	738.778
1042.857	782.333
1043.154	816.444
1043.451	822.444
1043.748	843.556
1044.045	872.111
1044.342	871.333
1044.639	864.333
1044.935	874.333
1045.232	865.111
1045.529	835.222
1045.825	820.778
1046.122	802.000
1046.418	763.111
1046.715	739.333
1047.011	726.444
1047.308	699.000
1047.604	670.778
1047.900	659.111
1048.197	639.667
1048.493	605.111
1048.789	582.444
1049.085	560.000
1049.381	520.111
1049.677	481.778
1049.973	449.556
1050.269	410.333
1050.565	365.778
1050.860	334.111
1051.156	307.111
1051.452	276.889
1051.748	249.889
1052.043	229.889
1052.339	214.333
1052.634	202.556
1052.930	192.778
1053.225	185.444
1053.521	177.000
1053.816	173.889
1054.111	173.000
1054.407	171.333
1054.702	173.889
1054.997	180.111
1055.292	183.444
1055.587	186.222
1055.882	193.000
1056.177	202.444
1056.472	210.889
1056.767	221.556
1057.062	238.778
1057.357	250.556
1057.651	261.778
1057.946	285.778
1058.241	309.000
1058.535	321.667
1058.830	343.444
1059.124	372.889
1059.419	386.889
1059.713	400.667
1060.008	426.556
1060.302	444.444
1060.596	443.556
1060.890	456.444
1061.185	483.889
1061.479	485.000
1061.773	479.556
1062.067	498.778
1062.361	505.000
1062.655	491.000
1062.949	493.111
1063.243	502.222
1063.536	487.444
1063.830	464.000
1064.124	464.333
1064.418	457.778
1064.711	431.778
1065.005	419.444
1065.298	419.000
1065.592	394.556
1065.885	370.000
1066.179	362.222
1066.472	349.889
1066.765	326.333
1067.058	310.000
1067.352	297.444
1067.645	272.444
1067.938	245.222
1068.231	230.222
1068.524	214.222
1068.817	193.111
1069.110	176.667
1069.403	164.000
1069.696	147.111
1069.989	133.333
1070.281	127.444
1070.574	121.222
1070.867	115.889
1071.159	112.667
1071.452	110.333
1071.744	110.000
1072.037	110.444
1072.329	113.111
1072.622	115.000
1072.914	115.333
1073.206	117.444
1073.498	120.778
1073.791	126.333
1074.083	131.778
1074.375	139.333
1074.667	141.667
1074.959	142.333
1075.251	145.556
1075.543	149.222
1075.835	149.778
1076.126	149.000
1076.418	147.778
1076.710	146.000
1077.002	140.889
1077.293	141.333
1077.585	144.111
1077.876	142.000
1078.168	140.444
1078.459	143.111
1078.751	144.111
1079.042	140.889
1079.333	140.667
1079.625	139.889
1079.916	136.222
1080.207	134.000
1080.498	133.667
1080.789	134.222
1081.080	131.556
1081.371	131.111
1081.662	133.556
1081.953	133.889
1082.244	133.333
1082.535	136.333
1082.826	137.667
1083.116	137.444
1083.407	136.556
1083.698	137.444
1083.988	136.111
1084.279	133.889
1084.569	132.222
1084.859	132.778
1085.150	130.667
1085.440	128.444
1085.730	128.889
1086.021	128.222
1086.311	125.111
1086.601	123.667
1086.891	121.889
1087.181	118.778
1087.471	114.333
1087.761	110.889
1088.051	107.000
1088.341	102.556
1088.631	98.333
1088.921	96.111
1089.210	92.667
1089.500	90.111
1089.790	87.667
1090.079	85.556
1090.369	83.778
1090.658	82.778
1090.948	82.333
1091.237	83.000
1091.526	82.778
1091.816	84.556
1092.105	86.667
1092.394	89.111
1092.683	91.000
1092.973	93.889
1093.262	96.556
1093.551	97.667
1093.840	99.111
1094.129	102.333
1094.417	105.667
1094.706	107.778
1094.995	109.778
1095.284	112.000
1095.573	113.778
1095.861	113.444
1096.150	115.778
1096.438	119.778
1096.727	120.222
1097.016	118.000
1097.304	117.222
1097.592	116.667
1097.881	115.111
1098.169	111.333
1098.457	110.889
1098.745	108.111
1099.034	101.444
1099.322	98.889
