520.430	0.000
520.800	0.000
521.169	52.000
521.539	55.000
521.909	53.000
522.278	72.000
522.648	59.000
523.017	68.000
523.387	70.000
523.756	59.000
524.125	61.000
524.494	78.000
524.864	59.000
525.233	64.000
525.602	63.000
525.971	65.000
526.340	63.000
526.709	62.000
527.078	58.000
527.447	76.000
527.816	111.222
528.185	266.444
528.553	376.444
528.922	455.444
529.291	527.444
529.659	597.889
530.028	677.222
530.396	772.556
530.765	879.333
531.133	967.778
531.502	981.111
531.870	1064.667
532.238	1219.667
532.606	1442.667
532.975	1703.667
533.343	1987.111
533.711	2277.222
534.079	2567.667
534.447	2834.333
534.815	3084.222
535.183	3280.556
535.551	3414.222
535.919	3428.111
536.286	3374.333
536.654	3265.556
537.022	3065.556
537.389	2809.444
537.757	2523.111
538.125	2188.333
538.492	1878.111
538.859	1592.333
539.227	1394.000
539.594	1247.333
539.961	1154.667
540.329	1169.778
540.696	1249.889
541.063	1357.000
541.430	1504.444
541.797	1680.111
542.164	1837.333
542.531	1951.222
542.898	2053.556
543.265	2113.667
543.632	2140.667
543.999	2188.556
544.366	2253.333
544.732	2324.556
545.099	2394.667
545.466	2488.222
545.832	2589.000
546.199	2638.889
546.565	2658.000
546.932	2611.889
547.298	2483.667
547.664	2310.778
548.031	2102.667
548.397	1869.889
548.763	1668.444
549.129	1523.778
549.495	1487.889
549.861	1569.444
550.227	1796.111
550.593	2059.000
550.959	2368.556
551.325	2722.333
551.691	3077.778
552.057	3395.111
552.422	3641.000
552.788	3675.111
553.154	3550.667
553.519	3309.222
553.885	3041.333
554.250	2719.333
554.616	2354.778
554.981	1997.556
555.347	1639.556
555.712	1304.111
556.077	1130.111
556.443	1035.667
556.808	985.444
557.173	959.889
557.538	993.333
557.903	1059.556
558.268	1173.222
558.633	1329.556
558.998	1507.000
559.363	1713.444
559.727	2003.222
560.092	2301.333
560.457	2625.444
560.822	2938.667
561.186	3208.111
561.551	3422.222
561.915	3589.778
562.280	3637.556
562.644	3609.556
563.009	3479.000
563.373	3265.000
563.737	3046.222
564.102	2792.889
564.466	2529.333
564.830	2304.778
565.194	2151.889
565.558	2096.111
565.922	2058.000
566.286	2077.000
566.650	2152.000
567.014	2195.889
567.378	2255.778
567.741	2308.333
568.105	2330.667
568.469	2325.222
568.833	2321.889
569.196	2367.111
569.560	2418.778
569.923	2470.222
570.287	2589.444
570.650	2772.556
571.013	2927.889
571.377	3061.333
571.740	3136.889
572.103	3127.778
572.466	3066.556
572.830	2927.111
573.193	2742.000
573.556	2515.667
573.919	2212.333
574.282	1990.556
574.645	1812.333
575.007	1687.333
575.370	1687.667
575.733	1755.778
576.096	1825.556
576.458	1993.444
576.821	2194.556
577.184	2410.667
577.546	2669.889
577.909	2852.222
578.271	2947.333
578.633	3021.111
578.996	3016.333
579.358	3000.222
579.720	2916.000
580.083	2769.000
580.445	2603.000
580.807	2375.667
581.169	2140.222
581.531	1950.778
581.893	1752.333
582.255	1576.222
582.617	1456.000
582.979	1333.444
583.340	1233.000
583.702	1171.667
584.064	1120.667
584.425	1125.000
584.787	1172.111
585.149	1178.111
585.510	1205.000
585.872	1210.667
586.233	1228.333
586.594	1288.889
586.956	1292.889
587.317	1302.444
587.678	1292.000
588.039	1262.222
588.401	1289.333
588.762	1283.667
589.123	1277.333
589.484	1281.667
589.845	1236.667
590.206	1238.556
590.566	1269.000
590.927	1302.111
591.288	1325.444
591.649	1293.778
592.009	1259.556
592.370	1250.222
592.731	1224.556
593.091	1199.778
593.452	1149.222
593.812	1049.000
594.172	963.222
594.533	891.778
594.893	855.444
595.253	880.444
595.614	884.333
595.974	917.333
596.334	982.778
596.694	1072.222
597.054	1213.444
597.414	1313.889
597.774	1395.667
598.134	1439.667
598.494	1425.000
598.853	1400.444
599.213	1339.000
599.573	1243.000
599.932	1174.444
600.292	1091.778
600.652	1096.667
601.011	1076.111
601.371	1153.556
601.730	1301.222
602.089	1544.667
602.449	1920.667
602.808	2271.222
603.167	2548.111
603.526	2771.556
603.886	2895.778
604.245	3083.444
604.604	3171.667
604.963	3219.000
605.322	3218.778
605.681	3082.111
606.040	2967.000
606.398	2784.222
606.757	2630.889
607.116	2563.889
607.475	2429.778
607.833	2345.333
608.192	2171.667
608.550	1970.000
608.909	1835.556
609.267	1725.667
609.626	1737.111
609.984	1711.111
610.342	1684.333
610.701	1705.444
611.059	1730.222
611.417	1871.222
611.775	1973.444
612.133	2143.444
612.491	2195.667
612.849	2269.556
613.207	2354.444
613.565	2441.333
613.923	2556.778
614.281	2605.556
614.638	2627.667
614.996	2660.444
615.354	2641.667
615.711	2668.778
616.069	2627.333
616.427	2625.111
616.784	2549.444
617.141	2432.667
617.499	2302.333
617.856	2144.000
618.213	1985.667
618.571	1752.444
618.928	1592.222
619.285	1433.667
619.642	1259.778
619.999	1134.222
620.356	1014.667
620.713	982.111
621.070	964.333
621.427	1023.667
621.784	1071.667
622.141	1160.000
622.497	1237.000
622.854	1318.778
623.211	1355.333
623.567	1348.778
623.924	1292.889
624.280	1231.667
624.637	1159.778
624.993	1090.889
625.349	985.889
625.706	915.667
626.062	863.556
626.418	864.556
626.774	884.444
627.131	922.111
627.487	953.444
627.843	950.889
628.199	941.556
628.555	932.556
628.911	945.222
629.266	975.556
629.622	998.000
629.978	1007.222
630.334	1004.556
630.689	1000.889
631.045	1002.000
631.401	1006.889
631.756	993.778
632.112	970.667
632.467	939.222
632.822	888.556
633.178	856.889
633.533	815.889
633.888	784.889
634.243	755.222
634.599	759.778
634.954	773.667
635.309	789.444
635.664	816.778
636.019	866.000
636.374	964.000
636.729	1085.778
637.083	1241.778
637.438	1360.000
637.793	1472.444
638.148	1578.556
638.502	1685.111
638.857	1783.778
639.211	1830.444
639.566	1812.667
639.920	1754.667
640.275	1685.333
640.629	1604.778
640.983	1527.889
641.338	1416.444
641.692	1303.889
642.046	1149.444
642.400	1037.222
642.754	926.889
643.108	863.667
643.462	826.333
643.816	850.778
644.170	932.556
644.524	1036.111
644.878	1168.778
645.232	1315.333
645.585	1518.000
645.939	1765.333
646.293	2079.000
646.646	2250.222
647.000	2376.444
647.353	2364.556
647.707	2381.111
648.060	2394.556
648.413	2456.889
648.767	2402.667
649.120	2292.000
649.473	2056.111
649.826	1906.111
650.179	1766.222
650.533	1678.889
650.885	1545.667
651.239	1376.556
651.591	1163.667
651.944	997.667
652.297	841.889
652.650	730.778
653.003	638.889
653.355	557.778
653.708	510.111
654.061	483.111
654.413	463.667
654.766	443.000
655.118	470.778
655.471	560.111
655.823	717.000
656.175	842.778
656.528	1021.000
656.880	1167.333
657.232	1336.000
657.584	1457.667
657.936	1583.444
658.288	1614.667
658.640	1590.111
658.992	1485.778
659.344	1415.111
659.696	1290.778
660.048	1207.778
660.400	1084.000
660.751	996.778
661.103	890.333
661.455	876.889
661.806	908.667
662.158	1020.000
662.509	1077.111
662.861	1118.222
663.212	1131.444
663.563	1231.889
663.915	1352.222
664.266	1514.333
664.617	1589.222
664.968	1649.222
665.319	1636.111
665.670	1740.333
666.021	1837.778
666.372	1949.000
666.723	1938.889
667.074	1886.778
667.425	1783.778
667.776	1760.111
668.127	1705.889
668.477	1680.333
668.828	1545.889
669.179	1416.222
669.529	1273.778
669.880	1176.333
670.230	1105.556
670.581	1038.222
670.931	932.444
671.281	830.778
671.632	721.000
671.982	690.778
672.332	731.444
672.682	772.778
673.032	823.333
673.382	817.000
673.732	805.000
674.082	789.444
674.432	785.444
674.782	764.667
675.132	702.222
675.482	606.222
675.831	558.556
676.181	501.222
676.531	527.778
676.880	539.111
677.230	558.778
677.579	559.222
677.929	569.556
678.278	584.667
678.628	602.889
678.977	601.889
679.326	629.444
679.675	660.444
680.024	708.333
680.374	794.222
680.723	899.000
681.072	1037.889
681.421	1136.444
681.770	1263.444
682.119	1334.889
682.467	1436.444
682.816	1500.778
683.165	1620.444
683.514	1692.444
683.862	1719.667
684.211	1690.889
684.559	1627.444
684.908	1509.333
685.256	1409.556
685.605	1269.000
685.953	1124.556
686.302	940.667
686.650	771.556
686.998	674.778
687.346	602.556
687.694	623.111
688.043	663.667
688.391	733.000
688.739	841.000
689.087	918.444
689.435	1017.667
689.782	1060.111
690.130	1070.556
690.478	1074.889
690.826	1062.667
691.173	1045.778
691.521	1088.444
691.869	1122.111
692.216	1182.111
692.564	1253.556
692.911	1318.222
693.259	1390.000
693.606	1405.444
693.953	1415.111
694.300	1407.778
694.648	1309.333
694.995	1167.222
695.342	1052.667
695.689	937.778
696.036	874.444
696.383	833.000
696.730	852.222
697.077	901.111
697.424	968.556
697.771	1034.222
698.117	1097.889
698.464	1126.111
698.811	1147.556
699.157	1173.667
699.504	1200.222
699.850	1207.778
700.197	1201.556
700.543	1218.333
700.890	1304.111
701.236	1424.333
701.582	1512.556
701.929	1610.556
702.275	1716.667
702.621	1865.111
702.967	1975.333
703.313	1991.333
703.659	1942.444
704.005	1803.667
704.351	1646.333
704.697	1535.556
705.043	1392.889
705.388	1256.556
705.734	1052.889
706.080	917.222
706.426	829.333
706.771	783.111
707.117	773.333
707.462	776.444
707.808	820.222
708.153	861.222
708.498	952.000
708.844	978.333
709.189	991.778
709.534	1008.667
709.879	1008.444
710.225	1032.111
710.570	1029.778
710.915	1031.889
711.260	1005.556
711.605	935.444
711.950	922.667
712.294	916.333
712.639	949.111
712.984	985.000
713.329	1052.667
713.673	1093.111
714.018	1058.556
714.363	1032.111
714.707	971.556
715.052	920.333
715.396	852.222
715.740	768.333
716.085	692.222
716.429	576.667
716.773	522.556
717.117	504.444
717.462	548.556
717.806	596.333
718.150	629.556
718.494	676.444
718.838	710.444
719.182	766.111
719.526	819.556
719.869	817.000
720.213	805.556
720.557	729.889
720.901	679.556
721.244	642.333
721.588	615.222
721.932	620.222
722.275	578.111
722.618	541.111
722.962	517.222
723.305	509.222
723.649	521.889
723.992	528.111
724.335	537.444
724.678	531.778
725.021	498.778
725.365	492.000
725.708	475.667
726.051	501.778
726.393	534.111
726.736	558.000
727.079	604.000
727.422	639.222
727.765	741.889
728.108	828.556
728.450	899.556
728.793	984.333
729.135	983.778
729.478	972.111
729.820	948.889
730.163	886.333
730.505	825.667
730.848	698.444
731.190	613.333
731.532	552.889
731.874	501.000
732.217	542.889
732.559	571.889
732.901	613.000
733.243	668.111
733.585	712.222
733.927	774.111
734.269	820.556
734.610	830.333
734.952	808.667
735.294	730.000
735.636	660.000
735.977	603.778
736.319	564.222
736.660	578.667
737.002	590.222
737.343	586.556
737.685	615.111
738.026	632.111
738.368	682.222
738.709	743.889
739.050	776.222
739.391	794.778
739.732	765.333
740.073	713.444
740.415	685.000
740.756	646.333
741.096	631.444
741.437	601.333
741.778	550.222
742.119	527.222
742.460	515.889
742.801	526.889
743.141	573.889
743.482	591.111
743.823	608.556
744.163	626.333
744.504	623.667
744.844	638.444
745.184	654.111
745.525	654.000
745.865	666.667
746.205	658.000
746.545	691.111
746.886	772.000
747.226	806.667
747.566	869.556
747.906	922.111
748.246	919.444
748.586	915.444
748.926	873.889
749.266	827.667
749.605	766.111
749.945	659.778
750.285	601.667
750.624	547.556
750.964	498.333
751.304	520.333
751.643	557.778
751.983	601.444
752.322	694.778
752.661	793.556
753.001	827.889
753.340	831.000
753.679	820.556
754.018	822.111
754.358	836.889
754.697	841.111
755.036	864.778
755.375	863.556
755.714	821.889
756.053	829.444
756.392	857.444
756.730	856.556
757.069	829.444
757.408	770.333
757.747	721.333
758.085	697.111
758.424	659.778
758.762	620.222
759.101	590.667
759.439	550.667
759.778	531.889
760.116	542.000
760.454	554.333
760.793	557.333
761.131	544.333
761.469	512.333
761.807	490.111
762.145	470.222
762.483	458.111
762.821	462.778
763.159	483.556
763.497	503.111
763.835	528.333
764.173	545.556
764.510	540.444
764.848	533.111
765.186	524.333
765.523	520.556
765.861	530.222
766.198	557.111
766.536	576.444
766.873	596.889
767.211	629.778
767.548	667.222
767.885	694.667
768.223	729.444
768.560	763.333
768.897	776.889
769.234	759.667
769.571	726.111
769.908	677.556
770.245	607.667
770.582	562.556
770.919	565.778
771.256	610.111
771.593	659.778
771.929	705.333
772.266	751.333
772.603	782.000
772.939	791.222
773.276	808.000
773.612	851.667
773.949	871.889
774.285	862.333
774.622	872.778
774.958	875.000
775.294	891.000
775.630	933.444
775.966	970.667
776.303	1012.000
776.639	1073.556
776.975	1143.556
777.311	1238.111
777.647	1318.111
777.983	1344.778
778.318	1330.111
778.654	1323.000
778.990	1325.444
779.326	1284.556
779.661	1193.111
779.997	1092.000
780.333	941.444
780.668	786.889
781.004	689.667
781.339	601.000
781.674	526.444
782.010	476.111
782.345	452.444
782.680	440.444
783.016	441.778
783.351	446.889
783.686	468.444
784.021	512.444
784.356	551.667
784.691	573.222
785.026	642.556
785.361	762.889
785.695	886.333
786.030	1068.000
786.365	1272.556
786.700	1378.000
787.034	1423.444
787.369	1482.778
787.703	1538.444
788.038	1521.889
788.372	1457.000
788.707	1371.333
789.041	1204.556
789.376	1024.778
789.710	926.222
790.044	890.556
790.378	897.000
790.712	921.889
791.046	942.222
791.380	925.000
791.714	906.778
792.048	904.889
792.382	901.667
792.716	908.667
793.050	897.333
793.384	822.889
793.718	733.333
794.051	700.000
794.385	728.667
794.718	787.444
795.052	879.333
795.385	965.444
795.719	1003.444
796.052	1021.000
796.386	1046.000
796.719	1065.333
797.052	1045.222
797.385	992.000
797.719	913.444
798.052	798.444
798.385	698.556
798.718	649.333
799.051	632.444
799.384	627.889
799.716	624.667
800.049	622.556
800.382	622.333
800.715	649.778
801.048	705.000
801.380	766.222
801.713	820.667
802.045	848.667
802.378	856.333
802.710	874.222
803.043	923.889
803.375	1001.444
803.707	1070.000
804.040	1117.000
804.372	1120.444
804.704	1097.667
805.036	1099.444
805.368	1139.889
805.700	1207.000
806.032	1258.778
806.364	1266.444
806.696	1236.111
807.028	1186.000
807.360	1183.222
807.692	1245.778
808.023	1304.444
808.355	1310.111
808.687	1262.444
809.018	1215.889
809.350	1220.444
809.681	1331.444
810.013	1576.222
810.344	1827.889
810.676	1946.222
811.007	2020.111
811.338	2138.444
811.669	2256.111
812.001	2352.222
812.332	2456.667
812.663	2510.333
812.994	2401.556
813.325	2229.222
813.656	2140.333
813.987	2091.667
814.317	1997.111
814.648	1921.333
814.979	1878.444
815.310	1772.111
815.640	1598.556
815.971	1453.444
816.301	1339.889
816.632	1222.444
816.962	1097.333
817.293	1006.333
817.623	928.333
817.954	851.556
818.284	846.333
818.614	991.000
818.944	1225.889
819.274	1452.556
819.605	1695.556
819.935	2018.556
820.265	2380.333
820.595	2709.778
820.924	3032.556
821.254	3338.889
821.584	3466.333
821.914	3401.444
822.244	3298.222
822.573	3193.333
822.903	3011.111
823.233	2745.333
823.562	2466.889
823.892	2176.111
824.221	1842.778
824.550	1557.000
824.880	1416.222
825.209	1379.000
825.538	1329.667
825.868	1237.444
826.197	1167.111
826.526	1129.111
826.855	1091.111
827.184	1056.111
827.513	1049.000
827.842	1063.556
828.171	1057.000
828.500	1083.111
828.828	1260.444
829.157	1615.444
829.486	1980.667
829.815	2348.444
830.143	2722.889
830.472	3060.000
830.800	3225.222
831.129	3290.111
831.457	3331.333
831.786	3382.667
832.114	3335.667
832.442	3193.000
832.770	2931.222
833.099	2626.333
833.427	2340.000
833.755	2180.333
834.083	2079.222
834.411	1996.111
834.739	1814.111
835.067	1537.556
835.395	1329.000
835.723	1249.222
836.050	1248.111
836.378	1242.333
836.706	1210.111
837.033	1201.889
837.361	1264.111
837.689	1364.556
838.016	1463.444
838.344	1552.556
838.671	1640.556
838.998	1684.556
839.326	1689.111
839.653	1689.000
839.980	1719.778
840.307	1732.889
840.634	1692.000
840.961	1629.778
841.289	1581.333
841.615	1548.222
841.942	1515.556
842.269	1492.111
842.596	1465.222
842.923	1404.667
843.250	1282.889
843.576	1171.667
843.903	1131.889
844.230	1207.667
844.556	1442.778
844.883	1721.000
845.209	1916.556
845.536	2052.111
845.862	2223.556
846.188	2502.222
846.515	2790.222
846.841	3005.111
847.167	3152.889
847.493	3196.222
847.819	3156.778
848.146	3090.556
848.472	3013.667
848.798	2868.444
849.123	2632.111
849.449	2382.667
849.775	2168.889
850.101	1933.778
850.427	1708.778
850.752	1626.111
851.078	1656.556
851.404	1702.444
851.729	1733.000
852.055	1713.000
852.380	1674.444
852.706	1657.000
853.031	1658.000
853.356	1693.000
853.682	1803.444
854.007	1974.778
854.332	2120.889
854.657	2224.889
854.982	2440.111
855.307	2776.111
855.632	3119.111
855.957	3440.222
856.282	3615.111
856.607	3642.556
856.932	3648.111
857.256	3739.333
857.581	3731.556
857.906	3575.000
858.230	3304.444
858.555	3006.667
858.880	2668.444
859.204	2326.667
859.529	1984.111
859.853	1704.111
860.177	1475.333
860.502	1370.222
860.826	1266.778
861.150	1150.667
861.474	1063.333
861.798	1045.556
862.122	1069.333
862.446	1070.333
862.770	1064.889
863.094	1136.222
863.418	1302.333
863.742	1473.000
864.066	1592.889
864.389	1711.444
864.713	1866.222
865.037	2082.889
865.360	2299.667
865.684	2393.667
866.008	2386.889
866.331	2428.333
866.654	2598.889
866.978	2789.222
867.301	2855.667
867.624	2778.000
867.948	2588.556
868.271	2408.889
868.594	2303.111
868.917	2181.778
869.240	1954.333
869.563	1643.556
869.886	1392.444
870.209	1260.889
870.532	1190.222
870.855	1155.111
871.177	1145.222
871.500	1245.000
871.823	1465.667
872.145	1724.667
872.468	1933.000
872.791	2091.000
873.113	2285.222
873.435	2519.111
873.758	2723.889
874.080	2823.444
874.402	2763.000
874.725	2638.444
875.047	2615.556
875.369	2742.556
875.691	2912.111
876.013	3049.556
876.335	3165.222
876.657	3228.333
876.979	3331.000
877.301	3407.333
877.623	3360.222
877.945	3136.222
878.266	2810.667
878.588	2485.778
878.910	2160.222
879.231	1807.222
879.553	1527.333
879.875	1278.111
880.196	1118.222
880.517	1116.889
880.839	1267.778
881.160	1471.333
881.481	1642.667
881.803	1798.111
882.124	2030.333
882.445	2295.778
882.766	2528.444
883.087	2662.333
883.408	2647.444
883.729	2514.667
884.050	2341.333
884.371	2233.444
884.692	2178.333
885.012	2056.000
885.333	1882.000
885.654	1714.778
885.974	1607.778
886.295	1561.556
886.616	1500.333
886.936	1427.000
887.257	1315.889
887.577	1173.111
887.897	1078.222
888.218	1026.333
888.538	1009.444
888.858	1002.556
889.178	1006.667
889.498	1061.333
889.818	1155.222
890.139	1313.444
890.458	1527.667
890.778	1731.111
891.098	1910.556
891.418	2056.889
891.738	2181.444
892.058	2299.556
892.377	2406.222
892.697	2473.000
893.017	2434.000
893.336	2308.556
893.656	2191.444
893.975	2128.222
894.295	2113.222
894.614	2104.889
894.933	2044.000
895.253	1935.333
895.572	1806.333
895.891	1720.000
896.210	1697.556
896.529	1685.333
896.848	1652.444
897.167	1593.667
897.486	1553.222
897.805	1595.444
898.124	1701.778
898.443	1854.778
898.762	2020.333
899.081	2178.333
899.399	2334.444
899.718	2510.667
900.036	2735.778
900.355	2977.778
900.673	3184.222
900.992	3344.778
901.310	3462.778
901.629	3532.444
901.947	3546.333
902.265	3499.222
902.583	3409.444
902.902	3277.889
903.220	3104.889
903.538	2896.111
903.856	2662.000
904.174	2430.667
904.492	2229.000
904.810	2028.889
905.128	1845.667
905.445	1661.444
905.763	1497.889
906.081	1411.778
906.398	1442.556
906.716	1551.333
907.034	1707.889
907.351	1864.667
907.669	2005.333
907.986	2094.333
908.304	2135.667
908.621	2140.333
908.938	2101.667
909.255	2006.222
909.573	1896.000
909.890	1751.000
910.207	1607.889
910.524	1501.444
910.841	1457.444
911.158	1436.111
911.475	1393.111
911.792	1327.111
912.109	1240.444
912.425	1142.111
912.742	1053.778
913.059	966.889
913.375	877.111
913.692	772.000
914.009	678.333
914.325	617.222
914.641	571.222
914.958	542.778
915.274	536.889
915.591	573.889
915.907	672.667
916.223	809.444
916.539	950.000
916.855	1069.889
917.172	1168.556
917.488	1263.556
917.804	1356.333
918.119	1435.667
918.435	1522.111
918.751	1613.333
919.067	1709.667
919.383	1818.111
919.698	1943.111
920.014	2043.889
920.330	2113.444
920.645	2156.222
920.961	2188.111
921.276	2173.222
921.592	2061.556
921.907	1882.333
922.223	1679.667
922.538	1486.000
922.853	1340.667
923.168	1226.222
923.483	1133.111
923.799	1077.222
924.114	1070.778
924.429	1170.889
924.744	1351.000
925.059	1534.667
925.373	1716.889
925.688	1936.333
926.003	2225.000
926.318	2583.889
926.632	2908.778
926.947	3164.333
927.262	3296.556
927.576	3338.889
927.891	3367.222
928.205	3369.556
928.520	3288.111
928.834	3123.556
929.148	2878.556
929.463	2613.889
929.777	2346.889
930.091	2104.444
930.405	1876.333
930.719	1659.222
931.033	1454.778
931.347	1285.889
931.661	1141.222
931.975	1011.111
932.289	914.111
932.603	855.000
932.917	821.444
933.230	822.889
933.544	845.444
933.858	889.778
934.171	948.222
934.485	1007.444
934.798	1084.556
935.112	1172.667
935.425	1239.667
935.738	1301.111
936.052	1343.000
936.365	1363.556
936.678	1383.556
936.991	1390.333
937.305	1383.222
937.618	1377.778
937.931	1351.778
938.244	1330.222
938.556	1337.000
938.869	1344.889
939.182	1351.778
939.495	1349.222
939.808	1322.000
940.120	1296.111
940.433	1258.111
940.746	1204.000
941.058	1157.556
941.371	1095.444
941.683	1030.111
941.996	1000.111
942.308	974.889
942.620	981.889
942.933	1022.111
943.245	1052.000
943.557	1098.444
943.869	1155.333
944.181	1207.889
944.493	1296.000
944.805	1410.667
945.117	1551.222
945.429	1736.111
945.741	1907.778
946.053	2055.111
946.365	2173.111
946.676	2235.778
946.988	2251.000
947.300	2230.222
947.611	2156.889
947.923	2058.222
948.234	1920.889
948.546	1761.556
948.857	1618.333
949.169	1501.667
949.480	1405.889
949.791	1362.444
950.102	1340.222
950.413	1316.778
950.725	1293.222
951.036	1267.556
951.347	1244.444
951.658	1240.000
951.969	1251.222
952.280	1300.111
952.590	1380.556
952.901	1464.111
953.212	1546.000
953.523	1636.889
953.833	1709.444
954.144	1769.556
954.454	1798.778
954.765	1776.111
955.075	1700.778
955.386	1582.556
955.696	1450.444
956.007	1339.333
956.317	1251.556
956.627	1175.667
956.937	1136.778
957.247	1135.222
957.558	1149.000
957.868	1188.556
958.178	1223.111
958.488	1233.333
958.797	1226.222
959.107	1182.556
959.417	1131.667
959.727	1076.778
960.037	1008.889
960.346	960.222
960.656	942.444
960.966	948.111
961.275	974.333
961.585	1030.000
961.894	1085.111
962.203	1137.778
962.513	1185.111
962.822	1207.556
963.131	1207.889
963.441	1178.444
963.750	1121.111
964.059	1060.444
964.368	984.000
964.677	899.333
964.986	824.556
965.295	749.333
965.604	711.778
965.913	675.556
966.221	644.222
966.530	623.778
966.839	610.111
967.148	590.111
967.456	581.222
967.765	570.000
968.073	547.444
968.382	501.889
968.690	473.556
968.999	448.889
969.307	431.778
969.615	432.778
969.924	450.333
970.232	481.778
970.540	537.556
970.848	610.444
971.156	699.111
971.464	809.333
971.772	928.222
972.080	1052.444
972.388	1174.000
972.696	1277.556
973.003	1352.556
973.311	1399.667
973.619	1410.778
973.926	1390.667
974.234	1346.556
974.542	1273.889
974.849	1182.444
975.157	1091.222
975.464	995.889
975.771	927.111
976.079	885.778
976.386	859.222
976.693	858.222
977.000	880.778
977.307	906.222
977.615	946.556
977.922	993.222
978.229	1042.000
978.536	1091.778
978.842	1139.889
979.149	1187.556
979.456	1218.000
979.763	1230.889
980.070	1234.444
980.376	1227.222
980.683	1209.000
980.989	1189.333
981.296	1161.000
981.602	1123.000
981.909	1080.111
982.215	1045.000
982.522	1010.556
982.828	980.333
983.134	947.333
983.440	902.444
983.746	850.000
984.053	794.111
984.359	727.667
984.665	663.222
984.971	600.000
985.277	533.111
985.582	478.444
985.888	431.333
986.194	391.333
986.500	371.111
986.805	360.667
987.111	361.444
987.417	371.889
987.722	386.333
988.028	409.556
988.333	431.444
988.639	451.444
988.944	478.444
989.249	498.000
989.555	517.000
989.860	546.222
990.165	582.111
990.470	625.444
990.775	678.111
991.080	738.111
991.385	797.000
991.690	863.889
991.995	936.111
992.300	998.889
992.605	1068.667
992.910	1144.556
993.214	1192.000
993.519	1226.444
993.824	1264.222
994.128	1289.444
994.433	1317.778
994.737	1355.444
995.042	1381.778
995.346	1394.333
995.650	1409.111
995.955	1424.778
996.259	1435.111
996.563	1457.000
996.867	1473.889
997.171	1476.889
997.476	1474.667
997.780	1459.222
998.083	1434.444
998.387	1411.889
998.691	1382.444
998.995	1345.222
999.299	1300.111
999.603	1255.778
999.906	1194.000
1000.210	1133.000
1000.514	1083.222
1000.817	1023.778
1001.121	966.778
1001.424	927.222
1001.728	881.222
1002.031	822.667
1002.334	775.000
1002.638	725.556
1002.941	674.556
1003.244	639.778
1003.547	604.778
1003.850	551.111
1004.153	504.667
1004.456	468.111
1004.759	434.444
1005.062	414.111
1005.365	406.444
1005.668	394.000
1005.971	387.667
1006.273	383.778
1006.576	379.222
1006.879	378.222
1007.181	379.222
1007.484	383.222
1007.786	398.333
1008.089	411.667
1008.391	419.333
1008.693	429.778
1008.996	444.667
1009.298	456.222
1009.600	474.222
1009.902	500.556
1010.204	513.333
1010.507	520.222
1010.809	535.778
1011.111	546.222
1011.412	549.889
1011.714	567.667
1012.016	587.333
1012.318	603.556
1012.620	631.444
1012.921	655.667
1013.223	665.444
1013.525	682.222
1013.826	706.889
1014.128	723.778
1014.429	743.667
1014.731	762.333
1015.032	762.444
1015.333	759.667
1015.635	769.889
1015.936	771.667
1016.237	761.556
1016.538	760.556
1016.839	755.889
1017.140	738.000
1017.441	727.333
1017.742	720.556
1018.043	693.889
1018.344	665.667
1018.645	642.000
1018.946	613.778
1019.246	576.333
1019.547	545.444
1019.848	505.889
1020.148	468.444
1020.449	435.000
1020.749	401.111
1021.050	367.778
1021.350	343.222
1021.651	318.000
1021.951	295.778
1022.251	279.889
1022.551	269.444
1022.852	255.111
1023.152	246.333
1023.452	241.556
1023.752	238.556
1024.052	240.222
1024.352	247.000
1024.652	256.556
1024.952	275.556
1025.251	295.222
1025.551	308.333
1025.851	326.333
1026.150	348.111
1026.450	365.222
1026.750	380.667
1027.049	402.000
1027.349	412.444
1027.648	413.444
1027.947	421.556
1028.247	434.889
1028.546	435.556
1028.845	440.444
1029.144	448.556
1029.444	449.111
1029.743	444.667
1030.042	455.333
1030.341	458.556
1030.640	453.778
1030.939	458.444
1031.238	463.778
1031.536	458.222
1031.835	461.222
1032.134	472.222
1032.433	470.556
1032.731	469.444
1033.030	477.667
1033.328	473.556
1033.627	463.333
1033.925	467.000
1034.224	468.444
1034.522	465.111
1034.820	458.556
1035.119	458.667
1035.417	443.333
1035.715	427.000
1036.013	421.889
1036.311	407.667
1036.609	387.444
1036.907	372.556
1037.205	350.667
1037.503	327.667
1037.801	309.111
1038.099	292.889
1038.397	272.667
1038.694	256.111
1038.992	243.778
1039.290	229.222
1039.587	215.889
1039.885	208.667
1040.182	200.000
1040.479	189.333
1040.777	187.111
1041.074	185.444
1041.372	180.556
1041.669	181.111
1041.966	187.667
1042.263	193.556
1042.560	201.556
1042.857	221.556
1043.154	241.667
1043.451	261.111
1043.748	295.000
1044.045	335.444
1044.342	363.222
1044.639	397.667
1044.935	444.889
1045.232	482.556
1045.529	511.778
1045.825	551.000
1046.122	582.000
1046.418	598.444
1046.715	628.667
1047.011	669.000
1047.308	687.889
1047.604	704.556
1047.900	738.667
1048.197	758.222
1048.493	755.444
1048.789	773.222
1049.085	784.333
1049.381	768.667
1049.677	760.222
1049.973	768.111
1050.269	758.778
1050.565	731.222
1050.860	734.000
1051.156	732.000
1051.452	703.111
1051.748	686.778
1052.043	680.778
1052.339	654.889
1052.634	622.333
1052.930	596.889
1053.225	567.667
1053.521	516.667
1053.816	485.222
1054.111	462.778
1054.407	429.667
1054.702	391.667
1054.997	362.556
1055.292	329.333
1055.587	293.111
1055.882	266.667
1056.177	244.667
1056.472	218.667
1056.767	195.778
1057.062	178.556
1057.357	164.000
1057.651	151.667
1057.946	145.556
1058.241	141.333
1058.535	136.444
1058.830	135.000
1059.124	136.333
1059.419	135.444
1059.713	138.778
1060.008	144.111
1060.302	149.556
1060.596	153.111
1060.890	162.556
1061.185	173.667
1061.479	179.333
1061.773	187.333
1062.067	205.778
1062.361	218.778
1062.655	225.556
1062.949	243.111
1063.243	262.556
1063.536	270.778
1063.830	280.222
1064.124	304.333
1064.418	320.667
1064.711	324.000
1065.005	338.889
1065.298	360.889
1065.592	360.333
1065.885	361.889
1066.179	378.333
1066.472	387.556
1066.765	379.778
1067.058	384.556
1067.352	391.333
1067.645	377.889
1067.938	364.889
1068.231	368.333
1068.524	364.222
1068.817	345.222
1069.110	337.111
1069.403	336.778
1069.696	317.667
1069.989	303.333
1070.281	303.222
1070.574	293.778
1070.867	277.000
1071.159	264.222
1071.452	257.778
1071.744	241.667
1072.037	222.556
1072.329	212.111
1072.622	198.889
1072.914	180.444
1073.206	165.444
1073.498	154.667
1073.791	145.111
1074.083	132.444
1074.375	125.333
1074.667	117.444
1074.959	110.778
1075.251	105.000
1075.543	101.889
1075.835	100.444
1076.126	97.556
1076.418	94.889
1076.710	94.889
1077.002	93.111
1077.293	94.222
1077.585	95.667
1077.876	97.778
1078.168	99.333
1078.459	102.333
1078.751	105.556
1079.042	106.556
1079.333	110.000
1079.625	112.889
1079.916	113.222
1080.207	115.333
1080.498	117.000
1080.789	118.778
1081.080	119.222
1081.371	120.111
1081.662	122.222
1081.953	122.222
1082.244	122.333
1082.535	124.000
1082.826	124.222
1083.116	122.556
1083.407	121.222
1083.698	119.778
1083.988	117.111
1084.279	114.222
1084.569	111.111
1084.859	108.556
1085.150	105.889
1085.440	103.333
1085.730	103.667
1086.021	103.333
1086.311	102.556
1086.601	104.000
1086.891	105.667
1087.181	106.556
1087.471	106.556
1087.761	108.222
1088.051	110.000
1088.341	109.000
1088.631	110.333
1088.921	113.333
1089.210	112.000
1089.500	110.000
1089.790	109.889
1090.079	111.111
1090.369	110.111
1090.658	108.222
1090.948	108.667
1091.237	105.556
1091.526	100.778
1091.816	100.667
1092.105	99.889
1092.394	97.444
1092.683	93.556
1092.973	90.889
1093.262	88.556
1093.551	84.556
1093.840	82.778
1094.129	81.333
1094.417	79.111
1094.706	78.556
1094.995	77.667
1095.284	77.333
1095.573	77.333
1095.861	76.333
1096.150	76.778
1096.438	77.889
1096.727	78.889
1097.016	78.222
1097.304	78.111
1097.592	79.333
1097.881	81.000
1098.169	80.667
1098.457	83.556
1098.745	85.667
1099.034	85.111
1099.322	87.889
