520.430	0.000
520.800	0.000
521.169	57.000
521.539	55.000
521.909	60.000
522.278	74.000
522.648	61.000
523.017	67.000
523.387	73.000
523.756	55.000
524.125	59.000
524.494	73.000
524.864	59.000
525.233	69.000
525.602	66.000
525.971	67.000
526.340	60.000
526.709	66.000
527.078	65.000
527.447	75.000
527.816	108.000
528.185	265.778
528.553	400.222
528.922	511.556
529.291	605.556
529.659	696.778
530.028	773.778
530.396	846.556
530.765	913.778
531.133	934.222
531.502	840.444
531.870	776.333
532.238	754.778
532.606	784.111
532.975	861.667
533.343	988.778
533.711	1158.333
534.079	1385.556
534.447	1668.556
534.815	1990.333
535.183	2328.111
535.551	2646.667
535.919	2913.889
536.286	3125.111
536.654	3309.889
537.022	3421.000
537.389	3438.889
537.757	3381.556
538.125	3221.444
538.492	2966.000
538.859	2667.333
539.227	2350.667
539.594	2022.778
539.961	1676.667
540.329	1368.333
540.696	1116.111
541.063	898.889
541.430	765.778
541.797	733.000
542.164	760.111
542.531	856.000
542.898	1014.889
543.265	1229.889
543.632	1443.556
543.999	1669.444
544.366	1923.111
544.732	2141.000
545.099	2335.444
545.466	2518.778
545.832	2700.333
546.199	2804.333
546.565	2833.000
546.932	2813.778
547.298	2696.778
547.664	2509.333
548.031	2299.444
548.397	2056.667
548.763	1804.333
549.129	1515.222
549.495	1280.556
549.861	1100.778
550.227	996.222
550.593	986.778
550.959	1019.111
551.325	1128.667
551.691	1294.889
552.057	1454.556
552.422	1629.889
552.788	1771.778
553.154	1864.667
553.519	1906.222
553.885	1907.556
554.250	1855.444
554.616	1771.444
554.981	1681.000
555.347	1624.333
555.712	1551.222
556.077	1498.000
556.443	1451.111
556.808	1414.889
557.173	1375.000
557.538	1375.556
557.903	1341.333
558.268	1281.444
558.633	1200.333
558.998	1120.111
559.363	1046.222
559.727	1013.333
560.092	1027.000
560.457	1095.667
560.822	1233.778
561.186	1410.222
561.551	1642.333
561.915	1917.222
562.280	2172.556
562.644	2403.444
563.009	2621.333
563.373	2725.000
563.737	2786.333
564.102	2745.778
564.466	2607.333
564.830	2392.000
565.194	2113.444
565.558	1843.556
565.922	1576.889
566.286	1292.111
566.650	1090.444
567.014	899.778
567.378	762.333
567.741	719.889
568.105	736.222
568.469	811.778
568.833	916.333
569.196	1066.111
569.560	1267.000
569.923	1493.000
570.287	1765.444
570.650	2070.111
571.013	2350.111
571.377	2624.000
571.740	2868.444
572.103	3027.778
572.466	3134.889
572.830	3161.889
573.193	3102.889
573.556	2998.667
573.919	2804.444
574.282	2589.556
574.645	2342.667
575.007	2073.222
575.370	1883.667
575.733	1739.333
576.096	1638.111
576.458	1596.000
576.821	1573.667
577.184	1572.778
577.546	1619.889
577.909	1683.111
578.271	1728.000
578.633	1767.444
578.996	1789.000
579.358	1789.444
579.720	1826.222
580.083	1836.778
580.445	1855.222
580.807	1899.000
581.169	1914.778
581.531	1981.222
581.893	2059.889
582.255	2091.556
582.617	2141.000
582.979	2142.556
583.340	2106.222
583.702	2054.556
584.064	1929.556
584.425	1795.333
584.787	1649.889
585.149	1456.444
585.510	1292.667
585.872	1119.556
586.233	956.667
586.594	848.000
586.956	770.444
587.317	750.444
587.678	787.000
588.039	817.333
588.401	919.667
588.762	1043.667
589.123	1190.000
589.484	1358.444
589.845	1510.000
590.206	1605.333
590.566	1674.778
590.927	1683.111
591.288	1691.444
591.649	1655.111
592.009	1568.667
592.370	1469.444
592.731	1315.667
593.091	1164.000
593.452	1055.667
593.812	946.000
594.172	876.889
594.533	822.778
594.893	774.556
595.253	790.444
595.614	789.111
595.974	828.333
596.334	891.556
596.694	939.778
597.054	1022.667
597.414	1081.556
597.774	1140.667
598.134	1188.333
598.494	1194.222
598.853	1215.778
599.213	1207.111
599.573	1184.778
599.932	1179.556
600.292	1124.556
600.652	1103.444
601.011	1047.222
601.371	1014.333
601.730	1021.444
602.089	1006.667
602.449	1012.556
602.808	1011.889
603.167	999.333
603.526	1013.333
603.886	990.889
604.245	991.889
604.604	959.556
604.963	906.778
605.322	879.667
605.681	854.222
606.040	851.333
606.398	880.000
606.757	921.444
607.116	1002.889
607.475	1072.444
607.833	1221.111
608.192	1318.333
608.550	1397.889
608.909	1463.222
609.267	1474.444
609.626	1470.667
609.984	1419.111
610.342	1353.667
610.701	1286.000
611.059	1173.222
611.417	1107.556
611.775	1035.667
612.133	996.778
612.491	974.778
612.849	996.444
613.207	1054.889
613.565	1148.778
613.923	1265.778
614.281	1349.444
614.638	1468.667
614.996	1589.333
615.354	1721.444
615.711	1856.222
616.069	1927.333
616.427	2062.444
616.784	2143.667
617.141	2275.889
617.499	2377.667
617.856	2425.000
618.213	2470.111
618.571	2427.222
618.928	2444.000
619.285	2410.667
619.642	2307.556
619.999	2169.556
620.356	1955.667
620.713	1786.333
621.070	1619.444
621.427	1485.556
621.784	1383.667
622.141	1245.556
622.497	1159.222
622.854	1102.556
623.211	1096.222
623.567	1104.000
623.924	1111.111
624.280	1136.889
624.637	1176.889
624.993	1216.778
625.349	1253.556
625.706	1282.222
626.062	1324.111
626.418	1380.333
626.774	1452.667
627.131	1551.222
627.487	1609.333
627.843	1664.778
628.199	1700.222
628.555	1763.333
628.911	1791.667
629.266	1767.222
629.622	1681.000
629.978	1542.333
630.334	1364.778
630.689	1207.000
631.045	1019.222
631.401	869.000
631.756	685.000
632.112	571.111
632.467	477.111
632.822	437.222
633.178	447.778
633.533	504.778
633.888	557.778
634.243	624.889
634.599	679.556
634.954	717.111
635.309	722.000
635.664	710.889
636.019	686.222
636.374	659.333
636.729	615.444
637.083	607.000
637.438	590.333
637.793	596.667
638.148	620.222
638.502	659.000
638.857	726.889
639.211	772.667
639.566	803.667
639.920	821.889
640.275	848.333
640.629	867.889
640.983	910.556
641.338	918.667
641.692	950.000
642.046	945.333
642.400	958.778
642.754	954.556
643.108	949.000
643.462	927.111
643.816	909.444
644.170	875.333
644.524	847.333
644.878	795.556
645.232	744.000
645.585	700.222
645.939	665.889
646.293	646.111
646.646	624.333
647.000	631.000
647.353	630.889
647.707	681.000
648.060	736.444
648.413	838.222
648.767	981.000
649.120	1146.778
649.473	1286.778
649.826	1414.889
650.179	1516.333
650.533	1606.889
650.885	1683.667
651.239	1745.000
651.591	1758.222
651.944	1696.556
652.297	1582.556
652.650	1455.000
653.003	1320.222
653.355	1169.333
653.708	1018.667
654.061	855.333
654.413	724.000
654.766	601.222
655.118	511.778
655.471	455.222
655.823	443.444
656.175	452.333
656.528	510.778
656.880	563.556
657.232	624.111
657.584	670.556
657.936	776.667
658.288	883.889
658.640	1029.778
658.992	1131.111
659.344	1233.667
659.696	1262.333
660.048	1337.556
660.400	1398.111
660.751	1491.556
661.103	1485.444
661.455	1471.889
661.806	1401.444
662.158	1378.889
662.509	1332.889
662.861	1328.222
663.212	1253.111
663.563	1173.667
663.915	1038.778
664.266	944.333
664.617	839.667
664.968	752.333
665.319	641.000
665.670	551.333
666.021	453.444
666.372	398.111
666.723	358.444
667.074	355.667
667.425	360.333
667.776	392.556
668.127	441.222
668.477	544.778
668.828	644.667
669.179	796.889
669.529	906.667
669.880	979.889
670.230	1013.889
670.581	1040.889
670.931	1053.556
671.281	1062.889
671.632	1041.444
671.982	1021.333
672.332	958.556
672.682	894.333
673.032	841.667
673.382	799.556
673.732	764.889
674.082	744.111
674.432	737.111
674.782	701.333
675.132	686.222
675.482	648.000
675.831	665.778
676.181	686.556
676.531	755.222
676.880	817.444
677.230	896.111
677.579	931.556
677.929	964.556
678.278	969.556
678.628	989.000
678.977	999.000
679.326	1009.222
679.675	992.667
680.024	966.667
680.374	926.333
680.723	885.444
681.072	878.000
681.421	854.778
681.770	856.222
682.119	830.556
682.467	820.222
682.816	796.000
683.165	756.333
683.514	689.333
683.862	638.778
684.211	569.111
684.559	521.000
684.908	463.222
685.256	422.889
685.605	394.333
685.953	368.333
686.302	380.667
686.650	391.333
686.998	395.889
687.346	393.000
687.694	386.333
688.043	374.444
688.391	376.000
688.739	376.333
689.087	379.667
689.435	383.000
689.782	381.667
690.130	402.333
690.478	418.667
690.826	438.667
691.173	448.667
691.521	450.000
691.869	450.333
692.216	478.556
692.564	518.111
692.911	554.444
693.259	600.333
693.606	657.222
693.953	777.444
694.300	934.000
694.648	1148.333
694.995	1375.889
695.342	1523.444
695.689	1671.778
696.036	1784.444
696.383	1913.889
696.730	1966.333
697.077	1938.111
697.424	1844.556
697.771	1660.444
698.117	1452.333
698.464	1270.000
698.811	1060.111
699.157	906.000
699.504	729.444
699.850	620.556
700.197	536.778
700.543	499.222
700.890	509.000
701.236	544.889
701.582	574.556
701.929	620.667
702.275	662.111
702.621	688.111
702.967	723.667
703.313	737.778
703.659	744.889
704.005	740.778
704.351	731.000
704.697	749.778
705.043	792.889
705.388	852.333
705.734	920.000
706.080	1002.333
706.426	1054.222
706.771	1113.778
707.117	1125.667
707.462	1097.111
707.808	1073.889
708.153	1002.667
708.498	924.444
708.844	827.000
709.189	711.111
709.534	635.667
709.879	551.556
710.225	521.889
710.570	513.111
710.915	531.778
711.260	542.333
711.605	545.667
711.950	558.444
712.294	590.000
712.639	651.333
712.984	710.889
713.329	786.111
713.673	841.889
714.018	908.556
714.363	998.111
714.707	1075.667
715.052	1172.889
715.396	1206.667
715.740	1229.556
716.085	1239.889
716.429	1188.889
716.773	1166.111
717.117	1076.222
717.462	993.000
717.806	907.111
718.150	787.667
718.494	715.111
718.838	621.889
719.182	549.333
719.526	511.778
719.869	458.444
720.213	444.111
720.557	421.222
720.901	446.778
721.244	488.333
721.588	559.667
721.932	670.556
722.275	726.889
722.618	814.889
722.962	864.333
723.305	885.667
723.649	892.556
723.992	855.667
724.335	817.667
724.678	753.111
725.021	659.889
725.365	630.111
725.708	559.111
726.051	544.444
726.393	537.222
726.736	529.444
727.079	537.333
727.422	522.222
727.765	499.556
728.108	466.222
728.450	410.889
728.793	362.333
729.135	303.333
729.478	262.778
729.820	238.667
730.163	223.889
730.505	250.667
730.848	282.778
731.190	342.889
731.532	407.667
731.874	456.333
732.217	503.333
732.559	531.333
732.901	551.889
733.243	555.556
733.585	526.444
733.927	490.778
734.269	430.889
734.610	375.444
734.952	346.333
735.294	318.000
735.636	305.778
735.977	302.000
736.319	296.222
736.660	301.556
737.002	312.333
737.343	329.556
737.685	356.222
738.026	372.667
738.368	397.889
738.709	431.889
739.050	447.556
739.391	465.000
739.732	479.889
740.073	498.333
740.415	525.556
740.756	537.000
741.096	569.444
741.437	595.444
741.778	597.889
742.119	620.444
742.460	620.222
742.801	606.111
743.141	582.444
743.482	538.000
743.823	497.444
744.163	441.444
744.504	383.778
744.844	344.111
745.184	300.333
745.525	286.889
745.865	302.222
746.205	309.889
746.545	322.556
746.886	337.000
747.226	339.556
747.566	348.333
747.906	354.667
748.246	345.889
748.586	332.222
748.926	312.667
749.266	309.111
749.605	309.000
749.945	305.333
750.285	310.333
750.624	316.556
750.964	309.111
751.304	319.444
751.643	334.111
751.983	343.111
752.322	358.778
752.661	364.111
753.001	356.000
753.340	352.444
753.679	335.333
754.018	324.667
754.358	316.000
754.697	302.000
755.036	289.444
755.375	269.333
755.714	253.333
756.053	254.778
756.392	261.111
756.730	269.000
757.069	289.000
757.408	318.667
757.747	344.556
758.085	370.333
758.424	397.667
758.762	411.778
759.101	424.556
759.439	442.889
759.778	463.889
760.116	505.556
760.454	562.111
760.793	599.222
761.131	645.889
761.469	677.000
761.807	689.556
762.145	686.778
762.483	660.111
762.821	637.000
763.159	599.111
763.497	530.111
763.835	476.222
764.173	415.667
764.510	364.333
764.848	345.556
765.186	351.667
765.523	363.444
765.861	372.556
766.198	384.222
766.536	391.111
766.873	393.111
767.211	394.444
767.548	390.778
767.885	389.333
768.223	381.889
768.560	375.556
768.897	364.667
769.234	341.556
769.571	319.444
769.908	317.667
770.245	323.778
770.582	334.889
770.919	351.444
771.256	368.333
771.593	378.667
771.929	387.000
772.266	393.444
772.603	401.444
772.939	405.444
773.276	410.667
773.612	420.222
773.949	426.444
774.285	439.667
774.622	454.889
774.958	464.556
775.294	473.889
775.630	480.333
775.966	478.444
776.303	466.667
776.639	453.778
776.975	435.778
777.311	417.667
777.647	404.222
777.983	390.889
778.318	372.444
778.654	359.556
778.990	356.222
779.326	371.222
779.661	412.778
779.997	450.111
780.333	482.444
780.668	540.333
781.004	594.111
781.339	624.444
781.674	652.889
782.010	673.556
782.345	679.222
782.680	668.889
783.016	662.111
783.351	630.778
783.686	584.889
784.021	557.556
784.356	544.111
784.691	542.111
785.026	552.444
785.361	547.333
785.695	524.222
786.030	512.444
786.365	510.778
786.700	493.556
787.034	471.000
787.369	471.889
787.703	468.333
788.038	465.111
788.372	509.000
788.707	586.111
789.041	637.333
789.376	700.444
789.710	792.111
790.044	866.889
790.378	936.333
790.712	1049.444
791.046	1169.778
791.380	1239.111
791.714	1293.000
792.048	1347.333
792.382	1354.333
792.716	1315.333
793.050	1290.778
793.384	1257.000
793.718	1172.667
794.051	1071.111
794.385	968.000
794.718	837.556
795.052	717.333
795.385	641.222
795.719	585.000
796.052	533.333
796.386	484.111
796.719	439.000
797.052	417.889
797.385	423.333
797.719	446.556
798.052	489.889
798.385	550.333
798.718	608.222
799.051	663.222
799.384	735.444
799.716	845.111
800.049	976.222
800.382	1085.111
800.715	1178.333
801.048	1249.889
801.380	1275.333
801.713	1274.889
802.045	1273.889
802.378	1255.889
802.710	1194.000
803.043	1080.889
803.375	974.000
803.707	886.333
804.040	847.778
804.372	860.000
804.704	893.000
805.036	935.222
805.368	975.333
805.700	997.000
806.032	1007.000
806.364	1014.778
806.696	1015.667
807.028	961.778
807.360	880.333
807.692	811.778
808.023	746.667
808.355	697.222
808.687	694.556
809.018	737.444
809.350	806.556
809.681	894.556
810.013	998.111
810.344	1089.889
810.676	1147.778
811.007	1175.778
811.338	1181.444
811.669	1147.556
812.001	1082.222
812.332	1000.556
812.663	908.333
812.994	813.000
813.325	751.333
813.656	746.667
813.987	777.667
814.317	816.000
814.648	911.778
814.979	1066.444
815.310	1223.222
815.640	1342.667
815.971	1458.000
816.301	1537.889
816.632	1553.556
816.962	1547.222
817.293	1583.889
817.623	1609.778
817.954	1568.556
818.284	1515.111
818.614	1519.667
818.944	1529.333
819.274	1524.333
819.605	1553.111
819.935	1614.889
820.265	1619.222
820.595	1545.778
820.924	1445.667
821.254	1340.000
821.584	1203.111
821.914	1064.444
822.244	964.778
822.573	891.333
822.903	800.111
823.233	720.000
823.562	721.333
823.892	841.778
824.221	1007.778
824.550	1139.889
824.880	1295.778
825.209	1493.889
825.538	1657.667
825.868	1762.000
826.197	1891.000
826.526	2060.222
826.855	2144.222
827.184	2119.222
827.513	2105.667
827.842	2104.667
828.171	2045.667
828.500	1966.778
828.828	1929.000
829.157	1900.778
829.486	1775.444
829.815	1612.556
830.143	1518.444
830.472	1460.222
830.800	1358.222
831.129	1232.222
831.457	1121.111
831.786	1010.333
832.114	871.333
832.442	757.444
832.770	699.222
833.099	687.889
833.427	701.111
833.755	735.889
834.083	822.444
834.411	1026.111
834.739	1352.000
835.067	1660.333
835.395	1919.444
835.723	2226.667
836.050	2566.556
836.378	2820.222
836.706	2945.444
837.033	3008.111
837.361	3014.222
837.689	2907.889
838.016	2742.222
838.344	2570.222
838.671	2323.667
838.998	1995.111
839.326	1709.111
839.653	1537.778
839.980	1467.111
840.307	1410.556
840.634	1329.333
840.961	1259.333
841.289	1207.667
841.615	1170.556
841.942	1141.333
842.269	1118.667
842.596	1099.444
842.923	1080.556
843.250	1088.889
843.576	1142.000
843.903	1223.667
844.230	1382.444
844.556	1672.444
844.883	1990.333
845.209	2216.556
845.536	2375.111
845.862	2511.111
846.188	2598.222
846.515	2608.000
846.841	2585.000
847.167	2502.111
847.493	2308.556
847.819	2068.667
848.146	1876.000
848.472	1726.889
848.798	1564.889
849.123	1416.667
849.449	1323.556
849.775	1260.111
850.101	1201.000
850.427	1136.778
850.752	1101.889
851.078	1095.111
851.404	1091.333
851.729	1083.444
852.055	1068.111
852.380	1097.111
852.706	1153.889
853.031	1215.111
853.356	1321.333
853.682	1483.667
854.007	1628.333
854.332	1705.556
854.657	1715.000
854.982	1672.556
855.307	1586.778
855.632	1509.333
855.957	1422.556
856.282	1278.444
856.607	1092.000
856.932	967.556
857.256	911.333
857.581	872.667
857.906	849.222
858.230	855.556
858.555	881.222
858.880	908.667
859.204	911.000
859.529	910.778
859.853	939.222
860.177	1019.444
860.502	1109.556
860.826	1162.778
861.150	1231.778
861.474	1423.889
861.798	1758.667
862.122	2096.889
862.446	2321.889
862.770	2513.333
863.094	2755.333
863.418	3008.556
863.742	3171.889
864.066	3171.333
864.389	2990.111
864.713	2692.444
865.037	2438.222
865.360	2271.111
865.684	2048.667
866.008	1742.556
866.331	1479.111
866.654	1366.111
866.978	1351.222
867.301	1331.000
867.624	1281.333
867.948	1213.333
868.271	1175.778
868.594	1177.000
868.917	1171.111
869.240	1132.111
869.563	1088.222
869.886	1119.111
870.209	1229.000
870.532	1354.556
870.855	1462.000
871.177	1598.444
871.500	1872.111
871.823	2210.778
872.145	2549.444
872.468	2795.111
872.791	2885.778
873.113	2936.556
873.435	2983.111
873.758	2989.556
874.080	2872.444
874.402	2566.222
874.725	2196.778
875.047	1839.000
875.369	1568.000
875.691	1393.222
876.013	1201.778
876.335	1004.556
876.657	851.444
876.979	784.556
877.301	753.667
877.623	726.889
877.945	692.222
878.266	664.778
878.588	689.333
878.910	777.444
879.231	870.889
879.553	948.333
879.875	992.556
880.196	1060.556
880.517	1174.556
880.839	1331.111
881.160	1485.000
881.481	1566.778
881.803	1585.556
882.124	1620.556
882.445	1690.000
882.766	1766.222
883.087	1791.000
883.408	1733.111
883.729	1626.667
884.050	1526.778
884.371	1497.222
884.692	1503.889
885.012	1469.222
885.333	1398.333
885.654	1312.222
885.974	1258.222
886.295	1258.111
886.616	1276.333
886.936	1286.111
887.257	1260.667
887.577	1262.444
887.897	1400.444
888.218	1667.556
888.538	1996.333
888.858	2273.222
889.178	2453.444
889.498	2587.000
889.818	2714.556
890.139	2844.778
890.458	2925.111
890.778	2885.111
891.098	2733.889
891.418	2532.222
891.738	2380.556
892.058	2304.000
892.377	2254.111
892.697	2175.778
893.017	2060.778
893.336	1930.444
893.656	1812.556
893.975	1712.000
894.295	1632.444
894.614	1547.889
894.933	1439.222
895.253	1318.778
895.572	1198.444
895.891	1112.000
896.210	1084.444
896.529	1107.222
896.848	1172.444
897.167	1266.556
897.486	1391.778
897.805	1576.000
898.124	1784.778
898.443	2006.778
898.762	2199.667
899.081	2315.111
899.399	2337.778
899.718	2280.889
900.036	2185.556
900.355	2074.667
900.673	1915.667
900.992	1728.667
901.310	1522.000
901.629	1327.556
901.947	1175.444
902.265	1055.444
902.583	963.111
902.902	874.889
903.220	786.778
903.538	729.889
903.856	692.556
904.174	680.444
904.492	689.444
904.810	692.222
905.128	719.889
905.445	763.000
905.763	836.889
906.081	960.778
906.398	1137.556
906.716	1320.333
907.034	1490.778
907.351	1613.333
907.669	1727.000
907.986	1818.889
908.304	1894.222
908.621	1939.111
908.938	1926.333
909.255	1850.222
909.573	1788.000
909.890	1722.222
910.207	1670.889
910.524	1607.444
910.841	1540.778
911.158	1471.889
911.475	1392.222
911.792	1310.000
912.109	1212.222
912.425	1090.222
912.742	994.667
913.059	933.778
913.375	919.556
913.692	942.000
914.009	970.667
914.325	1015.667
914.641	1071.000
914.958	1142.556
915.274	1242.889
915.591	1392.000
915.907	1622.222
916.223	1916.222
916.539	2189.333
916.855	2411.444
917.172	2565.111
917.488	2674.444
917.804	2781.111
918.119	2867.444
918.435	2888.333
918.751	2798.222
919.067	2597.778
919.383	2363.667
919.698	2150.889
920.014	1966.444
920.330	1803.889
920.645	1626.667
920.961	1432.444
921.276	1244.778
921.592	1071.222
921.907	934.778
922.223	851.556
922.538	810.667
922.853	832.556
923.168	905.222
923.483	1029.778
923.799	1200.556
924.114	1378.778
924.429	1551.778
924.744	1704.778
925.059	1806.889
925.373	1868.889
925.688	1898.333
926.003	1893.000
926.318	1875.333
926.632	1826.111
926.947	1753.111
927.262	1660.667
927.576	1542.556
927.891	1430.111
928.205	1336.333
928.520	1240.444
928.834	1150.444
929.148	1041.778
929.463	927.778
929.777	820.222
930.091	731.444
930.405	677.333
930.719	648.222
931.033	623.778
931.347	607.778
931.661	602.667
931.975	608.444
932.289	647.222
932.603	718.667
932.917	796.556
933.230	864.889
933.544	906.444
933.858	933.333
934.171	952.111
934.485	960.222
934.798	965.778
935.112	962.222
935.425	959.889
935.738	984.000
936.052	1028.556
936.365	1077.333
936.678	1123.889
936.991	1153.222
937.305	1166.778
937.618	1165.111
937.931	1139.222
938.244	1083.111
938.556	1007.778
938.869	912.556
939.182	829.556
939.495	761.333
939.808	709.111
940.120	675.889
940.433	657.111
940.746	647.667
941.058	667.444
941.371	709.778
941.683	808.222
941.996	979.000
942.308	1184.778
942.620	1403.222
942.933	1605.333
943.245	1753.444
943.557	1874.222
943.869	1960.000
944.181	2013.444
944.493	2041.111
944.805	2024.000
945.117	1971.889
945.429	1915.667
945.741	1854.111
946.053	1795.444
946.365	1736.778
946.676	1654.444
946.988	1547.222
947.300	1413.111
947.611	1250.222
947.923	1089.444
948.234	937.444
948.546	802.222
948.857	715.889
949.169	666.111
949.480	634.778
949.791	639.444
950.102	657.000
950.413	684.889
950.725	724.556
951.036	754.000
951.347	782.111
951.658	810.333
951.969	828.778
952.280	864.222
952.590	903.333
952.901	945.333
953.212	985.778
953.523	1026.000
953.833	1050.333
954.144	1063.667
954.454	1053.667
954.765	1018.778
955.075	971.778
955.386	914.222
955.696	841.444
956.007	778.111
956.317	716.000
956.627	659.333
956.937	629.000
957.247	629.222
957.558	648.778
957.868	691.889
958.178	738.333
958.488	778.667
958.797	809.667
959.107	819.556
959.417	832.778
959.727	847.222
960.037	841.889
960.346	832.556
960.656	835.889
960.966	844.556
961.275	874.222
961.585	943.778
961.894	1017.889
962.203	1096.222
962.513	1179.556
962.822	1254.222
963.131	1326.444
963.441	1373.444
963.750	1392.333
964.059	1395.333
964.368	1372.333
964.677	1340.889
964.986	1314.333
965.295	1270.889
965.604	1234.000
965.913	1176.778
966.221	1109.333
966.530	1047.111
966.839	998.667
967.148	948.333
967.456	902.222
967.765	853.111
968.073	802.778
968.382	750.667
968.690	735.889
968.999	740.778
969.307	754.889
969.615	774.667
969.924	799.889
970.232	838.667
970.540	894.222
970.848	953.556
971.156	1011.222
971.464	1061.111
971.772	1089.111
972.080	1108.333
972.388	1120.333
972.696	1112.889
973.003	1086.444
973.311	1051.889
973.619	1008.556
973.926	965.778
974.234	929.111
974.542	895.333
974.849	865.667
975.157	844.222
975.464	814.556
975.771	798.778
976.079	790.778
976.386	781.222
976.693	778.000
977.000	792.667
977.307	811.111
977.615	845.333
977.922	888.778
978.229	941.222
978.536	993.556
978.842	1055.556
979.149	1120.000
979.456	1167.556
979.763	1192.000
980.070	1198.222
980.376	1184.667
980.683	1152.778
980.989	1112.222
981.296	1065.667
981.602	1002.222
981.909	933.000
982.215	877.889
982.522	834.222
982.828	802.889
983.134	779.667
983.440	763.556
983.746	755.556
984.053	755.889
984.359	757.889
984.665	757.889
984.971	747.000
985.277	722.111
985.582	693.889
985.888	663.000
986.194	622.889
986.500	583.111
986.805	539.444
987.111	485.444
987.417	445.333
987.722	421.000
988.028	402.222
988.333	398.222
988.639	405.111
988.944	416.333
989.249	430.222
989.555	448.222
989.860	468.222
990.165	481.000
990.470	493.000
990.775	499.778
991.080	504.889
991.385	507.667
991.690	510.889
991.995	516.222
992.300	522.000
992.605	540.111
992.910	565.000
993.214	586.333
993.519	610.556
993.824	631.222
994.128	647.000
994.433	669.889
994.737	691.222
995.042	708.111
995.346	721.111
995.650	740.222
995.955	753.778
996.259	767.667
996.563	791.222
996.867	809.778
997.171	823.000
997.476	845.889
997.780	858.333
998.083	863.889
998.387	871.000
998.691	874.222
998.995	876.333
999.299	876.778
999.603	874.333
999.906	856.444
1000.210	831.111
1000.514	803.556
1000.817	767.333
1001.121	733.556
1001.424	703.000
1001.728	666.111
1002.031	627.222
1002.334	588.889
1002.638	553.333
1002.941	527.889
1003.244	515.333
1003.547	501.333
1003.850	476.556
1004.153	458.333
1004.456	437.778
1004.759	413.333
1005.062	399.778
1005.365	389.000
1005.668	366.778
1005.971	346.111
1006.273	327.889
1006.576	308.222
1006.879	291.333
1007.181	277.778
1007.484	266.222
1007.786	263.111
1008.089	257.333
1008.391	253.444
1008.693	257.889
1008.996	267.778
1009.298	277.889
1009.600	294.889
1009.902	317.556
1010.204	334.667
1010.507	352.333
1010.809	379.889
1011.111	402.222
1011.412	420.333
1011.714	446.556
1012.016	472.667
1012.318	500.778
1012.620	540.556
1012.921	571.333
1013.223	594.778
1013.525	635.667
1013.826	675.556
1014.128	706.667
1014.429	751.889
1014.731	787.889
1015.032	806.556
1015.333	828.667
1015.635	864.667
1015.936	882.667
1016.237	893.111
1016.538	910.222
1016.839	922.000
1017.140	926.111
1017.441	939.222
1017.742	938.000
1018.043	916.778
1018.344	896.000
1018.645	877.333
1018.946	840.000
1019.246	806.222
1019.547	781.111
1019.848	729.667
1020.148	691.444
1020.449	669.556
1020.749	638.000
1021.050	608.778
1021.350	590.000
1021.651	567.556
1021.951	540.111
1022.251	514.889
1022.551	496.444
1022.852	464.778
1023.152	441.000
1023.452	426.222
1023.752	404.556
1024.052	388.222
1024.352	379.333
1024.652	365.333
1024.952	352.111
1025.251	342.111
1025.551	328.556
1025.851	312.000
1026.150	297.667
1026.450	283.889
1026.750	268.889
1027.049	259.556
1027.349	255.000
1027.648	251.222
1027.947	254.556
1028.247	267.778
1028.546	278.222
1028.845	294.222
1029.144	317.000
1029.444	333.556
1029.743	343.778
1030.042	364.778
1030.341	379.222
1030.640	381.444
1030.939	390.000
1031.238	401.556
1031.536	403.444
1031.835	406.889
1032.134	420.889
1032.433	426.111
1032.731	428.222
1033.030	447.444
1033.328	460.889
1033.627	463.333
1033.925	482.222
1034.224	499.000
1034.522	510.667
1034.820	521.889
1035.119	541.222
1035.417	541.667
1035.715	534.333
1036.013	542.778
1036.311	540.889
1036.609	521.333
1036.907	512.222
1037.205	498.333
1037.503	472.889
1037.801	453.556
1038.099	438.556
1038.397	414.667
1038.694	386.667
1038.992	366.333
1039.290	345.889
1039.587	317.778
1039.885	295.222
1040.182	276.556
1040.479	251.778
1040.777	237.556
1041.074	228.889
1041.372	217.111
1041.669	206.778
1041.966	199.667
1042.263	194.667
1042.560	189.222
1042.857	188.667
1043.154	189.111
1043.451	187.111
1043.748	188.444
1044.045	191.778
1044.342	197.333
1044.639	203.444
1044.935	213.111
1045.232	219.333
1045.529	227.111
1045.825	239.778
1046.122	248.222
1046.418	257.333
1046.715	279.444
1047.011	296.444
1047.308	311.222
1047.604	330.556
1047.900	354.889
1048.197	372.000
1048.493	381.333
1048.789	400.778
1049.085	410.333
1049.381	407.889
1049.677	414.444
1049.973	422.444
1050.269	422.000
1050.565	416.333
1050.860	423.778
1051.156	425.333
1051.452	413.556
1051.748	413.889
1052.043	416.556
1052.339	406.333
1052.634	400.778
1052.930	396.333
1053.225	387.333
1053.521	368.111
1053.816	360.333
1054.111	357.778
1054.407	341.778
1054.702	327.444
1054.997	320.111
1055.292	301.556
1055.587	281.889
1055.882	271.333
1056.177	259.333
1056.472	242.000
1056.767	227.889
1057.062	219.333
1057.357	205.778
1057.651	191.556
1057.946	182.556
1058.241	173.222
1058.535	160.778
1058.830	154.444
1059.124	150.222
1059.419	141.778
1059.713	136.556
1060.008	132.667
1060.302	127.667
1060.596	123.444
1060.890	121.222
1061.185	119.444
1061.479	113.778
1061.773	111.556
1062.067	112.556
1062.361	111.556
1062.655	110.444
1062.949	114.222
1063.243	117.778
1063.536	120.222
1063.830	127.778
1064.124	142.222
1064.418	149.667
1064.711	156.222
1065.005	169.000
1065.298	183.889
1065.592	190.222
1065.885	201.222
1066.179	217.444
1066.472	226.333
1066.765	230.889
1067.058	247.000
1067.352	261.889
1067.645	265.333
1067.938	272.667
1068.231	288.333
1068.524	296.000
1068.817	294.889
1069.110	303.111
1069.403	310.111
1069.696	303.778
1069.989	301.222
1070.281	311.000
1070.574	308.222
1070.867	296.556
1071.159	292.444
1071.452	293.111
1071.744	282.778
1072.037	271.000
1072.329	267.000
1072.622	259.222
1072.914	242.667
1073.206	232.444
1073.498	228.444
1073.791	218.889
1074.083	205.333
1074.375	198.444
1074.667	189.000
1074.959	175.000
1075.251	162.889
1075.543	153.222
1075.835	143.000
1076.126	131.111
1076.418	120.667
1076.710	113.111
1077.002	102.889
1077.293	96.556
1077.585	93.556
1077.876	88.778
1078.168	84.556
1078.459	81.444
1078.751	79.556
1079.042	77.444
1079.333	76.556
1079.625	76.889
1079.916	76.333
1080.207	75.556
1080.498	76.111
1080.789	77.889
1081.080	79.667
1081.371	80.778
1081.662	83.222
1081.953	85.222
1082.244	85.444
1082.535	87.222
1082.826	89.889
1083.116	91.333
1083.407	92.111
1083.698	92.889
1083.988	94.333
1084.279	94.444
1084.569	95.222
1084.859	97.667
1085.150	99.000
1085.440	100.444
1085.730	103.667
1086.021	105.889
1086.311	106.444
1086.601	108.111
1086.891	111.111
1087.181	112.667
1087.471	112.000
1087.761	113.111
1088.051	113.667
1088.341	112.889
1088.631	112.667
1088.921	114.556
1089.210	113.000
1089.500	110.444
1089.790	109.222
1090.079	110.111
1090.369	109.000
1090.658	108.222
1090.948	108.556
1091.237	108.111
1091.526	104.667
1091.816	104.111
1092.105	104.556
1092.394	102.889
1092.683	100.222
1092.973	98.333
1093.262	95.000
1093.551	90.556
1093.840	86.667
1094.129	85.000
1094.417	83.000
1094.706	80.556
1094.995	79.556
1095.284	78.000
1095.573	77.222
1095.861	76.111
1096.150	76.111
1096.438	76.889
1096.727	76.333
1097.016	75.111
1097.304	74.667
1097.592	73.889
1097.881	73.778
1098.169	73.000
1098.457	73.889
1098.745	73.889
1099.034	72.111
1099.322	74.556
